ID, Size, Predicted, Actual
0,50,4.140305843239374E-6,NO
1,79,4.148302689934638E-6,NO
2,67,4.135726115523406E-6,NO
3,45,4.147650635684715E-6,NO
4,28,4.202226613580021E-6,NO
5,28,4.202226613580021E-6,NO
6,459,3.882781185802348E-5,YES
7,1472,1.0,YES
8,25,4.222293076101443E-6,NO
9,39,4.157495085584949E-6,NO
10,47,4.147650635684715E-6,NO
11,184,5.101958148133765E-6,NO
12,30,4.184758450986551E-6,NO
13,220,0.04848276285047238,YES
14,50,4.140305843239374E-6,NO
15,82,4.158335449745171E-6,NO
16,41,4.157495085584949E-6,NO
17,245,6.756699677624098E-6,YES
18,227,6.161429829614813E-6,NO
19,363,1.4936685840382877E-5,NO
20,407,2.2778806924108723E-5,NO
21,145,4.580248789547486E-6,NO
22,49,4.140305843239374E-6,NO
23,85,4.170887111775637E-6,NO
24,64,4.133159688699153E-6,NO
25,42,4.157495085584949E-6,NO
26,36,4.169856922909803E-6,NO
27,37,4.169856922909803E-6,NO
28,83,4.158335449745171E-6,NO
29,32,4.184758450986551E-6,NO
30,26,4.202226613580021E-6,NO
31,895,0.6582028849990846,YES
32,376,1.6846481348831688E-5,YES
33,213,3.620968349757314E-5,YES
34,24,4.222293076101443E-6,NO
35,24,4.222293076101443E-6,NO
36,27,4.202226613580021E-6,NO
37,260,0.2692012677160655,YES
38,30,4.184758450986551E-6,NO
39,428,2.876816720337804E-5,NO
40,979,0.4094184998703989,NO
41,123,4.365698291369262E-6,NO
42,562,1.4961797797476316E-4,NO
43,205,5.56495055271245E-6,NO
44,37,4.169856922909803E-6,NO
45,35,4.169856922909803E-6,NO
46,283,8.362048085816962E-6,NO
47,316,1.0398230332080312E-5,NO
48,204,5.56495055271245E-6,NO
49,133,4.4423048899248E-6,NO
50,285,8.362048085816962E-6,NO
51,336,1.1933270319420694E-5,NO
52,701,0.0013970509915370213,NO
53,301,9.43707851395961E-6,NO
54,76,4.148302689934638E-6,NO
55,69,4.135726115523406E-6,NO
56,266,7.480747644768872E-6,NO
57,253,6.9246442783055685E-6,NO
58,217,5.785886311464968E-6,NO
59,100,4.223905315512554E-6,NO
60,191,5.272871220966717E-6,NO
61,476,4.79909117428776E-5,NO
62,95,4.203642385274351E-6,NO
63,551,1.2324801347994926E-4,NO
64,136,4.485134098353007E-6,NO
65,33,4.184758450986551E-6,NO
66,474,4.79909117428776E-5,YES
67,140,4.5310863050906845E-6,YES
68,111,4.27238611794119E-6,YES
69,34,4.184758450986551E-6,NO
70,39,4.157495085584949E-6,NO
71,36,4.169856922909803E-6,NO
72,271,7.68505845587866E-6,YES
73,75,4.1407707610693885E-6,NO
74,57,4.135447498408518E-6,NO
75,124,4.365698291369262E-6,NO
76,59,4.133066871874794E-6,NO
77,32,4.184758450986551E-6,NO
78,25,4.222293076101443E-6,NO
79,53,4.135447498408518E-6,NO
80,53,4.135447498408518E-6,NO
81,88,4.170887111775637E-6,YES
82,107,4.246805964580668E-6,NO
83,133,4.4423048899248E-6,NO
84,169,4.8777576573744565E-6,NO
85,94,4.203642385274351E-6,NO
86,35,4.169856922909803E-6,NO
87,685,0.0010907999394063977,NO
88,162,4.747973248176469E-6,NO
89,39,4.157495085584949E-6,NO
90,79,4.148302689934638E-6,NO
91,85,4.170887111775637E-6,NO
92,110,4.27238611794119E-6,NO
93,111,4.27238611794119E-6,NO
94,53,4.135447498408518E-6,NO
95,52,4.140305843239374E-6,NO
96,159,4.747973248176469E-6,NO
97,524,9.028842318701241E-5,YES
98,183,5.101958148133765E-6,NO
99,215,5.785886311464968E-6,NO
100,76,4.148302689934638E-6,NO
101,563,1.4961797797476316E-4,NO
102,257,7.101010435673895E-6,NO
103,55,4.135447498408518E-6,NO
104,102,4.223905315512554E-6,NO
105,403,2.177880988684344E-5,NO
106,35,4.169856922909803E-6,NO
107,145,4.580248789547486E-6,NO
108,119,4.3317775418543694E-6,NO
109,108,4.27238611794119E-6,NO
110,91,4.185980325210883E-6,NO
111,69,4.135726115523406E-6,NO
112,80,4.148302689934638E-6,NO
113,63,4.133159688699153E-6,NO
114,160,4.747973248176469E-6,NO
115,102,4.223905315512554E-6,NO
116,54,4.135447498408518E-6,NO
117,267,7.480747644768872E-6,NO
118,55,4.135447498408518E-6,NO
119,46,4.147650635684715E-6,NO
120,226,6.03000685309425E-6,NO
121,54,4.135447498408518E-6,NO
122,270,7.68505845587866E-6,NO
123,74,4.1407707610693885E-6,NO
124,359,1.4366651770436642E-5,NO
125,78,4.148302689934638E-6,NO
126,180,5.023096280330332E-6,NO
127,57,4.135447498408518E-6,NO
128,50,4.140305843239374E-6,NO
129,243,6.596773808436918E-6,NO
130,254,7.101010435673895E-6,NO
131,306,9.741332413492915E-6,NO
132,139,4.485134098353007E-6,NO
133,372,1.6174507578941265E-5,NO
134,75,4.1407707610693885E-6,NO
135,222,6.03000685309425E-6,NO
136,61,4.133066871874794E-6,NO
137,98,4.203642385274351E-6,NO
138,28,4.202226613580021E-6,NO
139,55,4.135447498408518E-6,NO
140,194,5.272871220966717E-6,NO
141,28,4.202226613580021E-6,NO
142,50,4.140305843239374E-6,NO
143,55,4.135447498408518E-6,NO
144,124,4.365698291369262E-6,NO
145,87,4.170887111775637E-6,NO
146,65,4.133159688699153E-6,NO
147,140,4.5310863050906845E-6,NO
148,134,4.4423048899248E-6,NO
149,117,4.3317775418543694E-6,NO
150,28,4.202226613580021E-6,NO
151,57,4.135447498408518E-6,NO
152,60,4.133066871874794E-6,NO
153,62,4.133159688699153E-6,NO
154,89,4.170887111775637E-6,NO
155,60,4.133066871874794E-6,NO
156,68,4.135726115523406E-6,NO
157,522,8.49926624560184E-5,NO
158,43,4.157495085584949E-6,NO
159,247,6.756699677624098E-6,NO
160,35,4.169856922909803E-6,NO
161,42,4.157495085584949E-6,NO
162,57,4.135447498408518E-6,NO
163,125,4.365698291369262E-6,NO
164,61,4.133066871874794E-6,NO
165,92,4.185980325210883E-6,NO
166,92,4.185980325210883E-6,NO
167,80,4.148302689934638E-6,NO
168,101,4.223905315512554E-6,NO
169,59,4.133066871874794E-6,NO
170,84,4.158335449745171E-6,NO
171,81,4.158335449745171E-6,NO
172,173,4.948413067807275E-6,NO
173,151,4.632715546174487E-6,NO
174,78,4.148302689934638E-6,YES
175,72,4.1407707610693885E-6,NO
176,73,4.1407707610693885E-6,NO
177,324,1.1126019230622745E-5,YES
178,81,4.158335449745171E-6,NO
179,66,4.133159688699153E-6,NO
180,239,6.4444877229888195E-6,YES
181,91,4.185980325210883E-6,NO
182,57,4.135447498408518E-6,NO
183,85,4.170887111775637E-6,NO
184,94,4.203642385274351E-6,NO
185,54,4.135447498408518E-6,NO
186,75,4.1407707610693885E-6,NO
187,137,4.485134098353007E-6,NO
188,133,4.4423048899248E-6,NO
189,79,4.148302689934638E-6,NO
190,76,4.148302689934638E-6,NO
191,81,4.158335449745171E-6,NO
192,99,4.223905315512554E-6,NO
193,115,4.30069262494726E-6,NO
194,180,5.023096280330332E-6,NO
195,118,4.3317775418543694E-6,NO
196,132,4.4423048899248E-6,NO
197,94,4.203642385274351E-6,NO
198,88,4.170887111775637E-6,NO
199,51,4.140305843239374E-6,NO
200,111,4.27238611794119E-6,NO
