ID, Size, Predicted, Actual
0,40,0.11870058841227576,NO
1,28,0.0,NO
2,28,0.0,NO
3,449,0.14,YES
4,1352,1.0,YES
5,25,0.0,NO
6,39,0.09417369206301096,NO
7,50,0.0,NO
8,76,0.0,NO
9,40,0.032,NO
10,245,0.51,NO
11,227,0.22499999999999998,NO
12,363,0.54,NO
13,375,0.2,YES
14,145,0.24591666666666662,NO
15,49,0.0,NO
16,85,0.0,NO
17,64,0.0,NO
18,36,0.032728842444338754,NO
19,37,0.01,NO
20,32,0.0,NO
21,26,0.0,NO
22,660,1.0,YES
23,398,0.16,YES
24,206,0.56,NO
25,24,0.0,NO
26,24,0.0,NO
27,27,0.0,NO
28,30,0.43149999999999994,NO
29,428,0.61,NO
30,972,0.4,NO
31,123,0.22,NO
32,562,0.1,NO
33,205,0.14,NO
34,37,0.0,NO
35,35,0.0,NO
36,276,0.19,NO
37,316,0.33,NO
38,204,0.41,NO
39,133,0.0,NO
40,285,0.3,NO
41,336,0.6,NO
42,464,0.22,NO
43,294,0.65,NO
44,76,0.0,NO
45,69,0.10104926282867463,NO
46,266,0.17,NO
47,247,0.33,NO
48,217,0.12,NO
49,99,0.0,NO
50,191,0.16441938616938623,NO
51,476,0.08,NO
52,95,0.0,NO
53,549,0.0,YES
54,136,0.11,NO
55,33,0.0,NO
56,478,0.97,YES
57,140,0.0,NO
58,111,1.0,YES
59,34,0.0,NO
60,39,0.09417369206301096,NO
61,36,0.032728842444338754,NO
62,202,1.0,YES
63,106,0.0,NO
64,57,1.0,YES
65,43,0.0,NO
66,27,0.0,NO
67,25,0.0,NO
68,53,0.0,NO
69,88,0.0,YES
70,107,0.01,NO
71,132,0.05,NO
72,169,0.049499999999999995,NO
73,80,0.0,NO
74,29,0.005,NO
75,430,0.0,NO
76,79,0.0,NO
77,85,0.0,NO
78,110,1.0,YES
79,111,0.0,NO
80,53,0.0,NO
81,52,0.0,NO
82,155,0.06,NO
83,270,0.15,NO
84,183,0.0,NO
85,215,0.99,YES
86,76,0.0,NO
87,285,1.0,YES
88,258,1.0,YES
89,55,0.07245970148702346,NO
90,102,0.22522619047619052,NO
91,390,0.0,NO
92,35,0.0,NO
93,145,0.08592857142857141,NO
94,119,0.0,NO
95,71,0.15084451659451656,NO
96,75,0.0,NO
97,69,1.0,YES
98,80,0.0,NO
99,63,1.0,YES
100,120,0.0,NO
101,98,1.0,YES
102,54,0.04635352367093182,NO
103,267,0.11861904761904761,NO
104,55,0.07245970148702346,NO
105,46,0.0,NO
106,226,0.05833333333333333,NO
107,54,0.04635352367093182,NO
108,270,0.0,NO
109,74,0.0,NO
110,359,0.01,NO
111,78,0.0,NO
112,180,0.0,NO
113,57,0.0,NO
114,50,0.0,NO
115,243,0.0,NO
116,254,0.13,NO
117,306,0.0,NO
118,139,0.0,NO
119,375,0.29,NO
120,75,0.0,NO
121,222,0.005,NO
122,28,0.0,NO
123,55,0.07245970148702346,NO
124,187,1.0,YES
125,28,0.0,NO
126,50,1.0,YES
127,41,0.0015384615384615385,NO
128,113,1.0,YES
129,87,1.0,YES
130,51,0.0,NO
131,144,1.0,YES
132,117,0.0,NO
133,28,0.0,NO
134,57,0.0,NO
135,60,0.0,NO
136,62,0.0,NO
137,83,0.0,NO
138,60,0.0,NO
139,63,0.0,NO
140,522,0.97,YES
141,43,0.0,NO
142,247,0.0,NO
143,35,0.0,NO
144,42,0.0,NO
145,57,0.0,NO
146,91,1.0,YES
147,61,0.44,NO
148,92,0.24400000000000002,NO
149,93,0.0,NO
150,80,0.0,NO
151,101,0.014761904761904763,NO
152,59,0.0,NO
153,84,0.0,NO
154,82,0.0,NO
155,132,0.23,NO
156,143,0.2452499999999999,NO
157,78,0.11,NO
158,66,0.09,NO
159,66,0.09,NO
160,85,0.0,NO
161,54,0.04635352367093182,NO
162,77,0.0,NO
163,137,0.18,NO
164,99,0.0,NO
165,79,0.0,NO
166,76,0.0,NO
167,81,0.1,NO
168,98,1.0,YES
169,115,0.0,NO
170,180,0.08,NO
171,118,0.135,NO
172,64,0.0,NO
173,95,0.99,YES
174,88,0.0,NO
175,51,0.0,NO
176,120,0.22,NO
