ID, Size, Predicted, Actual
0,45,0.4999999999999999,YES
1,79,1.907836322721402E-5,YES
2,67,0.7142635225392706,NO
3,45,0.4999999999999999,YES
4,28,9.931384463744429E-6,NO
5,28,9.931384463744429E-6,NO
6,564,0.9999275099644874,YES
7,1492,0.9999275099644874,YES
8,174,3.6224010717681983E-4,NO
9,25,1.907836322721402E-5,NO
10,39,0.3571465560545633,NO
11,47,0.4999999999999999,NO
12,184,1.8118568631083807E-4,NO
13,30,0.37037733164023234,NO
14,221,3.6224010717681983E-4,NO
15,50,1.907836322721402E-5,NO
16,101,4.26437430926876E-5,NO
17,41,0.4761921200802939,NO
18,250,1.4495905485100653E-4,NO
19,227,0.5263137813015487,NO
20,363,8.054318644094244E-5,NO
21,408,0.9999275099644874,YES
22,145,0.3125084957728424,NO
23,49,7.249003551253728E-5,NO
24,85,0.1785797511227669,NO
25,64,3.8155270574205954E-5,NO
26,42,3.45216861736676E-5,NO
27,36,0.31250424798266124,NO
28,37,2.6850612325480243E-5,NO
29,83,7.249003551253728E-5,NO
30,32,4.027483708418337E-5,NO
31,26,3.624764534936725E-5,NO
32,883,0.9999275099644874,YES
33,421,0.9999275099644874,YES
34,213,1.4495905485100653E-4,YES
35,24,2.071358375847099E-5,NO
36,24,2.071358375847099E-5,NO
37,27,2.899853673096382E-5,NO
38,259,7.239557227564346E-4,NO
39,30,0.37037733164023234,NO
40,428,0.5263137813015487,NO
41,981,0.9999275099644874,YES
42,126,0.9999275099644874,YES
43,562,8.054318644094244E-5,NO
44,226,0.9999275099644874,YES
45,37,2.6850612325480243E-5,NO
46,35,1.6476853973886193E-5,NO
47,283,1.8118568631083807E-4,NO
48,316,8.054318644094244E-5,NO
49,204,8.054318644094244E-5,NO
50,133,0.38462181921629074,NO
51,298,0.9999275099644874,YES
52,336,8.054318644094244E-5,NO
53,701,0.9999275099644874,YES
54,301,2.415517379361724E-4,NO
55,76,1.7261438980813203E-5,NO
56,69,0.9999637523546506,YES
57,266,6.590090085842363E-5,NO
58,253,1.2080504963777769E-4,NO
59,217,8.054318644094244E-5,NO
60,100,0.7692007427676794,NO
61,191,0.416671701122683,NO
62,476,8.054318644094244E-5,NO
63,95,0.37037733164023257,NO
64,551,2.415517379361724E-4,NO
65,136,5.178074170198654E-5,NO
66,33,5.178074170198654E-5,NO
67,496,0.9999275099644874,YES
68,156,0.9999275099644874,YES
69,113,2.415517379361724E-4,NO
70,34,4.26437430926876E-5,NO
71,39,0.3571465560545633,NO
72,36,0.31250424798266124,NO
73,288,0.9999275099644874,YES
74,75,0.27778672810204713,NO
75,57,1.4795592095899934E-5,NO
76,124,5.576343145262543E-5,NO
77,59,3.2952622036689666E-5,NO
78,32,4.027483708418337E-5,NO
79,25,1.907836322721402E-5,NO
80,53,0.25641931268358104,YES
81,53,0.25641931268358104,NO
82,88,3.151998965825149E-5,YES
83,107,0.43478671999865093,NO
84,134,1.0355075953370815E-4,NO
85,169,6.590090085842363E-5,NO
86,94,0.3846218192162906,NO
87,35,1.6476853973886193E-5,NO
88,695,0.9999275099644874,YES
89,162,1.0355075953370815E-4,NO
90,39,0.3571465560545633,NO
91,79,1.907836322721402E-5,NO
92,85,0.1785797511227669,NO
93,110,6.040982263051033E-5,NO
94,122,1.8118568631083807E-4,YES
95,53,0.25641931268358104,NO
96,52,4.5308735519220915E-5,NO
97,177,1.8118568631083807E-4,YES
98,533,0.9999275099644874,NO
99,183,6.040982263051033E-5,YES
100,215,0.4999999999999999,NO
101,76,1.7261438980813203E-5,NO
102,563,1.8118568631083807E-4,YES
103,257,8.054318644094244E-5,NO
104,55,0.16949964795125114,NO
105,102,0.400005799707346,NO
106,403,0.5263137813015487,NO
107,35,1.6476853973886193E-5,NO
108,145,0.3125084957728424,YES
109,119,6.590090085842363E-5,NO
110,108,0.5555510805736573,NO
111,91,5.178074170198654E-5,YES
112,69,0.2777867281020471,NO
113,80,0.2857231629644678,NO
114,63,6.590090085842363E-5,NO
115,160,1.2080504963777769E-4,YES
116,102,0.400005799707346,YES
117,54,0.17544685273003277,NO
118,267,6.590090085842363E-5,NO
119,55,0.16949964795125114,NO
120,46,5.576343145262543E-5,NO
121,226,6.590090085842363E-5,NO
122,54,0.17544685273003277,NO
123,270,0.400005799707346,NO
124,74,2.3386179233994372E-5,NO
125,359,6.590090085842363E-5,NO
126,78,0.2439114958812383,NO
127,180,4.027483708418337E-5,NO
128,57,1.4795592095899934E-5,NO
129,50,1.907836322721402E-5,NO
130,243,0.4761921200802939,NO
131,254,8.054318644094244E-5,NO
132,306,6.590090085842363E-5,NO
133,139,5.576343145262543E-5,NO
134,372,1.8118568631083807E-4,NO
135,75,0.27778672810204713,NO
136,222,5.576343145262543E-5,NO
137,572,3.6224010717681983E-4,NO
138,38,1.2080504963777769E-4,NO
139,348,0.9523497184744144,NO
140,121,1.8118568631083807E-4,NO
141,62,6.590090085842363E-5,NO
142,52,4.5308735519220915E-5,NO
143,158,7.239557227564346E-4,NO
144,778,0.9999275099644874,NO
145,199,7.249003551253728E-5,NO
146,115,7.249003551253728E-5,NO
147,52,4.5308735519220915E-5,NO
148,88,3.151998965825149E-5,NO
149,61,3.2952622036689666E-5,NO
150,98,0.303038957444396,NO
151,28,9.931384463744429E-6,NO
152,55,0.16949964795125114,NO
153,195,2.415517379361724E-4,NO
154,28,9.931384463744429E-6,NO
155,50,1.907836322721402E-5,NO
156,55,0.16949964795125114,NO
157,542,0.6666505569913589,NO
158,130,0.7999826008779612,NO
159,87,6.040982263051033E-5,NO
160,65,9.060926025642473E-5,NO
161,140,0.4999999999999999,NO
162,134,1.0355075953370815E-4,NO
163,117,0.43478671999865104,NO
164,28,9.931384463744429E-6,NO
165,57,1.4795592095899934E-5,NO
166,60,3.0206736098825125E-5,YES
167,62,6.590090085842363E-5,NO
168,89,9.060926025642473E-5,NO
169,60,3.0206736098825125E-5,NO
170,68,9.060926025642473E-5,NO
171,522,0.6249886728161202,NO
172,43,3.45216861736676E-5,NO
173,247,0.3846218192162906,NO
174,35,1.6476853973886193E-5,NO
175,42,3.45216861736676E-5,NO
176,57,1.4795592095899934E-5,NO
177,125,1.0355075953370815E-4,NO
178,61,3.2952622036689666E-5,NO
179,92,0.416671701122683,NO
180,92,0.416671701122683,NO
181,80,0.2857231629644678,NO
182,101,4.26437430926876E-5,NO
183,59,3.2952622036689666E-5,NO
184,84,5.576343145262543E-5,NO
185,81,4.027483708418337E-5,NO
186,173,1.8118568631083807E-4,NO
187,193,0.9999275099644874,NO
188,54,0.17544685273003277,NO
189,94,0.3846218192162906,NO
190,69,0.2777867281020471,NO
191,69,0.2777867281020471,NO
192,62,6.590090085842363E-5,NO
193,59,3.2952622036689666E-5,NO
194,85,0.1785797511227669,NO
195,106,3.6224010717681983E-4,NO
196,65,9.060926025642473E-5,NO
197,182,7.239557227564346E-4,NO
198,145,0.3125084957728424,NO
199,128,0.9999275099644874,YES
200,63,6.590090085842363E-5,NO
201,159,2.415517379361724E-4,NO
202,99,0.5128200361745483,NO
203,73,0.6666505569913589,NO
204,74,2.3386179233994372E-5,NO
205,330,7.239557227564346E-4,NO
206,81,4.027483708418337E-5,NO
207,66,4.5308735519220915E-5,NO
208,245,0.588227768751219,NO
209,91,5.178074170198654E-5,NO
210,57,1.4795592095899934E-5,NO
211,85,0.1785797511227669,NO
212,94,0.3846218192162906,NO
213,54,0.17544685273003277,NO
214,75,0.27778672810204713,NO
215,137,7.249003551253728E-5,NO
216,133,0.38462181921629074,NO
217,79,1.907836322721402E-5,NO
218,76,1.7261438980813203E-5,NO
219,81,4.027483708418337E-5,NO
220,99,0.5128200361745483,NO
221,115,7.249003551253728E-5,NO
222,180,4.027483708418337E-5,NO
223,118,0.4999999999999999,NO
224,132,5.178074170198654E-5,NO
225,94,0.3846218192162906,NO
226,88,3.151998965825149E-5,NO
227,51,4.027483708418337E-5,NO
228,111,0.32258894348295397,NO
