ID, Size, Predicted, Actual
0,50,1.0613278505968017E-4,NO
1,79,3.494194328639256E-4,NO
2,67,2.0184039132011128E-4,NO
3,45,3.179753477345175E-6,NO
4,28,3.184676129998256E-6,NO
5,28,3.184676129998256E-6,NO
6,459,1.687740606203235E-4,YES
7,1479,1.0,YES
8,25,3.1897964265898474E-6,NO
9,39,3.1796587635311975E-6,NO
10,47,3.1815830493265104E-6,NO
11,184,0.9999670357089931,NO
12,30,3.184676129998256E-6,NO
13,215,4.488266020272931E-6,YES
14,50,3.1815830493265104E-6,NO
15,82,3.2435792267384408E-6,NO
16,41,3.1796587635311975E-6,NO
17,245,5.091839296104066E-6,NO
18,227,4.768817458308473E-6,NO
19,363,1.0640953555095703E-5,NO
20,407,1.5082032778300216E-5,NO
21,145,3.608973313817538E-6,NO
22,49,3.1815830493265104E-6,NO
23,85,3.2435792267384408E-6,NO
24,64,3.1975251227722587E-6,NO
25,42,5.044781362135759E-5,NO
26,36,3.181298752863944E-6,NO
27,37,3.1796587635311975E-6,NO
28,83,3.2435792267384408E-6,NO
29,32,3.181298752863944E-6,NO
30,26,3.1897964265898474E-6,NO
31,866,0.5610071443357073,YES
32,376,0.03638364821609431,YES
33,207,1.0064643182423789E-4,YES
34,24,3.1897964265898474E-6,NO
35,24,3.1897964265898474E-6,NO
36,27,3.184676129998256E-6,NO
37,260,5.463495075987358E-6,YES
38,30,3.184676129998256E-6,NO
39,428,1.7862510517005758E-5,NO
40,979,0.3444128904848995,NO
41,123,3.426223498110768E-6,NO
42,562,7.031837760468897E-5,NO
43,205,4.322233545226989E-6,NO
44,37,3.1796587635311975E-6,NO
45,35,3.181298752863944E-6,NO
46,283,4.1676042685761744E-5,NO
47,316,7.6062874209939254E-6,NO
48,204,4.322233545226989E-6,NO
49,133,3.492466522500084E-6,NO
50,285,6.383486021385976E-6,NO
51,336,8.642778905554287E-6,NO
52,701,0.9999999999998392,YES
53,301,0.6070780638325083,YES
54,76,3.2293607222158443E-6,NO
55,69,3.2063526489420676E-6,NO
56,266,5.741854407296109E-6,NO
57,253,3.553318021161101E-5,NO
58,217,4.577402301301735E-6,NO
59,100,0.02497365783314849,YES
60,191,4.101372921715518E-6,NO
61,476,2.8328850429154114E-5,NO
62,95,3.2973847593175593E-6,NO
63,551,0.31475410080350186,YES
64,136,3.5289527874527903E-6,NO
65,33,3.181298752863944E-6,NO
66,474,0.3938688730689652,YES
67,140,3.567765660392969E-6,NO
68,111,3.368578199698824E-6,NO
69,34,3.181298752863944E-6,NO
70,39,3.1796587635311975E-6,NO
71,36,3.181298752863944E-6,NO
72,271,1.339415756426378E-4,YES
73,75,2.223608749343668E-5,NO
74,57,3.190461596536516E-6,NO
75,124,3.426223498110768E-6,NO
76,59,3.190461596536516E-6,NO
77,32,3.181298752863944E-6,NO
78,25,3.1897964265898474E-6,NO
79,53,3.1851504745935064E-6,NO
80,53,3.1851504745935064E-6,NO
81,88,3.2596377504145845E-6,YES
82,107,3.3428540924324807E-6,NO
83,133,3.492466522500084E-6,NO
84,169,3.853661525778386E-6,NO
85,94,2.4431326416892902E-5,NO
86,35,2.2486093562329953E-5,NO
87,685,0.9694201952710909,NO
88,162,3.7477186422275154E-6,NO
89,39,3.1796587635311975E-6,NO
90,79,3.2293607222158443E-6,NO
91,85,3.2435792267384408E-6,NO
92,110,3.368578199698824E-6,NO
93,111,3.368578199698824E-6,NO
94,53,3.1851504745935064E-6,NO
95,52,3.1851504745935064E-6,NO
96,159,0.027671328723282016,YES
97,524,0.9999999998910558,YES
98,183,4.034688608844482E-6,NO
99,215,1.67258758061228E-4,NO
100,76,3.2293607222158443E-6,NO
101,563,7.474320085029809E-4,NO
102,257,4.9828849672406657E-5,NO
103,55,3.1851504745935064E-6,NO
104,102,3.319136286550503E-6,NO
105,403,1.4477093558894648E-5,NO
106,35,3.181298752863944E-6,NO
107,145,3.608973313817538E-6,NO
108,119,3.3963522241986806E-6,NO
109,108,3.3428540924324807E-6,NO
110,91,3.2775629685713213E-6,NO
111,69,3.2063526489420676E-6,NO
112,80,3.2293607222158443E-6,NO
113,63,3.1975251227722587E-6,NO
114,160,3.7477186422275154E-6,NO
115,102,0.02435057908893878,YES
116,54,3.1851504745935064E-6,NO
117,267,5.741854407296109E-6,NO
118,55,3.1851504745935064E-6,NO
119,46,3.179753477345175E-6,NO
120,226,4.670855730037627E-6,NO
121,54,3.1851504745935064E-6,NO
122,270,5.741854407296109E-6,NO
123,74,3.2169586904431195E-6,NO
124,359,1.0264406624085459E-5,NO
125,78,3.2293607222158443E-6,NO
126,180,3.971253959204381E-6,NO
127,57,3.190461596536516E-6,NO
128,50,3.1815830493265104E-6,NO
129,243,5.091839296104066E-6,NO
130,254,5.3337795056589545E-6,NO
131,306,7.1590209262391744E-6,NO
132,139,3.567765660392969E-6,NO
133,372,1.9869186770753703E-4,NO
134,75,3.2169586904431195E-6,NO
135,222,4.670855730037627E-6,NO
136,61,3.1975251227722587E-6,NO
137,98,3.2973847593175593E-6,NO
138,28,3.184676129998256E-6,NO
139,55,3.1851504745935064E-6,NO
140,194,4.171433970993438E-6,NO
141,28,3.184676129998256E-6,NO
142,50,3.1815830493265104E-6,NO
143,55,3.1851504745935064E-6,NO
144,124,3.426223498110768E-6,NO
145,87,3.2596377504145845E-6,NO
146,65,3.1975251227722587E-6,NO
147,140,4.36107801964863E-5,NO
148,134,3.5289527874527903E-6,NO
149,117,3.3963522241986806E-6,NO
150,28,3.184676129998256E-6,NO
151,57,3.190461596536516E-6,NO
152,60,3.190461596536516E-6,NO
153,62,3.1975251227722587E-6,NO
154,89,3.2596377504145845E-6,NO
155,60,3.190461596536516E-6,NO
156,68,3.2063526489420676E-6,NO
157,522,0.2580691890461727,YES
158,43,3.179753477345175E-6,NO
159,247,5.209984553997692E-6,NO
160,35,3.181298752863944E-6,NO
161,42,3.179753477345175E-6,NO
162,57,3.190461596536516E-6,NO
163,125,0.033167898084305425,YES
164,61,3.1975251227722587E-6,NO
165,92,3.2775629685713213E-6,NO
166,92,2.7773559230467547E-5,NO
167,80,3.2293607222158443E-6,NO
168,101,2.7829525002129417E-5,NO
169,59,3.190461596536516E-6,NO
170,84,3.2435792267384408E-6,NO
171,81,2.7485593264647032E-5,NO
172,173,0.4814070818474655,YES
173,151,8.364598364714486E-4,NO
174,78,3.2293607222158443E-6,NO
175,72,6.975544191425691E-4,NO
176,73,7.006458821176538E-4,NO
177,324,0.002931424823914569,NO
178,81,8.361495537108434E-5,NO
179,66,3.2063526489420676E-6,NO
180,239,0.9999999999981161,YES
181,91,0.00248589447557465,NO
182,57,1.205256674876973E-4,NO
183,85,3.2435792267384408E-6,NO
184,94,0.003558658264078019,NO
185,54,3.1851504745935064E-6,NO
186,75,2.9264820451378202E-5,NO
187,137,3.5289527874527903E-6,NO
188,133,0.032820404334494076,YES
189,79,3.2293607222158443E-6,NO
190,76,3.2293607222158443E-6,NO
191,81,3.2435792267384408E-6,NO
192,99,2.2571296715522786E-5,NO
193,115,3.3963522241986806E-6,NO
194,180,3.971253959204381E-6,NO
195,118,3.3963522241986806E-6,NO
196,132,3.492466522500084E-6,NO
197,94,0.028877203162580304,YES
198,88,3.2596377504145845E-6,NO
199,51,3.1815830493265104E-6,NO
200,111,0.2680094801441698,YES
