ID, Size, Predicted, Actual
0,28,6.747345016923806E-4,NO
1,28,6.747345016923806E-4,NO
2,387,0.0020310112313316883,NO
3,1087,0.5955168201869854,YES
4,25,6.710959860923541E-4,NO
5,50,6.922010840741887E-4,NO
6,76,7.145975398422466E-4,NO
7,38,6.828752156047138E-4,NO
8,168,8.643161210901217E-4,NO
9,268,0.001207213956812563,NO
10,374,0.0019145241168392292,YES
11,145,8.164438812900795E-4,NO
12,85,7.277794449477542E-4,NO
13,64,7.027577947884734E-4,NO
14,36,6.786593262834581E-4,NO
15,36,6.786593262834581E-4,NO
16,36,6.786593262834581E-4,NO
17,26,6.747345016923806E-4,NO
18,491,0.003707124481441673,NO
19,354,0.0017573432901583639,YES
20,196,9.363582998261256E-4,NO
21,24,6.710959860923541E-4,NO
22,27,6.747345016923806E-4,NO
23,69,7.085137606110932E-4,NO
24,56,6.973224793332133E-4,NO
25,26,6.747345016923806E-4,NO
26,187,9.207615759314517E-4,NO
27,983,0.27836257358154065,NO
28,252,0.0011317878109814176,NO
29,620,0.00959008462395107,NO
30,37,6.786593262834581E-4,NO
31,35,6.786593262834581E-4,NO
32,286,0.0012922188753481051,NO
33,232,0.001044217340733952,NO
34,203,9.525930649768368E-4,NO
35,270,0.001207213956812563,NO
36,425,0.00252832056926148,NO
37,244,0.0010862685544117264,NO
38,74,7.145975398422466E-4,NO
39,69,7.085137606110932E-4,NO
40,228,0.001044217340733952,YES
41,231,0.001044217340733952,NO
42,202,9.525930649768368E-4,NO
43,99,7.423700603389652E-4,NO
44,191,9.207615759314517E-4,NO
45,447,0.002890074366421431,YES
46,95,7.423700603389652E-4,NO
47,549,0.005695724689914671,NO
48,136,8.056865668373221E-4,NO
49,40,6.828752156047138E-4,NO
50,86,7.277794449477542E-4,NO
51,90,7.348941996702034E-4,NO
52,79,7.210167432095144E-4,NO
53,85,7.277794449477542E-4,NO
54,59,6.973224793332133E-4,NO
55,112,7.584439190508988E-4,NO
56,52,6.922010840741887E-4,NO
57,157,8.393795953301955E-4,NO
58,74,7.145975398422466E-4,NO
59,230,0.001044217340733952,NO
60,206,9.694897689719889E-4,NO
61,55,6.973224793332133E-4,NO
62,29,6.747345016923806E-4,NO
63,111,7.584439190508988E-4,NO
64,98,7.423700603389652E-4,NO
65,43,6.828752156047138E-4,NO
66,54,6.922010840741887E-4,NO
67,205,9.694897689719889E-4,NO
68,121,7.76084169098508E-4,NO
69,107,7.584439190508988E-4,NO
70,74,7.145975398422466E-4,NO
71,76,7.145975398422466E-4,NO
72,33,6.786593262834581E-4,NO
73,426,0.9337513818873978,YES
74,146,8.164438812900795E-4,NO
75,125,7.855202040822774E-4,NO
76,75,7.145975398422466E-4,NO
77,47,6.873872978556744E-4,NO
78,34,6.786593262834581E-4,NO
79,39,6.828752156047138E-4,NO
80,36,6.786593262834581E-4,NO
81,79,7.210167432095144E-4,NO
82,28,6.747345016923806E-4,NO
83,422,0.002447572524901692,NO
84,212,9.870735126048526E-4,NO
85,88,7.277794449477542E-4,NO
86,57,6.973224793332133E-4,NO
87,43,6.828752156047138E-4,NO
88,27,6.747345016923806E-4,NO
89,25,6.710959860923541E-4,NO
90,53,6.922010840741887E-4,NO
91,108,7.584439190508988E-4,NO
92,102,7.502165973874368E-4,NO
93,85,7.277794449477542E-4,NO
94,54,6.922010840741887E-4,NO
95,78,7.210167432095144E-4,NO
96,98,7.423700603389652E-4,NO
97,78,7.210167432095144E-4,NO
98,77,7.145975398422466E-4,NO
99,97,7.423700603389652E-4,NO
100,176,8.913923357782508E-4,NO
101,123,7.76084169098508E-4,NO
102,51,6.922010840741887E-4,NO
103,71,7.085137606110932E-4,NO
104,94,7.348941996702034E-4,NO
