ID, Size, Predicted, Actual
0,40,0.5714214681985111,NO
1,28,4.579750073225754E-5,NO
2,28,4.579750073225754E-5,NO
3,449,3.4785072040933795E-4,YES
4,1470,0.0017344270285157566,NO
5,25,7.25088353153962E-5,NO
6,39,0.5714214681985111,NO
7,50,1.1600404292298083E-4,NO
8,82,3.4785072040933795E-4,NO
9,41,0.7142324480058765,NO
10,245,8.687202461329901E-4,NO
11,227,0.8332366689042963,NO
12,363,8.687202461329901E-4,NO
13,407,0.999826014118681,YES
14,145,0.5555448140251162,NO
15,49,5.79482436171714E-4,NO
16,85,6.44533365995453E-5,NO
17,64,1.5817398666083724E-4,NO
18,36,0.400006961373142,NO
19,37,1.338460413166942E-4,NO
20,83,5.79482436171714E-4,NO
21,32,3.4785072040933795E-4,NO
22,26,1.338460413166942E-4,NO
23,686,0.0017344270285157566,YES
24,398,0.8332366689042964,NO
25,206,5.79482436171714E-4,YES
26,24,8.286552365113629E-5,NO
27,24,8.286552365113629E-5,NO
28,27,1.0235930236566666E-4,NO
29,30,0.7142324480058765,NO
30,428,0.8332366689042963,NO
31,972,8.687202461329901E-4,NO
32,123,2.174634338649357E-4,NO
33,562,8.687202461329901E-4,NO
34,205,2.899092153842565E-4,NO
35,37,1.338460413166942E-4,NO
36,35,9.158661258860082E-5,NO
37,276,8.687202461329901E-4,NO
38,316,8.687202461329901E-4,NO
39,204,8.687202461329901E-4,NO
40,133,8.687202461329901E-4,NO
41,285,5.79482436171714E-4,NO
42,336,8.687202461329901E-4,NO
43,464,0.8332366689042963,NO
44,294,4.347377885851981E-4,NO
45,76,8.286552365113629E-5,NO
46,69,0.45455264540952856,NO
47,266,4.347377885851981E-4,NO
48,247,0.6249728111581878,NO
49,217,8.687202461329901E-4,NO
50,99,0.45455264540952844,NO
51,191,0.588217230711347,NO
52,476,8.687202461329901E-4,NO
53,95,2.174634338649357E-4,NO
54,550,0.666627998652359,NO
55,136,2.4851419791682846E-4,NO
56,33,2.4851419791682846E-4,NO
57,483,0.999826014118681,YES
58,140,8.687202461329901E-4,NO
59,111,2.174634338649357E-4,NO
60,34,1.739858813188268E-4,NO
61,39,0.5714214681985111,NO
62,36,0.400006961373142,NO
63,210,0.999826014118681,YES
64,111,2.174634338649357E-4,NO
65,57,1.0235930236566666E-4,NO
66,43,1.338460413166942E-4,NO
67,27,1.0235930236566666E-4,NO
68,25,7.25088353153962E-5,NO
69,53,0.526310969125653,NO
70,88,1.933101718563368E-4,YES
71,107,0.6249728111581878,NO
72,132,2.4851419791682846E-4,NO
73,169,4.347377885851981E-4,NO
74,80,1.739858813188268E-4,NO
75,29,2.4851419791682846E-4,NO
76,430,5.79482436171714E-4,NO
77,162,0.0017344270285157566,NO
78,39,0.5714214681985111,NO
79,79,8.700807883669163E-5,NO
80,85,6.44533365995453E-5,NO
81,110,3.4785072040933795E-4,NO
82,111,2.174634338649357E-4,NO
83,53,0.526310969125653,NO
84,52,1.933101718563368E-4,NO
85,154,0.0017344270285157566,NO
86,403,0.999826014118681,YES
87,183,3.4785072040933795E-4,NO
88,215,0.0017344270285157566,NO
89,76,8.286552365113629E-5,NO
90,554,0.999826014118681,YES
91,257,0.0017344270285157566,NO
92,55,0.32260056499414913,NO
93,102,0.6666279986523588,NO
94,403,0.0017344270285157566,NO
95,35,9.158661258860082E-5,NO
96,145,0.5555448140251162,NO
97,119,4.347377885851981E-4,NO
98,108,0.9999129919211632,YES
99,91,0.999826014118681,YES
100,69,0.45455264540952856,NO
101,80,0.999826014118681,YES
102,63,4.347377885851981E-4,NO
103,160,0.999826014118681,YES
104,98,1.5817398666083724E-4,NO
105,54,0.2777992629157055,NO
106,267,4.347377885851981E-4,NO
107,55,0.32260056499414913,NO
108,46,2.899092153842565E-4,NO
109,226,4.347377885851981E-4,NO
110,54,0.2777992629157055,NO
111,270,1.933101718563368E-4,NO
112,74,7.909950481443801E-5,NO
113,359,4.347377885851981E-4,NO
114,78,8.700807883669163E-5,NO
115,180,4.347377885851981E-4,NO
116,57,1.0235930236566666E-4,NO
117,50,1.1600404292298083E-4,NO
118,243,0.7142324480058765,NO
119,254,8.687202461329901E-4,NO
120,306,4.347377885851981E-4,NO
121,139,2.899092153842565E-4,NO
122,375,2.899092153842565E-4,NO
123,75,1.449966435552947E-4,NO
124,222,2.899092153842565E-4,NO
125,61,2.899092153842565E-4,NO
126,98,1.5817398666083724E-4,NO
127,28,4.579750073225754E-5,NO
128,55,0.32260056499414913,NO
129,194,5.79482436171714E-4,NO
130,28,4.579750073225754E-5,NO
131,50,1.1600404292298083E-4,NO
132,55,0.32260056499414913,NO
133,124,8.687202461329901E-4,NO
134,87,3.4785072040933795E-4,NO
135,65,0.0017344270285157566,NO
136,144,0.9089614940109136,NO
137,134,8.687202461329901E-4,NO
138,117,4.347377885851981E-4,NO
139,28,4.579750073225754E-5,NO
140,57,1.0235930236566666E-4,NO
141,60,1.739858813188268E-4,NO
142,62,4.347377885851981E-4,NO
143,89,0.0017344270285157566,NO
144,60,1.739858813188268E-4,NO
145,68,0.0017344270285157566,NO
146,522,0.0017344270285157566,NO
147,43,1.338460413166942E-4,NO
148,247,0.6249728111581878,NO
149,35,9.158661258860082E-5,NO
150,42,1.739858813188268E-4,NO
151,57,1.0235930236566666E-4,NO
152,117,4.347377885851981E-4,NO
153,61,2.899092153842565E-4,NO
154,92,0.7691586982854447,NO
155,93,3.4785072040933795E-4,NO
156,80,1.739858813188268E-4,NO
157,101,2.174634338649357E-4,NO
158,59,1.933101718563368E-4,NO
159,84,2.899092153842565E-4,NO
160,82,3.4785072040933795E-4,NO
161,172,8.687202461329901E-4,NO
162,143,5.79482436171714E-4,NO
163,78,8.700807883669163E-5,NO
164,66,3.4785072040933795E-4,NO
165,66,3.4785072040933795E-4,NO
166,85,0.999826014118681,YES
167,54,0.2777992629157055,NO
168,77,0.6666279986523589,NO
169,137,5.79482436171714E-4,NO
170,130,0.9089614940109136,NO
171,79,8.700807883669163E-5,NO
172,76,8.286552365113629E-5,NO
173,81,5.79482436171714E-4,NO
174,98,1.5817398666083724E-4,NO
175,115,5.79482436171714E-4,NO
176,180,4.347377885851981E-4,NO
177,118,0.7691586982854447,NO
178,64,1.5817398666083724E-4,NO
179,95,2.174634338649357E-4,NO
180,88,1.933101718563368E-4,NO
181,51,1.5817398666083724E-4,NO
182,120,2.899092153842565E-4,NO
