ID, Size, Predicted, Actual
0,28,8.886249537237603E-4,NO
1,28,8.886249537237603E-4,NO
2,387,0.004556067601426987,NO
3,1087,0.9988013695513726,NO
4,25,8.880878864300244E-4,NO
5,50,8.947686987712367E-4,NO
6,76,9.205479263319472E-4,NO
7,38,8.89914940229025E-4,NO
8,168,0.0011380377629379578,NO
9,268,0.002415501704024824,NO
10,374,0.003907396522708905,NO
11,145,0.0010742953646220796,NO
12,85,9.28144838546388E-4,NO
13,64,9.078412454533234E-4,NO
14,36,8.89914940229025E-4,NO
15,36,8.89914940229025E-4,NO
16,36,8.89914940229025E-4,NO
17,26,8.880878864300244E-4,NO
18,491,0.012508672500165723,NO
19,354,0.00337631726110373,NO
20,196,0.0012741499541691983,NO
21,24,8.880878864300244E-4,NO
22,27,8.886249537237603E-4,NO
23,69,0.5178399319630933,YES
24,56,0.5738711384561801,YES
25,26,8.880878864300244E-4,NO
26,187,0.0012435799196110655,NO
27,983,0.9839465185505878,NO
28,252,0.0017016212322598968,NO
29,620,0.0636806256952466,NO
30,37,8.89914940229025E-4,NO
31,35,8.89914940229025E-4,NO
32,286,0.0020296697744076326,NO
33,232,0.00150039624455347,NO
34,203,0.0013065749884575977,NO
35,270,0.0018866972729594236,NO
36,425,0.006334528685641153,NO
37,244,0.0015951497437132725,NO
38,74,9.205479263319472E-4,NO
39,69,9.137859021600966E-4,NO
40,228,0.00150039624455347,NO
41,231,0.00150039624455347,NO
42,202,0.0013065749884575977,NO
43,99,9.561545767093395E-4,NO
44,191,0.0012435799196110655,NO
45,447,0.008021680681469278,YES
46,95,9.459248093224801E-4,NO
47,549,0.025194476788422394,NO
48,136,0.0010381762578092716,NO
49,40,8.919611213007953E-4,NO
50,86,9.365964222247547E-4,NO
51,90,9.365964222247547E-4,NO
52,79,9.205479263319472E-4,NO
53,85,9.28144838546388E-4,NO
54,59,9.026986229601746E-4,NO
55,112,9.794294422656557E-4,NO
56,52,8.983448229564837E-4,NO
57,157,0.6399809473999446,YES
58,74,9.205479263319472E-4,NO
59,230,0.7051927875722376,YES
60,206,0.638867986194482,YES
61,55,8.983448229564837E-4,NO
62,29,8.886249537237603E-4,NO
63,111,9.794294422656557E-4,NO
64,98,9.561545767093395E-4,NO
65,43,8.919611213007953E-4,NO
66,54,8.983448229564837E-4,NO
67,205,0.0013409576066480981,NO
68,121,9.92536948039278E-4,NO
69,107,9.673128538248531E-4,NO
70,74,9.205479263319472E-4,NO
71,76,9.205479263319472E-4,NO
72,33,7.750669992648419E-4,NO
73,420,0.00787531062304168,YES
74,146,0.0010742953646220796,NO
75,125,0.0010066709273013287,NO
76,75,9.205479263319472E-4,NO
77,47,8.947686987712367E-4,NO
78,34,8.89914940229025E-4,NO
79,39,8.919611213007953E-4,NO
80,36,8.89914940229025E-4,NO
81,79,9.205479263319472E-4,NO
82,28,8.886249537237603E-4,NO
83,422,0.005983630677451464,NO
84,212,0.0018270202643484589,NO
85,88,9.365964222247547E-4,NO
86,57,9.026986229601746E-4,NO
87,43,8.919611213007953E-4,NO
88,27,8.886249537237603E-4,NO
89,25,8.880878864300244E-4,NO
90,53,8.983448229564837E-4,NO
91,108,0.5873597885456295,YES
92,102,0.6093406126001402,YES
93,85,9.28144838546388E-4,NO
94,54,8.983448229564837E-4,NO
95,78,9.205479263319472E-4,NO
96,98,9.561545767093395E-4,NO
97,78,9.205479263319472E-4,NO
98,77,9.205479263319472E-4,NO
99,97,9.459248093224801E-4,NO
100,176,0.0011876296880068446,NO
101,123,0.0010066709273013287,NO
102,51,8.983448229564837E-4,NO
103,71,9.137859021600966E-4,NO
104,94,0.5771344014073712,YES
