ID, Size, Predicted, Actual
0,45,1.8671125145666725E-7,YES
1,79,1.8421462295477428E-7,YES
2,67,1.8429352239567128E-7,NO
3,45,1.8671125145666725E-7,YES
4,28,1.9077183118351888E-7,NO
5,28,1.9077183118351888E-7,NO
6,564,1.102471152186708E-5,YES
7,1492,1.0,NO
8,174,2.175350756199003E-7,NO
9,25,1.9209629864580873E-7,NO
10,39,1.8849824978936332E-7,NO
11,47,1.8671125145666725E-7,NO
12,184,2.2413721197691197E-7,NO
13,30,1.9077183118351888E-7,NO
14,221,2.6435492336776437E-7,NO
15,50,1.8599589488902133E-7,NO
16,101,1.8636511563023156E-7,NO
17,41,1.875448505877484E-7,NO
18,250,3.1111053899578335E-7,NO
19,227,2.700777057580185E-7,NO
20,363,7.419654742125886E-7,NO
21,408,1.2148510368689936E-6,NO
22,145,1.9976064417648852E-7,NO
23,49,1.8599589488902133E-7,NO
24,85,1.8441538891216095E-7,NO
25,64,1.8454705008766514E-7,NO
26,42,1.875448505877484E-7,NO
27,36,1.895732360022567E-7,NO
28,37,1.8849824978936332E-7,NO
29,83,1.8441538891216095E-7,NO
30,32,1.895732360022567E-7,NO
31,26,1.9209629864580873E-7,NO
32,883,0.9921036584354088,YES
33,429,1.5502977273565537E-5,NO
34,213,2.454798556015246E-6,YES
35,24,1.9209629864580873E-7,NO
36,24,1.9209629864580873E-7,NO
37,27,1.9209629864580873E-7,NO
38,259,3.2774059641030735E-7,NO
39,30,1.9077183118351888E-7,NO
40,428,1.5579731750741988E-6,YES
41,981,0.18259257885147825,YES
42,126,1.928597169407081E-7,NO
43,562,1.0272220669751065E-5,NO
44,226,2.700777057580185E-7,NO
45,37,1.8849824978936332E-7,NO
46,35,1.895732360022567E-7,NO
47,283,3.8886365128202064E-7,NO
48,316,4.882189378745728E-7,NO
49,204,2.441503253249714E-7,NO
50,133,1.9438257947528433E-7,NO
51,298,4.271126846471814E-7,NO
52,336,5.850918962047197E-7,NO
53,701,1.4657633966130677E-4,NO
54,301,4.412240967460382E-7,NO
55,76,1.841274623553983E-7,NO
56,69,1.8429352239567128E-7,NO
57,266,3.4611135663198676E-7,NO
58,253,3.1111053899578335E-7,NO
59,217,2.589128432904572E-7,NO
60,100,1.8636511563023156E-7,NO
61,191,2.3150945457070448E-7,NO
62,476,3.9710478400975604E-5,NO
63,95,1.8515943373254703E-7,NO
64,551,8.339896461159275E-6,NO
65,136,1.9603818834998366E-7,NO
66,33,1.895732360022567E-7,NO
67,551,1.0,YES
68,168,1.0698487619445068E-5,NO
69,113,1.890598104996469E-7,NO
70,34,1.895732360022567E-7,NO
71,39,1.8849824978936332E-7,NO
72,36,1.895732360022567E-7,NO
73,291,0.020873158973758774,YES
74,75,1.841274623553983E-7,NO
75,57,1.8539744796035506E-7,NO
76,124,1.914666913847383E-7,NO
77,59,1.849147981888157E-7,NO
78,32,1.895732360022567E-7,NO
79,25,1.9209629864580873E-7,NO
80,53,0.0018278226724598545,YES
81,53,1.8599589488902133E-7,NO
82,88,1.8473013159300571E-7,YES
83,107,1.871437372115557E-7,NO
84,134,1.9438257947528433E-7,NO
85,169,2.1450540616477125E-7,NO
86,94,1.8515943373254703E-7,NO
87,35,1.895732360022567E-7,NO
88,695,1.2240916695034542E-4,NO
89,162,2.089578594432023E-7,NO
90,39,1.8849824978936332E-7,NO
91,79,1.8421462295477428E-7,NO
92,85,1.8441538891216095E-7,NO
93,110,1.8804140884664088E-7,NO
94,133,1.9438257947528433E-7,NO
95,53,1.8599589488902133E-7,NO
96,52,1.8599589488902133E-7,NO
97,217,3.373269820537849E-6,NO
98,555,0.11769684876950634,YES
99,202,0.003098641706457026,YES
100,215,2.589128432904572E-7,NO
101,76,1.841274623553983E-7,NO
102,563,1.0272220669751065E-5,YES
103,257,3.1921899045118884E-7,NO
104,55,1.8539744796035506E-7,NO
105,102,1.8636511563023156E-7,NO
106,403,1.1580257188930828E-6,NO
107,35,1.895732360022567E-7,NO
108,145,1.9976064417648852E-7,YES
109,119,1.9020085447139776E-7,NO
110,108,1.871437372115557E-7,NO
111,91,1.8473013159300571E-7,YES
112,69,1.8429352239567128E-7,NO
113,80,1.8421462295477428E-7,NO
114,63,1.8454705008766514E-7,NO
115,160,2.089578594432023E-7,YES
116,102,1.8636511563023156E-7,YES
117,54,1.8539744796035506E-7,NO
118,267,3.4611135663198676E-7,NO
119,55,1.8539744796035506E-7,NO
120,46,1.8671125145666725E-7,NO
121,226,2.700777057580185E-7,NO
122,54,1.8539744796035506E-7,NO
123,270,3.4611135663198676E-7,NO
124,74,1.8415374597326698E-7,NO
125,359,7.120682480676987E-7,NO
126,78,1.841274623553983E-7,NO
127,180,2.2074347119169192E-7,NO
128,57,1.8539744796035506E-7,NO
129,50,1.8599589488902133E-7,NO
130,243,2.960528869294979E-7,NO
131,254,3.1921899045118884E-7,NO
132,306,4.560825950828434E-7,NO
133,139,1.9782972321363698E-7,NO
134,372,8.070685383530238E-7,NO
135,75,1.841274623553983E-7,NO
136,222,2.6435492336776437E-7,NO
137,572,1.1839616211566597E-5,NO
138,38,1.8849824978936332E-7,NO
139,348,6.570524463776505E-7,NO
140,124,2.362425231668579E-6,NO
141,62,1.8454705008766514E-7,NO
142,53,1.7922427686701374E-6,NO
143,158,2.0642877256972902E-7,NO
144,778,8.284488158509274E-4,YES
145,203,2.3761487229231464E-6,NO
146,115,1.890598104996469E-7,NO
147,53,1.7922427686701374E-6,NO
148,88,1.8473013159300571E-7,NO
149,61,1.849147981888157E-7,NO
150,98,1.8570409123438198E-7,NO
151,28,1.9077183118351888E-7,NO
152,55,1.8539744796035506E-7,NO
153,195,2.355035185757582E-7,NO
154,28,1.9077183118351888E-7,NO
155,50,1.8599589488902133E-7,NO
156,55,1.8539744796035506E-7,NO
157,546,7.789826258726582E-6,NO
158,130,1.9438257947528433E-7,NO
159,87,1.8441538891216095E-7,NO
160,65,1.8454705008766514E-7,NO
161,140,1.9782972321363698E-7,NO
162,134,1.9438257947528433E-7,NO
163,117,1.890598104996469E-7,NO
164,28,1.9077183118351888E-7,NO
165,57,1.8539744796035506E-7,NO
166,60,1.849147981888157E-7,YES
167,62,1.8454705008766514E-7,NO
168,88,0.0018142626207131975,YES
169,60,1.849147981888157E-7,NO
170,67,0.0018099823760370146,YES
171,522,5.589538458234817E-6,YES
172,43,1.875448505877484E-7,NO
173,247,3.0339488184800533E-7,NO
174,35,1.895732360022567E-7,NO
175,42,1.875448505877484E-7,NO
176,57,1.8539744796035506E-7,NO
177,125,1.914666913847383E-7,NO
178,61,1.849147981888157E-7,NO
179,92,1.8515943373254703E-7,NO
180,92,1.8515943373254703E-7,NO
181,80,1.8421462295477428E-7,NO
182,101,1.8636511563023156E-7,NO
183,59,1.849147981888157E-7,NO
184,84,1.8441538891216095E-7,NO
185,81,1.8421462295477428E-7,NO
186,173,2.175350756199003E-7,NO
187,197,2.355035185757582E-7,NO
188,54,1.8539744796035506E-7,NO
189,94,1.8515943373254703E-7,NO
190,69,1.8429352239567128E-7,NO
191,69,1.8429352239567128E-7,NO
192,62,1.8454705008766514E-7,NO
193,59,1.849147981888157E-7,NO
194,85,1.8441538891216095E-7,NO
195,106,1.803658383984708E-6,NO
196,522,5.589538458234817E-6,YES
197,76,1.841274623553983E-7,NO
198,182,2.2413721197691197E-7,NO
199,145,1.9976064417648852E-7,NO
200,128,1.928597169407081E-7,NO
201,63,1.8454705008766514E-7,NO
202,159,2.0642877256972902E-7,NO
203,99,1.8570409123438198E-7,NO
204,73,1.8415374597326698E-7,NO
205,74,1.8415374597326698E-7,NO
206,330,5.635950167617833E-7,NO
207,81,1.8421462295477428E-7,NO
208,66,1.8429352239567128E-7,NO
209,245,3.0339488184800533E-7,NO
210,91,1.8473013159300571E-7,NO
211,57,1.8539744796035506E-7,NO
212,85,1.8441538891216095E-7,NO
213,94,1.8515943373254703E-7,NO
214,54,1.8539744796035506E-7,NO
215,75,1.841274623553983E-7,NO
216,137,1.9603818834998366E-7,NO
217,133,1.9438257947528433E-7,NO
218,79,1.8421462295477428E-7,NO
219,76,1.841274623553983E-7,NO
220,81,1.8421462295477428E-7,NO
221,102,1.7842138616103287E-6,NO
222,115,1.890598104996469E-7,NO
223,180,2.2074347119169192E-7,NO
224,118,1.9020085447139776E-7,NO
225,132,1.9438257947528433E-7,NO
226,94,1.8515943373254703E-7,NO
227,88,1.8473013159300571E-7,NO
228,51,1.8599589488902133E-7,NO
229,67,7.420004588713569E-5,NO
230,115,0.13244376821634785,NO
231,179,0.9999996835770676,NO
232,83,6.674560886037315E-4,NO
233,111,1.8804140884664088E-7,NO
234,218,0.9999999999997428,NO
235,173,0.9999980375830214,NO
236,166,0.9999783279532162,NO
237,104,0.022927898982889574,NO
238,114,0.104245317352438,NO
239,51,1.474318999982093E-5,NO
240,45,8.206764972854524E-6,NO
241,49,1.1427501661425524E-5,NO
242,41,6.462805976636827E-6,NO
243,44,7.784666847593152E-6,NO
244,96,0.004166874501127001,NO
245,31,3.492037052931796E-6,NO
246,150,0.9985428608065798,NO
247,171,0.9999973252176294,NO
248,122,0.4333571065437166,NO
249,120,0.29073910315516216,NO
250,150,0.9981237019102938,NO
251,39,5.527495562604661E-6,NO
252,76,2.0642920438724064E-4,NO
253,30,3.492037052931796E-6,NO
254,340,1.0,NO
255,46,9.516891499470449E-6,NO
256,48,1.1471452341736722E-5,NO
257,145,0.993746619204212,NO
258,31,3.492037052931796E-6,NO
259,34,4.153177353234097E-6,NO
260,296,1.0,NO
261,45,8.206764972854524E-6,NO
262,28,3.1809135307204185E-6,NO
263,34,4.153177353234097E-6,NO
