ID, Size, Predicted, Actual
0,28,6.833816869454181E-5,NO
1,28,6.833816869454181E-5,NO
2,387,2.0595521383149162E-4,NO
3,1087,0.12969728128408942,YES
4,25,6.796943171715261E-5,NO
5,50,7.010831282667143E-5,NO
6,76,7.237815447100609E-5,NO
7,38,6.916317932277336E-5,NO
8,168,8.755422008131596E-5,NO
9,268,1.2232710218638772E-4,NO
10,374,1.9412244710269E-4,YES
11,145,8.270125662167413E-5,NO
12,85,7.371416026041805E-5,NO
13,64,7.117820561262835E-5,NO
14,36,6.873592370222256E-5,NO
15,36,6.873592370222256E-5,NO
16,36,6.873592370222256E-5,NO
17,26,6.833816869454181E-5,NO
18,491,3.7649011033761133E-4,NO
19,354,1.781599445527454E-4,YES
20,196,9.485815603303704E-5,NO
21,24,6.796943171715261E-5,NO
22,27,6.833816869454181E-5,NO
23,69,7.176156503427977E-5,NO
24,56,7.062734922027475E-5,NO
25,26,6.833816869454181E-5,NO
26,187,9.327681495709728E-5,NO
27,983,0.037577220569721334,NO
28,252,1.1467638130707498E-4,NO
29,620,9.791494370929208E-4,NO
30,37,6.873592370222256E-5,NO
31,35,6.873592370222256E-5,NO
32,286,1.3095067405527404E-4,NO
33,232,1.0579512434802622E-4,NO
34,203,9.650423480425835E-5,NO
35,270,1.2232710218638772E-4,NO
36,425,2.5649985236838907E-4,NO
37,244,1.1005971649758609E-4,NO
38,74,7.237815447100609E-5,NO
39,69,7.176156503427977E-5,NO
40,228,1.0579512434802622E-4,YES
41,231,1.0579512434802622E-4,NO
42,202,9.650423480425835E-5,NO
43,99,7.519297788036365E-5,NO
44,191,9.327681495709728E-5,NO
45,447,2.9329560115993043E-4,YES
46,95,7.519297788036365E-5,NO
47,549,5.794886133775008E-4,NO
48,136,8.161081044138972E-5,NO
49,40,6.916317932277336E-5,NO
50,86,7.371416026041805E-5,NO
51,90,7.443526445110935E-5,NO
52,79,7.302874637199507E-5,NO
53,85,7.371416026041805E-5,NO
54,59,7.062734922027475E-5,NO
55,112,7.682217311424687E-5,NO
56,52,7.010831282667143E-5,NO
57,157,8.502627183080358E-5,NO
58,74,7.237815447100609E-5,NO
59,230,1.0579512434802622E-4,NO
60,206,9.821748007980596E-5,NO
61,55,7.062734922027475E-5,NO
62,29,6.833816869454181E-5,NO
63,111,7.682217311424687E-5,NO
64,98,7.519297788036365E-5,NO
65,43,6.916317932277336E-5,NO
66,54,7.010831282667143E-5,NO
67,205,9.821748007980596E-5,NO
68,121,7.861018701147087E-5,NO
69,107,7.682217311424687E-5,NO
70,74,7.237815447100609E-5,NO
71,76,7.237815447100609E-5,NO
72,33,6.873592370222256E-5,NO
73,426,0.5879114663469336,YES
74,146,8.270125662167413E-5,NO
75,125,7.956664582101256E-5,NO
76,75,7.237815447100609E-5,NO
77,47,6.96204559463608E-5,NO
78,34,6.873592370222256E-5,NO
79,39,6.916317932277336E-5,NO
80,36,6.873592370222256E-5,NO
81,79,7.302874637199507E-5,NO
82,28,6.833816869454181E-5,NO
83,422,2.482898473906474E-4,NO
84,212,1.0000044320297243E-4,NO
85,88,7.371416026041805E-5,NO
86,57,7.062734922027475E-5,NO
87,43,6.916317932277336E-5,NO
88,27,6.833816869454181E-5,NO
89,25,6.796943171715261E-5,NO
90,53,7.010831282667143E-5,NO
91,108,7.682217311424687E-5,NO
92,102,7.598827205325742E-5,NO
93,85,7.371416026041805E-5,NO
94,54,7.010831282667143E-5,NO
95,78,7.302874637199507E-5,NO
96,98,7.519297788036365E-5,NO
97,78,7.302874637199507E-5,NO
98,77,7.237815447100609E-5,NO
99,97,7.519297788036365E-5,NO
100,176,9.029920839882253E-5,NO
101,123,7.861018701147087E-5,NO
102,51,7.010831282667143E-5,NO
103,71,7.176156503427977E-5,NO
104,94,7.443526445110935E-5,NO
