ID, Size, Predicted, Actual
0,40,4.0458434678746974E-5,NO
1,28,2.8522016400286605E-5,NO
2,28,2.8522016400286605E-5,NO
3,449,1.0,YES
4,1352,1.0,YES
5,25,2.601619547616587E-5,NO
6,39,3.860120101474345E-5,NO
7,50,6.033756631419818E-5,NO
8,76,3.050058521213718E-4,NO
9,40,4.6469392475816936E-4,NO
10,245,0.999993370748166,NO
11,227,0.9999461000970983,NO
12,363,1.0,NO
13,375,1.0,YES
14,145,0.35582283258879643,NO
15,49,5.585549349503477E-5,NO
16,85,5.747125476162002E-4,NO
17,64,1.2823977719718672E-4,NO
18,36,3.582843967305161E-5,NO
19,37,4.406789869883239E-4,NO
20,32,3.1772276981776904E-5,NO
21,26,2.723862332777052E-5,NO
22,660,1.0,YES
23,398,1.0,YES
24,206,0.9989458060947386,NO
25,24,3.505439874954524E-4,NO
26,24,3.505439874954524E-4,NO
27,27,2.723862332777052E-5,NO
28,30,2.8644603282394556E-5,NO
29,428,1.0,NO
30,972,1.0,NO
31,123,1.0,NO
32,562,1.0,NO
33,205,0.9986061273403982,NO
34,37,3.696751785445435E-5,NO
35,35,3.426916362341075E-5,NO
36,276,0.9999999999345298,NO
37,316,1.0,NO
38,204,0.9990890031967266,NO
39,133,0.10486859664183672,NO
40,285,0.9999999995482732,NO
41,336,0.9999999999999961,NO
42,464,1.0,NO
43,294,0.9999999972241109,NO
44,76,0.001836696408392785,NO
45,69,1.8649486863508353E-4,NO
46,266,0.999999983239861,NO
47,247,0.9999991471764655,NO
48,217,0.9999951340024591,NO
49,99,0.0022910064580693593,NO
50,191,0.9994547731965404,NO
51,476,1.0,NO
52,95,0.0016137306406116575,NO
53,549,1.0,YES
54,136,0.14869760982906705,NO
55,33,3.1772276981776904E-5,NO
56,478,1.0,YES
57,140,0.20761224776655735,NO
58,111,0.9813200815104358,YES
59,34,3.259337682172628E-5,NO
60,39,3.860120101474345E-5,NO
61,36,3.582843967305161E-5,NO
62,202,0.9999971617025125,YES
63,106,0.004424459075846409,NO
64,57,0.4493857970967361,YES
65,43,7.171805976487027E-5,NO
66,27,3.7530603223732755E-4,NO
67,25,2.601619547616587E-5,NO
68,53,7.163804026732498E-5,NO
69,88,8.572409528092282E-4,YES
70,107,0.004424459075846409,NO
71,132,0.026240467648856552,NO
72,169,0.9617358521265463,NO
73,80,4.406138016235638E-4,NO
74,29,2.8762110550470173E-5,NO
75,430,1.0,NO
76,79,4.060877683508201E-4,NO
77,85,5.747125476162002E-4,NO
78,110,0.8585919203098346,YES
79,111,0.007834303894088844,NO
80,53,6.889748915116125E-5,NO
81,52,6.71747993235721E-5,NO
82,155,0.5072422675405581,NO
83,270,0.9999999497686509,NO
84,183,0.9969190998356672,NO
85,215,0.9999996350346803,YES
86,76,3.050058521213718E-4,NO
87,285,1.0,YES
88,258,1.0,YES
89,55,8.475935706278036E-5,NO
90,102,0.002713701648320754,NO
91,390,1.0,NO
92,35,3.322744921002155E-5,NO
93,145,0.818911128858985,NO
94,119,0.01987777361957355,NO
95,71,2.164215408921129E-4,NO
96,75,3.050058521213718E-4,NO
97,69,0.5730456346343625,YES
98,80,4.406138016235638E-4,NO
99,63,0.5350769771364942,YES
100,120,0.022110423638798615,NO
101,98,0.99066624339014,YES
102,54,7.163804026732498E-5,NO
103,267,0.9999999999863163,NO
104,55,7.503011482344969E-5,NO
105,46,5.0971593921452834E-5,NO
106,226,0.9999996076833473,NO
107,54,7.163804026732498E-5,NO
108,270,0.9999999999940079,NO
109,74,2.5016783502577127E-4,NO
110,359,1.0,NO
111,78,3.2658664959536385E-4,NO
112,180,0.9945715876755755,NO
113,57,8.831038032953562E-5,NO
114,50,6.033756631419818E-5,NO
115,243,0.9999999926727117,NO
116,254,0.9999979635406975,NO
117,306,0.9999999999999999,NO
118,139,0.19789504212744266,NO
119,375,1.0,NO
120,75,2.7207910483101105E-4,NO
121,222,0.9999989757881157,NO
122,28,2.7897427113200507E-5,NO
123,55,8.475935706278036E-5,NO
124,187,0.9999468754462424,YES
125,28,3.619511564998024E-4,NO
126,50,0.7152923646110811,YES
127,41,4.0458434678746974E-5,NO
128,113,0.9725278375457453,YES
129,87,0.7798357638542925,YES
130,51,6.479823505458137E-5,NO
131,144,0.999757302388526,YES
132,117,0.013906926205966558,NO
133,28,3.619511564998024E-4,NO
134,57,7.483055305925417E-4,NO
135,60,9.961871494408867E-5,NO
136,62,1.1665462119028842E-4,NO
137,83,4.940989339478497E-4,NO
138,60,9.961871494408867E-5,NO
139,63,1.2279627733609769E-4,NO
140,522,1.0,YES
141,43,4.482841256515828E-5,NO
142,247,0.9999999977572611,NO
143,35,3.426916362341075E-5,NO
144,42,4.2573679109402604E-5,NO
145,57,9.080480383082777E-5,NO
146,91,0.9999997199631038,YES
147,61,1.4470271267079203E-4,NO
148,92,0.01694120962555167,NO
149,93,0.001158471731289639,NO
150,80,4.060877683508201E-4,NO
151,101,0.002445603164505766,NO
152,59,9.47356934886149E-5,NO
153,84,5.464450665355432E-4,NO
154,82,4.60691899049529E-4,NO
155,132,0.016457475505425208,NO
156,143,0.3073286851989628,NO
157,78,3.368891367458166E-4,NO
158,66,1.5713053486570458E-4,NO
159,66,1.5713053486570458E-4,NO
160,85,0.0105737437839241,NO
161,54,7.163804026732498E-5,NO
162,77,4.0444311256746066E-4,NO
163,137,0.16971485449385246,NO
164,99,0.002085009574609421,NO
165,79,2.962656275239984E-4,NO
166,76,3.050058521213718E-4,NO
167,81,0.008847370869215502,NO
168,98,0.8193945039477903,YES
169,115,0.012194579853019248,NO
170,180,0.8493650782015701,NO
171,118,0.012233282126241234,NO
172,64,1.0426541559698118E-4,NO
173,95,0.3133589606233517,YES
174,88,7.557516099826973E-4,NO
175,51,6.479823505458137E-5,NO
176,120,0.04987852385902648,NO
