ID, Size, Predicted, Actual
0,28,7.09360572984559E-4,NO
1,28,7.09360572984559E-4,NO
2,387,0.9999396305162612,NO
3,1087,1.0,YES
4,25,7.014599803474742E-4,NO
5,50,7.355960246184884E-4,NO
6,76,3.7694083860903994E-4,NO
7,38,2.828302956654649E-4,NO
8,168,0.07475921730391498,NO
9,267,0.999993433353499,YES
10,374,0.9999640350357855,NO
11,145,0.0357270868572958,NO
12,85,0.0018729284952663094,NO
13,64,0.003945881626694549,NO
14,36,7.487731185758717E-4,NO
15,36,7.487731185758717E-4,NO
16,36,7.487731185758717E-4,NO
17,26,7.025213194625148E-4,NO
18,491,1.0,YES
19,354,0.9999999999999435,YES
20,196,0.9538822903047857,YES
21,24,6.99185406217016E-4,NO
22,27,0.5655214241672945,YES
23,55,9.603023143428275E-4,YES
24,54,9.246531312761007E-4,YES
25,26,0.4481993408953326,YES
26,187,0.036971724622359946,NO
27,983,1.0,NO
28,252,0.9983878285701486,YES
29,620,1.0,YES
30,37,7.525543294738858E-4,NO
31,35,7.487731185758717E-4,NO
32,286,0.9568089713806611,NO
33,232,0.9198092778339311,NO
34,203,0.49762158522949224,NO
35,270,0.9981919096601964,NO
36,425,1.0,YES
37,244,1.0,YES
38,74,0.001407086797875131,NO
39,69,0.0012594936474944406,NO
40,228,0.9999999999911183,YES
41,231,0.999793728782203,YES
42,202,1.0,YES
43,99,0.8881784043204622,YES
44,191,0.9999838186014507,YES
45,447,1.0,YES
46,95,0.9752639949968566,YES
47,549,1.0,YES
48,136,0.953102443085135,YES
49,40,7.788475233775165E-4,NO
50,86,0.0019836262597306086,NO
51,90,0.002205145838029484,NO
52,79,0.0016368389582972036,NO
53,85,0.0017894107562362654,NO
54,59,9.96221726695747E-4,NO
55,112,0.003744382334574763,NO
56,52,8.940596378993319E-4,NO
57,157,0.04150113766853514,YES
58,74,0.0013897722587979824,NO
59,230,0.3965498823390362,YES
60,211,0.16922527614583108,YES
61,55,9.603023143428275E-4,NO
62,29,7.09360572984559E-4,NO
63,111,0.0032114641041416613,NO
64,98,0.0024355296027764417,NO
65,43,8.09388788348529E-4,NO
66,54,9.149217936087798E-4,NO
67,205,0.535992618400762,NO
68,121,0.006626122240635626,NO
69,107,0.003935301018882503,NO
70,74,0.0013897722587979824,NO
71,76,4.033813673492898E-4,NO
72,412,0.9999967005254158,YES
73,146,0.0027150211042397056,NO
74,125,0.00766116490721588,NO
75,75,0.0014619607319096297,NO
76,47,8.437844116490164E-4,NO
77,34,7.309295415265996E-4,NO
78,39,7.686265803141004E-4,NO
79,36,7.487731185758717E-4,NO
80,79,0.0015704775585841076,NO
81,28,7.09360572984559E-4,NO
82,422,0.9999999991903207,YES
83,211,0.9998454837985651,YES
84,88,0.6921544568293886,YES
85,57,9.96221726695747E-4,NO
86,43,0.5480799805844541,YES
87,27,7.017781359668474E-4,NO
88,25,0.5600126676511445,YES
89,53,0.5609752492961627,YES
90,105,8.603599158755773E-4,YES
91,107,9.334866444290226E-4,YES
92,85,0.0017894107562362654,NO
93,54,9.149217936087798E-4,NO
94,78,0.0015249315900393793,NO
95,98,6.340321113772369E-4,NO
96,78,0.001594321486595545,NO
97,77,0.0014995510252624124,NO
98,97,4.881762772852453E-4,NO
99,176,0.03083064294663577,NO
100,123,0.005244397004186992,NO
101,51,0.0011250194908722783,NO
102,71,0.0012781057848031932,NO
103,92,0.0019324896766557827,YES
