ID, Size, Predicted, Actual
0,40,0.5263088383012253,NO
1,28,1.0038129394780991E-4,NO
2,28,1.0038129394780991E-4,NO
3,449,0.001251875881168907,YES
4,1352,0.9997491223154104,YES
5,25,1.3207227671909835E-4,NO
6,39,0.5000000000000001,NO
7,50,3.1355777341306006E-4,NO
8,76,2.0908222184600156E-4,NO
9,40,0.001251875881168907,NO
10,245,0.0024974986457022012,NO
11,227,0.9089042973423058,NO
12,363,0.0024974986457022012,NO
13,375,0.0024974986457022012,YES
14,145,0.7691268433633704,NO
15,49,0.0024974986457022012,NO
16,85,1.476056046605772E-4,NO
17,64,4.1798965528033375E-4,NO
18,36,0.2941480409343245,NO
19,37,0.0024974986457022012,NO
20,32,0.001251875881168907,NO
21,26,2.280810260706032E-4,NO
22,660,0.9997491223154104,YES
23,398,0.0024974986457022012,YES
24,206,0.0024974986457022012,NO
25,24,1.568280613642601E-4,NO
26,24,1.568280613642601E-4,NO
27,27,2.0908222184600156E-4,NO
28,30,0.9089042973423058,NO
29,428,0.0024974986457022012,NO
30,972,0.0024974986457022012,NO
31,123,0.0024974986457022012,NO
32,562,0.0024974986457022012,NO
33,205,6.267225193906642E-4,NO
34,37,3.583196399267927E-4,NO
35,35,2.0908222184600156E-4,NO
36,276,0.0024974986457022012,NO
37,316,0.0024974986457022012,NO
38,204,0.9997491223154104,NO
39,133,0.001251875881168907,NO
40,285,0.0024974986457022012,NO
41,336,0.9997491223154104,NO
42,464,0.0024974986457022012,NO
43,294,0.9997491223154104,NO
44,76,0.001251875881168907,NO
45,69,0.5263088383012253,NO
46,266,0.0024974986457022012,NO
47,247,0.9997491223154104,NO
48,217,0.0024974986457022012,NO
49,99,3.1355777341306006E-4,NO
50,191,0.6666109067441444,NO
51,476,0.0024974986457022012,NO
52,95,5.015037369867426E-4,NO
53,549,5.015037369867426E-4,YES
54,136,0.0024974986457022012,NO
55,33,5.015037369867426E-4,NO
56,478,0.9997491223154104,YES
57,140,0.0024974986457022012,NO
58,111,0.9998745296800018,YES
59,34,3.583196399267927E-4,NO
60,39,0.5000000000000001,NO
61,36,0.2941480409343245,NO
62,202,0.9997491223154104,YES
63,106,8.352810328986605E-4,NO
64,57,0.9997491223154104,YES
65,43,0.001251875881168907,NO
66,27,0.0024974986457022012,NO
67,25,1.3207227671909835E-4,NO
68,53,5.015037369867426E-4,NO
69,88,5.015037369867426E-4,YES
70,107,6.267225193906642E-4,NO
71,132,0.0024974986457022012,NO
72,169,0.001251875881168907,NO
73,80,8.352810328986605E-4,NO
74,29,5.015037369867426E-4,NO
75,430,0.0024974986457022012,NO
76,79,2.280810260706032E-4,NO
77,85,1.476056046605772E-4,NO
78,110,0.9998745296800018,YES
79,111,0.001251875881168907,NO
80,53,5.015037369867426E-4,NO
81,52,4.1798965528033375E-4,NO
82,155,0.0024974986457022012,NO
83,270,0.0024974986457022012,NO
84,183,0.001251875881168907,NO
85,215,0.9997491223154104,YES
86,76,2.0908222184600156E-4,NO
87,285,0.9997491223154104,YES
88,258,0.9997491223154104,YES
89,55,0.43479684019965403,NO
90,102,0.7691268433633704,NO
91,390,0.0024974986457022012,NO
92,35,2.0908222184600156E-4,NO
93,145,0.7691268433633704,NO
94,119,0.0024974986457022012,NO
95,71,0.624960792984659,NO
96,75,3.583196399267927E-4,NO
97,69,0.9997491223154104,YES
98,80,8.352810328986605E-4,NO
99,63,0.9997491223154104,YES
100,120,0.001251875881168907,NO
101,98,0.9997491223154104,YES
102,54,0.3571684651666385,NO
103,267,0.0024974986457022012,NO
104,55,0.43479684019965403,NO
105,46,6.267225193906642E-4,NO
106,226,0.0024974986457022012,NO
107,54,0.3571684651666385,NO
108,270,5.015037369867426E-4,NO
109,74,1.3207227671909835E-4,NO
110,359,0.001251875881168907,NO
111,78,2.0908222184600156E-4,NO
112,180,0.0024974986457022012,NO
113,57,2.7873744309872556E-4,NO
114,50,3.1355777341306006E-4,NO
115,243,0.0024974986457022012,NO
116,254,0.0024974986457022012,NO
117,306,0.0024974986457022012,NO
118,139,0.0024974986457022012,NO
119,375,0.0024974986457022012,NO
120,75,3.583196399267927E-4,NO
121,222,0.001251875881168907,NO
122,28,1.0038129394780991E-4,NO
123,55,0.43479684019965403,NO
124,187,0.9997491223154104,YES
125,28,1.0038129394780991E-4,NO
126,50,0.9997491223154104,YES
127,41,0.0024974986457022012,NO
128,113,0.9998745296800018,YES
129,87,0.9997491223154104,YES
130,51,4.1798965528033375E-4,NO
131,144,0.9997491223154104,YES
132,117,0.001251875881168907,NO
133,28,1.0038129394780991E-4,NO
134,57,2.7873744309872556E-4,NO
135,60,4.1798965528033375E-4,NO
136,62,0.001251875881168907,NO
137,83,0.001251875881168907,NO
138,60,4.1798965528033375E-4,NO
139,63,0.001251875881168907,NO
140,522,0.9997491223154104,YES
141,43,2.7873744309872556E-4,NO
142,247,8.352810328986605E-4,NO
143,35,2.0908222184600156E-4,NO
144,42,3.583196399267927E-4,NO
145,57,2.7873744309872556E-4,NO
146,91,0.9997491223154104,YES
147,61,8.352810328986605E-4,NO
148,92,0.9089042973423058,NO
149,93,8.352810328986605E-4,NO
150,80,8.352810328986605E-4,NO
151,101,8.352810328986605E-4,NO
152,59,4.1798965528033375E-4,NO
153,84,8.352810328986605E-4,NO
154,82,0.001251875881168907,NO
155,132,0.9997491223154104,NO
156,143,0.7691268433633704,NO
157,78,0.001251875881168907,NO
158,66,0.0024974986457022012,NO
159,66,0.0024974986457022012,NO
160,85,0.0024974986457022012,NO
161,54,0.3571684651666385,NO
162,77,0.0024974986457022012,NO
163,137,0.0024974986457022012,NO
164,99,3.1355777341306006E-4,NO
165,79,0.0024974986457022012,NO
166,76,2.0908222184600156E-4,NO
167,81,0.0024974986457022012,NO
168,98,0.9997491223154104,YES
169,115,0.001251875881168907,NO
170,180,0.0024974986457022012,NO
171,118,0.0024974986457022012,NO
172,64,4.1798965528033375E-4,NO
173,95,0.9997491223154104,YES
174,88,5.015037369867426E-4,NO
175,51,4.1798965528033375E-4,NO
176,120,0.0024974986457022012,NO
