ID, Size, Predicted, Actual
0,45,7.043692967443219E-7,NO
1,28,7.061732562889117E-7,NO
2,28,7.061732562889117E-7,NO
3,449,5.020815282388264E-6,YES
4,1470,1.0,YES
5,25,7.076010793111776E-7,NO
6,39,7.045587800744811E-7,NO
7,47,7.045909670622581E-7,NO
8,30,7.061732562889117E-7,NO
9,215,1.0078529034985243E-6,NO
10,50,7.045909670622581E-7,NO
11,82,7.177790421061368E-7,NO
12,41,7.045587800744811E-7,NO
13,245,1.1514564203767723E-6,NO
14,227,1.0511549247452356E-6,NO
15,363,2.4204571992425066E-6,NO
16,407,3.487634685894837E-6,NO
17,145,7.919404877161393E-7,NO
18,49,7.045909670622581E-7,NO
19,85,7.177790421061368E-7,NO
20,64,7.077303920566418E-7,NO
21,36,7.051597489294238E-7,NO
22,37,7.045587800744811E-7,NO
23,83,7.177790421061368E-7,NO
24,32,7.051597489294238E-7,NO
25,26,7.076010793111776E-7,NO
26,834,0.024148244901682138,YES
27,365,2.4204571992425066E-6,NO
28,206,9.68593269395224E-7,YES
29,24,7.076010793111776E-7,NO
30,24,7.076010793111776E-7,NO
31,27,7.076010793111776E-7,NO
32,260,1.2404935339709775E-6,NO
33,30,7.061732562889117E-7,NO
34,428,4.165094927019049E-6,NO
35,972,0.02325609517955072,NO
36,123,7.592820347095458E-7,NO
37,562,1.762307512498508E-5,NO
38,205,9.68593269395224E-7,NO
39,37,7.045587800744811E-7,NO
40,35,7.051597489294238E-7,NO
41,276,1.3434537429324012E-6,NO
42,316,1.7049718382563858E-6,NO
43,204,9.503723605216723E-7,NO
44,133,7.745347335818025E-7,NO
45,285,1.420939323499153E-6,NO
46,336,1.9478148904922924E-6,NO
47,464,5.811625317356308E-6,YES
48,294,1.5064066379845334E-6,YES
49,76,7.119055396692066E-7,NO
50,69,7.096077905410541E-7,NO
51,266,1.2731623123537788E-6,NO
52,247,1.1514564203767723E-6,NO
53,217,1.0078529034985243E-6,NO
54,99,7.298681128241893E-7,YES
55,191,9.165557865781748E-7,NO
56,476,6.7624196896354395E-6,NO
57,95,7.253924804990197E-7,NO
58,550,1.560778258664937E-5,YES
59,136,7.829607443043512E-7,NO
60,33,7.051597489294238E-7,NO
61,464,0.003301268710993646,YES
62,140,7.829607443043512E-7,NO
63,111,7.460693946702704E-7,NO
64,34,7.051597489294238E-7,NO
65,39,7.045587800744811E-7,NO
66,36,7.051597489294238E-7,NO
67,257,7.487754884212961E-6,YES
68,61,7.062700429392334E-7,NO
69,57,7.062700429392334E-7,NO
70,124,7.592820347095458E-7,NO
71,59,7.062700429392334E-7,NO
72,32,7.051597489294238E-7,NO
73,25,7.076010793111776E-7,NO
74,53,7.052241792855883E-7,NO
75,53,7.052241792855883E-7,NO
76,88,7.213651830419471E-7,YES
77,107,7.401972680976464E-7,NO
78,133,7.745347335818025E-7,NO
79,169,8.457799162539377E-7,NO
80,80,7.146276877683865E-7,NO
81,29,7.061732562889117E-7,NO
82,588,2.5726784514479957E-5,NO
83,162,8.337531097974745E-7,NO
84,39,7.045587800744811E-7,NO
85,79,7.146276877683865E-7,NO
86,85,7.177790421061368E-7,NO
87,110,7.401972680976464E-7,NO
88,111,7.460693946702704E-7,NO
89,53,7.052241792855883E-7,NO
90,52,7.052241792855883E-7,NO
91,154,8.116299593482461E-7,YES
92,403,3.3411130565847615E-6,YES
93,183,8.860084909372889E-7,NO
94,215,1.0078529034985243E-6,NO
95,76,7.119055396692066E-7,NO
96,564,0.10187575275605208,YES
97,257,1.2093686422717726E-6,NO
98,55,7.052241792855883E-7,NO
99,102,7.348000881142904E-7,NO
100,403,3.3411130565847615E-6,NO
101,35,7.051597489294238E-7,NO
102,145,7.919404877161393E-7,NO
103,119,7.524271191982741E-7,NO
104,108,7.401972680976464E-7,NO
105,91,7.253924804990197E-7,NO
106,69,7.096077905410541E-7,NO
107,80,7.146276877683865E-7,NO
108,63,7.077303920566418E-7,NO
109,160,8.337531097974745E-7,NO
110,98,7.298681128241893E-7,YES
111,54,7.052241792855883E-7,NO
112,267,1.2731623123537788E-6,NO
113,55,7.052241792855883E-7,NO
114,46,7.043692967443219E-7,NO
115,226,1.0511549247452356E-6,NO
116,54,7.052241792855883E-7,NO
117,270,1.3074542825391074E-6,NO
118,74,7.119055396692066E-7,NO
119,359,2.330981279558808E-6,NO
120,78,7.146276877683865E-7,NO
121,180,8.860084909372889E-7,NO
122,57,7.062700429392334E-7,NO
123,50,7.045909670622581E-7,NO
124,243,1.1245327529445605E-6,NO
125,254,1.2093686422717726E-6,NO
126,306,1.6007473067298826E-6,NO
127,139,7.829607443043512E-7,NO
128,375,2.614418157373702E-6,NO
129,75,7.119055396692066E-7,NO
130,222,1.0289759071281613E-6,NO
131,61,7.062700429392334E-7,NO
132,98,7.298681128241893E-7,NO
133,28,7.061732562889117E-7,NO
134,55,7.052241792855883E-7,NO
135,194,9.165557865781748E-7,NO
136,28,7.061732562889117E-7,NO
137,50,7.045909670622581E-7,NO
138,55,7.052241792855883E-7,NO
139,124,7.592820347095458E-7,NO
140,87,7.213651830419471E-7,NO
141,65,7.077303920566418E-7,NO
142,144,7.919404877161393E-7,NO
143,134,7.745347335818025E-7,NO
144,117,7.524271191982741E-7,NO
145,28,7.061732562889117E-7,NO
146,57,7.062700429392334E-7,NO
147,60,7.062700429392334E-7,NO
148,62,7.077303920566418E-7,NO
149,89,7.213651830419471E-7,NO
150,60,7.062700429392334E-7,NO
151,68,7.096077905410541E-7,NO
152,522,1.0995180915546294E-5,YES
153,43,7.043692967443219E-7,NO
154,247,1.1514564203767723E-6,NO
155,35,7.051597489294238E-7,NO
156,42,7.043692967443219E-7,NO
157,57,7.062700429392334E-7,NO
158,117,7.524271191982741E-7,YES
159,61,7.062700429392334E-7,NO
160,92,7.253924804990197E-7,NO
161,93,7.253924804990197E-7,NO
162,80,7.146276877683865E-7,NO
163,101,7.348000881142904E-7,NO
164,59,7.062700429392334E-7,NO
165,84,7.177790421061368E-7,NO
166,82,7.177790421061368E-7,NO
167,172,8.584810998533013E-7,YES
168,143,7.919404877161393E-7,NO
169,78,7.146276877683865E-7,NO
170,66,7.077303920566418E-7,NO
171,66,7.077303920566418E-7,NO
172,310,1.0,NO
173,86,1.4405341747566387E-4,NO
174,66,2.975668111857492E-5,NO
175,85,7.177790421061368E-7,NO
176,54,7.052241792855883E-7,NO
177,77,7.146276877683865E-7,NO
178,137,7.829607443043512E-7,NO
179,130,7.666467111111012E-7,YES
180,79,7.146276877683865E-7,NO
181,76,7.119055396692066E-7,NO
182,81,7.146276877683865E-7,NO
183,98,7.298681128241893E-7,NO
184,115,7.460693946702704E-7,NO
185,180,8.860084909372889E-7,NO
186,118,7.524271191982741E-7,NO
187,132,7.745347335818025E-7,NO
188,95,7.253924804990197E-7,YES
189,88,7.213651830419471E-7,NO
190,51,7.045909670622581E-7,NO
191,120,7.524271191982741E-7,YES
