ID, Size, Predicted, Actual
0,45,2.37623788961438E-6,NO
1,79,2.3573398750388E-6,NO
2,67,2.3530700448807065E-6,NO
3,45,2.37623788961438E-6,NO
4,28,2.422727346039622E-6,NO
5,28,2.422727346039622E-6,NO
6,564,1.1728504506992605E-4,YES
7,1491,1.0,YES
8,173,0.9999985743002981,NO
9,25,2.422727346039622E-6,NO
10,39,2.38548134575037E-6,NO
11,47,2.37623788961438E-6,NO
12,184,2.8952744953423906E-6,NO
13,30,2.4087034639230684E-6,NO
14,221,3.3671044153376684E-6,NO
15,50,2.3685479084237172E-6,NO
16,101,2.3949792472553797E-6,NO
17,41,2.38548134575037E-6,NO
18,250,3.97412661331855E-6,NO
19,227,3.5191026841440425E-6,NO
20,363,9.282745221193803E-6,NO
21,407,1.4580183655227674E-5,YES
22,145,2.565795039970279E-6,NO
23,49,2.3685479084237172E-6,NO
24,85,2.3617905590452304E-6,NO
25,64,2.3546650452533567E-6,NO
26,42,2.38548134575037E-6,NO
27,36,2.3962961959558336E-6,NO
28,37,2.3962961959558336E-6,NO
29,83,2.3617905590452304E-6,NO
30,32,2.4087034639230684E-6,NO
31,26,2.422727346039622E-6,NO
32,883,0.9989541735586563,YES
33,413,1.5307440431862446E-5,YES
34,213,3.2299417243159813E-6,YES
35,24,2.438395290043864E-6,NO
36,24,2.438395290043864E-6,NO
37,27,2.422727346039622E-6,NO
38,259,4.190966122198065E-6,NO
39,30,2.4087034639230684E-6,NO
40,428,1.778244186228214E-5,NO
41,979,0.5434909990866181,YES
42,123,2.4536689758434992E-6,YES
43,562,1.0930543612712889E-4,NO
44,205,3.1665130682182936E-6,YES
45,37,2.3962961959558336E-6,NO
46,35,2.3962961959558336E-6,NO
47,283,4.8402370952670824E-6,NO
48,316,6.083189454230316E-6,NO
49,204,3.1063203890618423E-6,NO
50,133,2.515500858165267E-6,NO
51,285,4.9912833111615615E-6,YES
52,336,7.301053665756214E-6,NO
53,701,0.0013070616088445169,YES
54,301,5.494385831918999E-6,NO
55,76,2.354406174496846E-6,NO
56,69,2.3530700448807065E-6,YES
57,266,4.307922889229556E-6,NO
58,253,3.97412661331855E-6,NO
59,217,3.29675332788189E-6,NO
60,100,2.3843450996784188E-6,NO
61,191,2.995099581421346E-6,NO
62,476,3.236549040798606E-5,NO
63,95,2.3752801409910306E-6,NO
64,551,9.512054575227896E-5,NO
65,136,2.515500858165267E-6,NO
66,33,2.4087034639230684E-6,NO
67,491,3.862431052854895E-5,YES
68,143,2.565795039970279E-6,YES
69,113,2.4210409351093157E-6,NO
70,34,2.3962961959558336E-6,NO
71,39,2.38548134575037E-6,NO
72,36,2.3962961959558336E-6,NO
73,277,4.696771288874518E-6,YES
74,75,2.354406174496846E-6,NO
75,57,2.357771879739954E-6,NO
76,124,2.4725235636091853E-6,NO
77,59,2.357771879739954E-6,NO
78,32,2.4087034639230684E-6,NO
79,25,2.422727346039622E-6,NO
80,53,2.3623965297154833E-6,NO
81,53,2.3623965297154833E-6,NO
82,88,2.3677668032136446E-6,YES
83,107,2.4072032491353574E-6,NO
84,133,0.019510117092120926,YES
85,169,2.7650003997448038E-6,NO
86,94,2.3752801409910306E-6,NO
87,35,2.3962961959558336E-6,NO
88,689,0.0010933436952893247,YES
89,162,2.690031253469453E-6,NO
90,39,2.38548134575037E-6,NO
91,79,2.3573398750388E-6,NO
92,85,2.3617905590452304E-6,NO
93,110,2.4210409351093157E-6,NO
94,122,2.4536689758434992E-6,NO
95,53,2.3623965297154833E-6,NO
96,52,2.3623965297154833E-6,NO
97,177,2.8059613343787313E-6,YES
98,533,0.36290385098248723,YES
99,183,2.8952744953423906E-6,YES
100,215,3.29675332788189E-6,NO
101,76,2.354406174496846E-6,NO
102,563,1.0930543612712889E-4,NO
103,257,4.079798772752857E-6,NO
104,55,2.3623965297154833E-6,NO
105,102,2.3949792472553797E-6,NO
106,403,1.3896382448785008E-5,NO
107,35,2.3962961959558336E-6,NO
108,145,2.565795039970279E-6,NO
109,119,2.4536689758434992E-6,NO
110,108,2.4072032491353574E-6,NO
111,91,2.3677668032136446E-6,NO
112,69,2.3530700448807065E-6,NO
113,80,2.3573398750388E-6,NO
114,63,2.3546650452533567E-6,NO
115,160,2.690031253469453E-6,NO
116,102,2.3949792472553797E-6,NO
117,54,2.3623965297154833E-6,NO
118,267,4.4309827059438605E-6,NO
119,55,2.3623965297154833E-6,NO
120,46,2.37623788961438E-6,NO
121,226,3.4411616925709986E-6,NO
122,54,2.3623965297154833E-6,NO
123,270,4.4309827059438605E-6,NO
124,74,2.3529838099194003E-6,NO
125,359,8.904278226633648E-6,NO
126,78,2.354406174496846E-6,NO
127,180,2.849354801850952E-6,NO
128,57,2.357771879739954E-6,NO
129,50,2.3685479084237172E-6,NO
130,243,3.7781805105079092E-6,NO
131,254,4.079798772752857E-6,NO
132,306,5.680390445792768E-6,NO
133,139,2.539709438366489E-6,NO
134,372,1.0108039193747437E-5,NO
135,75,2.354406174496846E-6,NO
136,222,3.3671044153376684E-6,NO
137,61,2.3546650452533567E-6,NO
138,98,2.3843450996784188E-6,NO
139,28,2.422727346039622E-6,NO
140,55,2.3623965297154833E-6,NO
141,195,2.995099581421346E-6,NO
142,28,2.422727346039622E-6,NO
143,50,2.3685479084237172E-6,NO
144,55,2.3623965297154833E-6,NO
145,130,2.493120512234427E-6,NO
146,87,2.3617905590452304E-6,NO
147,65,2.3546650452533567E-6,NO
148,140,2.539709438366489E-6,NO
149,134,2.515500858165267E-6,NO
150,117,2.4365193767805814E-6,NO
151,28,2.422727346039622E-6,NO
152,57,2.357771879739954E-6,NO
153,60,2.357771879739954E-6,NO
154,62,2.3546650452533567E-6,NO
155,89,2.3677668032136446E-6,NO
156,60,2.357771879739954E-6,NO
157,68,2.3530700448807065E-6,NO
158,522,5.966926636935545E-5,NO
159,43,2.37623788961438E-6,NO
160,247,3.87367356138761E-6,NO
161,35,2.3962961959558336E-6,NO
162,42,2.38548134575037E-6,NO
163,57,2.357771879739954E-6,NO
164,125,2.4725235636091853E-6,NO
165,61,2.3546650452533567E-6,NO
166,92,2.3752801409910306E-6,NO
167,92,2.3752801409910306E-6,NO
168,80,2.3573398750388E-6,NO
169,101,2.3949792472553797E-6,NO
170,59,2.357771879739954E-6,NO
171,84,2.3617905590452304E-6,NO
172,81,2.3573398750388E-6,NO
173,173,2.8059613343787313E-6,NO
174,159,2.6558646411653614E-6,NO
175,99,2.3843450996784188E-6,NO
176,73,2.3529838099194003E-6,NO
177,74,2.3529838099194003E-6,NO
178,330,7.030366742551905E-6,NO
179,81,2.3573398750388E-6,NO
180,66,2.3530700448807065E-6,NO
181,245,3.87367356138761E-6,NO
182,91,2.3677668032136446E-6,NO
183,57,2.357771879739954E-6,NO
184,85,2.3617905590452304E-6,NO
185,94,2.3752801409910306E-6,NO
186,54,2.3623965297154833E-6,NO
187,75,2.354406174496846E-6,NO
188,137,2.539709438366489E-6,NO
189,133,2.515500858165267E-6,NO
190,79,2.3573398750388E-6,NO
191,76,2.354406174496846E-6,NO
192,81,2.3573398750388E-6,NO
193,99,2.3843450996784188E-6,NO
194,115,2.4365193767805814E-6,NO
195,180,2.849354801850952E-6,NO
196,118,2.4365193767805814E-6,NO
197,132,2.493120512234427E-6,NO
198,94,2.3752801409910306E-6,NO
199,88,2.3677668032136446E-6,NO
200,51,2.3685479084237172E-6,NO
201,111,2.4210409351093157E-6,NO
