ID, Size, Predicted, Actual
0,40,0.03526287138598652,NO
1,28,0.03555998192796102,NO
2,28,0.03555998192796102,NO
3,449,0.2710550323716468,YES
4,1358,1.0,NO
5,25,0.03574785629229017,NO
6,39,0.03526287138598652,NO
7,50,0.03506863428690169,NO
8,82,0.03518317456385604,NO
9,41,0.03526287138598652,NO
10,245,0.0570648461775693,NO
11,227,0.05169444447881399,NO
12,363,0.12697972819042605,NO
13,375,0.14329173199342574,YES
14,145,0.038848784834546304,NO
15,49,0.03506863428690169,NO
16,85,0.03518317456385604,NO
17,64,0.034966858458611555,NO
18,36,0.035398432852541475,NO
19,37,0.03526287138598652,NO
20,92,0.035443986182352026,NO
21,32,0.035398432852541475,NO
22,26,0.03574785629229017,NO
23,669,0.9999162194369916,YES
24,398,0.995660474537268,YES
25,206,0.04733787346155789,YES
26,24,0.03574785629229017,NO
27,24,0.03574785629229017,NO
28,27,0.03555998192796102,NO
29,30,0.03555998192796102,NO
30,428,0.22816866840846212,NO
31,972,0.9999296417557194,NO
32,123,0.03686591190832537,NO
33,562,0.6365956038650632,NO
34,205,0.04733787346155789,NO
35,37,0.03526287138598652,NO
36,35,0.035398432852541475,NO
37,276,0.06957189599186772,NO
38,316,0.09054994608259696,NO
39,204,0.04733787346155789,NO
40,133,0.037566390705933234,NO
41,285,0.07175136582865366,NO
42,336,0.10471266544223926,NO
43,464,0.3080146373074357,NO
44,294,0.0764576380210078,NO
45,76,0.03509119947643355,NO
46,69,0.03498315362317089,NO
47,266,0.06366144455536293,NO
48,247,0.05858962608919189,NO
49,217,0.049400852392868504,NO
50,99,0.03561336657867604,NO
51,191,0.0446334486098349,NO
52,476,0.3349692153070406,NO
53,95,0.035443986182352026,NO
54,550,0.9993807374175465,YES
55,136,0.03796211191318912,NO
56,33,0.035398432852541475,NO
57,479,1.0,YES
58,140,0.03838926820492055,NO
59,111,0.9757938807138115,YES
60,34,0.035398432852541475,NO
61,39,0.03526287138598652,NO
62,36,0.035398432852541475,NO
63,202,0.9811623564132548,YES
64,106,0.036031849179403636,NO
65,57,0.03497565266366039,NO
66,43,0.0351530147744288,NO
67,27,0.03555998192796102,NO
68,25,0.03574785629229017,NO
69,53,0.035009554485117354,NO
70,88,0.03530068853406118,YES
71,107,0.036031849179403636,NO
72,132,0.037566390705933234,NO
73,169,0.04166962381237432,NO
74,80,0.03509119947643355,NO
75,29,0.03555998192796102,NO
76,430,0.22816866840846212,NO
77,79,0.03509119947643355,NO
78,85,0.03518317456385604,NO
79,110,0.03628183038815019,NO
80,111,0.03628183038815019,NO
81,53,0.035009554485117354,NO
82,52,0.035009554485117354,NO
83,158,0.039868980403219505,NO
84,270,0.06553212617265727,YES
85,183,0.04306591734962637,NO
86,215,0.049400852392868504,NO
87,76,0.03509119947643355,NO
88,285,0.07175136582865366,YES
89,258,0.06188377163680147,NO
90,55,0.035009554485117354,NO
91,102,0.03580918402322761,NO
92,403,0.18411533587749201,NO
93,35,0.035398432852541475,NO
94,145,0.038848784834546304,NO
95,119,0.0365596551683196,NO
96,71,0.035024571969481284,YES
97,75,0.035024571969481284,YES
98,69,0.03498315362317089,NO
99,80,0.03509119947643355,YES
100,63,0.034966858458611555,NO
101,120,0.03686591190832537,YES
102,98,0.03561336657867604,NO
103,54,0.035009554485117354,NO
104,267,0.06553212617265727,NO
105,55,0.035009554485117354,NO
106,46,0.0351530147744288,NO
107,226,0.05169444447881399,NO
108,54,0.035009554485117354,NO
109,270,0.06553212617265727,NO
110,74,0.035024571969481284,NO
111,359,0.12697972819042605,NO
112,78,0.03509119947643355,NO
113,180,0.04306591734962637,NO
114,57,0.03497565266366039,NO
115,50,0.03506863428690169,NO
116,243,0.0570648461775693,NO
117,254,0.060194589227527726,NO
118,306,0.0844793990794559,NO
119,139,0.03796211191318912,NO
120,375,0.14329173199342574,NO
121,75,0.035024571969481284,NO
122,222,0.05051749913375447,NO
123,61,0.03497565266366039,NO
124,98,0.03561336657867604,NO
125,28,0.03555998192796102,NO
126,55,0.035009554485117354,NO
127,194,0.04548586009200663,NO
128,28,0.03555998192796102,NO
129,50,0.03506863428690169,NO
130,55,0.035009554485117354,NO
131,118,0.0365596551683196,NO
132,87,0.03530068853406118,NO
133,65,0.034966858458611555,NO
134,144,0.03838926820492055,NO
135,117,0.0365596551683196,NO
136,28,0.03555998192796102,NO
137,57,0.03497565266366039,NO
138,60,0.03497565266366039,NO
139,62,0.034966858458611555,NO
140,89,0.03530068853406118,NO
141,60,0.03497565266366039,NO
142,68,0.03498315362317089,NO
143,522,0.4942307349278279,NO
144,43,0.0351530147744288,NO
145,247,0.05858962608919189,NO
146,35,0.035398432852541475,NO
147,42,0.0351530147744288,NO
148,57,0.03497565266366039,NO
149,91,0.035443986182352026,NO
150,61,0.03497565266366039,NO
151,92,0.035443986182352026,NO
152,93,0.035443986182352026,NO
153,80,0.03509119947643355,NO
154,101,0.03580918402322761,NO
155,59,0.03497565266366039,NO
156,84,0.03518317456385604,NO
157,82,0.03518317456385604,NO
158,132,0.037566390705933234,NO
159,143,0.03838926820492055,NO
160,78,0.03509119947643355,NO
161,66,0.03498315362317089,NO
162,66,0.03498315362317089,NO
163,85,0.03518317456385604,YES
164,54,0.035009554485117354,NO
165,77,0.03509119947643355,NO
166,137,0.03796211191318912,NO
167,130,0.037566390705933234,NO
168,79,0.03509119947643355,NO
169,76,0.03509119947643355,NO
170,81,0.03518317456385604,NO
171,98,0.03561336657867604,NO
172,115,0.0365596551683196,NO
173,180,0.04306591734962637,NO
174,118,0.0365596551683196,NO
175,64,0.034966858458611555,NO
176,95,0.035443986182352026,NO
177,88,0.03530068853406118,NO
178,51,0.03506863428690169,NO
179,120,0.03686591190832537,NO
