ID, Size, Predicted, Actual
0,40,0.6610248917748918,NO
1,28,0.0,NO
2,28,0.0,NO
3,449,0.45,YES
4,1358,0.6568207070707072,NO
5,25,0.0,NO
6,39,0.6772938172938174,NO
7,50,0.0,NO
8,82,0.57,NO
9,41,0.03071428571428571,NO
10,245,0.12225757575757576,NO
11,227,0.9051190476190476,NO
12,363,0.72,NO
13,375,0.5624880952380953,YES
14,145,0.7972211399711401,NO
15,49,0.025,NO
16,85,0.0,NO
17,64,0.00625,NO
18,36,0.0,NO
19,37,0.0,NO
20,92,0.2,NO
21,32,0.0,NO
22,26,0.0,NO
23,669,0.97,YES
24,398,0.98,YES
25,206,0.14384523809523808,YES
26,24,0.0,NO
27,24,0.0,NO
28,27,0.0,NO
29,30,0.04857142857142857,NO
30,428,0.07,NO
31,972,0.1338131313131313,NO
32,123,0.0,NO
33,562,0.03,NO
34,205,0.14384523809523808,NO
35,37,0.0,NO
36,35,0.0,NO
37,276,0.085,NO
38,316,0.013999999999999999,NO
39,204,0.19104978354978358,NO
40,133,0.0,NO
41,285,0.013999999999999999,NO
42,336,0.39730952380952383,NO
43,464,0.96,NO
44,294,0.013999999999999999,NO
45,76,0.008888888888888889,NO
46,69,0.5718980741480743,NO
47,266,0.39866666666666667,NO
48,247,0.8526821789321789,NO
49,217,0.1956428571428572,NO
50,99,0.0,NO
51,191,0.6338881673881676,NO
52,476,0.96,NO
53,95,0.0,NO
54,550,0.81,YES
55,136,0.021666666666666664,NO
56,33,0.0,NO
57,479,1.0,YES
58,140,0.03166666666666666,NO
59,111,0.96,YES
60,34,0.0,NO
61,39,0.6772938172938174,NO
62,36,0.0,NO
63,202,1.0,YES
64,106,0.09252777777777776,NO
65,57,0.0,NO
66,43,0.012916666666666665,NO
67,27,0.0,NO
68,25,0.0,NO
69,53,0.0,NO
70,88,0.0,YES
71,107,0.21743253968253973,NO
72,132,0.0,NO
73,169,0.5239151126651125,NO
74,80,0.0,NO
75,29,0.018571428571428572,NO
76,430,0.12,NO
77,79,0.0,NO
78,85,0.0,NO
79,110,0.1639722222222222,NO
80,111,0.19,NO
81,53,0.0,NO
82,52,0.0,NO
83,158,0.51,NO
84,270,0.38,YES
85,183,0.009642857142857144,NO
86,215,0.02,NO
87,76,0.008888888888888889,NO
88,285,0.013999999999999999,YES
89,258,0.01,NO
90,55,0.0,NO
91,102,0.0077777777777777776,NO
92,403,0.79,NO
93,35,0.0,NO
94,145,0.7972211399711401,NO
95,119,0.02,NO
96,71,0.7027460594960595,YES
97,75,0.0,YES
98,69,0.5718980741480743,NO
99,80,0.0,YES
100,63,0.0,NO
101,120,0.0,YES
102,98,0.0,NO
103,54,0.0,NO
104,267,0.6226666666666667,NO
105,55,0.0,NO
106,46,0.3481309523809524,NO
107,226,0.6576309523809524,NO
108,54,0.0,NO
109,270,0.15083333333333335,NO
110,74,0.0,NO
111,359,0.6554087301587301,NO
112,78,0.0,NO
113,180,0.009642857142857144,NO
114,57,0.0,NO
115,50,0.0,NO
116,243,0.10009090909090908,NO
117,254,0.03166666666666666,NO
118,306,0.013999999999999999,NO
119,139,0.03166666666666666,NO
120,375,0.5624880952380953,NO
121,75,0.0,NO
122,222,0.3984761904761905,NO
123,61,0.006666666666666666,NO
124,98,0.0,NO
125,28,0.0,NO
126,55,0.0,NO
127,194,0.473,NO
128,28,0.0,NO
129,50,0.0,NO
130,55,0.23,NO
131,118,0.32,NO
132,87,0.0,NO
133,65,0.31,NO
134,144,0.7972211399711401,NO
135,117,0.53,NO
136,28,0.0,NO
137,57,0.0,NO
138,60,0.0,NO
139,62,0.0,NO
140,89,0.17,NO
141,60,0.0,NO
142,68,0.48045454545454547,NO
143,522,0.08,NO
144,43,0.012916666666666665,NO
145,247,0.8526821789321789,NO
146,35,0.0,NO
147,42,0.02672619047619048,NO
148,57,0.0,NO
149,91,0.0,NO
150,61,0.0,NO
151,92,0.0,NO
152,93,0.0,NO
153,80,0.0,NO
154,101,0.0,NO
155,59,0.0,NO
156,84,0.0,NO
157,82,0.0,NO
158,132,0.0,NO
159,143,0.746578282828283,NO
160,78,0.38,NO
161,66,0.63,NO
162,66,0.63,NO
163,85,0.0,YES
164,54,0.0,NO
165,77,0.7995674603174603,NO
166,137,0.021666666666666664,NO
167,130,0.45,NO
168,79,0.0,NO
169,76,0.008888888888888889,NO
170,81,0.0,NO
171,98,0.0,NO
172,115,0.97,NO
173,180,0.009642857142857144,NO
174,118,0.11,NO
175,64,0.00625,NO
176,95,0.0,NO
177,88,0.12,NO
178,51,0.0,NO
179,120,0.0,NO
