ID, Size, Predicted, Actual
0,28,0.0,NO
1,28,0.0,NO
2,449,0.02,NO
3,1311,0.97,YES
4,25,0.0,NO
5,50,0.0,NO
6,76,0.0,NO
7,38,0.3062420634920635,NO
8,175,1.0,YES
9,326,0.98,YES
10,370,1.0,YES
11,145,0.94,YES
12,85,0.0,NO
13,64,0.0,NO
14,36,0.0,NO
15,36,0.0,NO
16,32,0.49,NO
17,26,0.0,NO
18,527,0.71,YES
19,395,1.0,YES
20,213,0.7,NO
21,24,0.11,NO
22,24,0.0,NO
23,27,0.0,NO
24,73,1.0,YES
25,56,0.0,NO
26,30,0.32,NO
27,294,0.22,NO
28,983,0.0,NO
29,252,0.0,NO
30,620,0.0,NO
31,37,0.91,NO
32,35,0.0,NO
33,286,0.0,NO
34,232,0.0535,NO
35,203,0.0,NO
36,270,0.0,NO
37,425,0.026666666666666665,NO
38,244,0.0,NO
39,74,0.0,NO
40,69,0.06174999999999999,NO
41,247,0.0,NO
42,237,0.88,NO
43,202,0.0,NO
44,99,0.0,NO
45,191,0.7776309523809525,NO
46,464,1.0,YES
47,95,0.0,NO
48,549,0.0,NO
49,136,0.0,NO
50,40,0.749301282051282,NO
51,86,0.0,NO
52,105,0.67,NO
53,79,0.53,NO
54,85,0.0,NO
55,72,0.73,NO
56,105,0.0,NO
57,52,0.0,NO
58,151,0.96,YES
59,264,0.13,NO
60,183,0.46,NO
61,195,0.98,YES
62,76,0.34,NO
63,250,0.99,YES
64,237,0.98,YES
65,55,0.0,NO
66,35,0.72,NO
67,110,0.33,NO
68,114,0.11,NO
69,71,0.7264563492063492,NO
70,54,0.0,NO
71,267,0.36,NO
72,55,0.9351652236652237,NO
73,46,0.3,NO
74,226,0.36,NO
75,54,0.27,NO
76,266,0.34,NO
77,74,0.0,NO
78,359,0.18,NO
79,78,0.155,NO
80,181,0.97,YES
81,57,0.265,NO
82,50,0.11,NO
83,243,0.81,NO
84,253,0.51,NO
85,306,0.51,NO
86,139,0.49,NO
87,375,0.54,NO
88,75,0.31,NO
89,222,0.69,NO
90,28,0.07,NO
91,55,0.0,NO
92,149,0.81,NO
93,25,0.15,NO
94,50,0.72,NO
95,41,0.55,NO
96,101,0.64,NO
97,81,0.43,NO
98,51,0.56,NO
99,135,0.12,NO
100,117,0.22,NO
101,25,0.15,NO
102,54,0.9,NO
103,60,0.0,NO
104,62,0.05028571428571429,NO
105,83,0.05,NO
106,60,0.07611904761904761,NO
107,63,0.040285714285714286,NO
108,452,0.24,NO
109,42,0.02,NO
110,57,0.1507922077922078,NO
111,156,0.77,NO
112,61,0.05028571428571429,NO
113,91,0.21,NO
114,93,0.23,NO
115,80,0.01,NO
116,101,0.81,NO
117,59,0.10195238095238096,NO
118,84,0.05,NO
119,82,0.02,NO
120,132,0.17,NO
121,76,0.0,NO
122,33,0.0,NO
123,430,1.0,YES
124,153,0.67,NO
125,122,0.67,NO
126,75,0.0,NO
127,60,1.0,YES
128,34,0.0,NO
129,39,0.7875436507936509,NO
130,36,0.0,NO
131,79,0.0,NO
132,28,0.0,NO
133,438,0.89,NO
134,194,0.73,NO
135,99,0.64,NO
136,55,0.51,NO
137,43,0.03571428571428572,NO
138,27,0.0,NO
139,25,0.0,NO
140,53,0.0,NO
141,108,1.0,YES
142,103,0.11,NO
143,85,0.0,NO
144,54,0.0,NO
145,78,0.0,NO
146,98,0.0,NO
147,99,0.22,NO
148,79,0.31,NO
149,78,0.5,YES
150,101,0.79,NO
151,177,0.09,NO
152,123,0.0,NO
153,88,0.05,NO
154,51,0.0,NO
155,119,0.5399999999999999,NO
156,124,0.57,NO
157,169,0.63,NO
