ID, Size, Predicted, Actual
0,28,1.4029271024939244E-5,NO
1,28,1.4029271024939244E-5,NO
2,449,1.13555393841811E-4,NO
3,1339,0.9999999657609917,YES
4,25,1.4029271024939244E-5,NO
5,50,1.406746271560529E-5,NO
6,76,1.4347639268079505E-5,NO
7,38,1.4027985865275846E-5,NO
8,178,8.848762236794793E-5,NO
9,326,4.0284273939195996E-5,NO
10,370,5.6384425113733814E-5,YES
11,145,1.6440329477984516E-5,NO
12,49,1.2338790179419927E-4,NO
13,85,1.4534889541967245E-5,NO
14,64,1.4203958667726757E-5,NO
15,36,1.4027985865275846E-5,NO
16,36,1.4027985865275846E-5,NO
17,32,1.4023540806438199E-5,NO
18,26,1.4029271024939244E-5,NO
19,543,0.739061034869658,YES
20,395,6.787830803262799E-5,NO
21,209,1.1871441326462147E-4,NO
22,24,1.4045188997084467E-5,NO
23,24,1.4045188997084467E-5,NO
24,27,1.4029271024939244E-5,NO
25,73,1.4270441011877298E-5,NO
26,56,1.4102580546309217E-5,NO
27,30,1.4023540806438199E-5,NO
28,294,3.227369991442449E-5,NO
29,983,0.44999630977682314,NO
30,262,1.5018972566256558E-4,NO
31,626,0.005848383559518391,NO
32,37,1.4027985865275846E-5,NO
33,35,1.4023540806438199E-5,NO
34,286,3.0149036528475515E-5,NO
35,232,2.3002716653689264E-5,NO
36,203,1.9843888560036645E-5,YES
37,286,1.5195817009373497E-4,NO
38,425,9.163004118736094E-5,NO
39,249,1.2274584794885358E-4,NO
40,74,1.4347639268079505E-5,NO
41,69,1.4270441011877298E-5,NO
42,247,2.4304329904772947E-5,YES
43,237,2.3002716653689264E-5,NO
44,214,9.35615555647996E-5,NO
45,99,1.4767373497515074E-5,NO
46,191,1.9000414908063213E-5,NO
47,464,1.3439757898349775E-4,YES
48,95,1.4645357177282013E-5,NO
49,549,3.68587575569858E-4,NO
50,136,1.597158223064151E-5,NO
51,40,1.4027985865275846E-5,NO
52,86,1.4534889541967245E-5,NO
53,105,1.49012125508291E-5,NO
54,79,1.4347639268079505E-5,NO
55,85,1.4534889541967245E-5,NO
56,72,1.4270441011877298E-5,NO
57,105,1.49012125508291E-5,NO
58,52,1.4102580546309217E-5,NO
59,151,1.6697997455345743E-5,NO
60,264,2.654014505479704E-5,NO
61,183,1.861246177206206E-5,NO
62,195,1.9410530499495558E-5,NO
63,76,1.4347639268079505E-5,NO
64,250,2.500970015928316E-5,NO
65,237,2.3002716653689264E-5,NO
66,55,1.4102580546309217E-5,NO
67,102,0.0023933618926872606,NO
68,389,1.0,NO
69,35,1.4023540806438199E-5,NO
70,130,1.468284569369101E-4,YES
71,114,1.5205597369186526E-5,YES
72,71,1.4270441011877298E-5,NO
73,54,1.4102580546309217E-5,NO
74,267,2.736990335563964E-5,NO
75,55,1.4102580546309217E-5,NO
76,46,1.4042615879293828E-5,NO
77,226,2.1834075453912745E-5,NO
78,54,1.4102580546309217E-5,NO
79,266,2.736990335563964E-5,NO
80,74,1.4347639268079505E-5,NO
81,359,5.1613485927935546E-5,NO
82,78,1.4347639268079505E-5,NO
83,181,1.8245661264790103E-5,NO
84,57,1.4102580546309217E-5,NO
85,50,1.406746271560529E-5,NO
86,243,2.4304329904772947E-5,NO
87,253,2.500970015928316E-5,NO
88,306,3.464848285495782E-5,NO
89,139,1.597158223064151E-5,NO
90,375,5.899696040188568E-5,NO
91,75,1.4347639268079505E-5,NO
92,222,2.1834075453912745E-5,NO
93,28,1.4029271024939244E-5,NO
94,55,1.4102580546309217E-5,NO
95,154,7.464724927911647E-5,NO
96,25,1.4029271024939244E-5,NO
97,50,1.406746271560529E-5,NO
98,41,1.4042615879293828E-5,NO
99,101,1.49012125508291E-5,NO
100,84,1.0035353918812693E-4,NO
101,51,1.406746271560529E-5,NO
102,135,1.597158223064151E-5,NO
103,117,1.5205597369186526E-5,NO
104,25,1.4029271024939244E-5,NO
105,54,1.4102580546309217E-5,NO
106,60,1.414804604537856E-5,NO
107,62,1.414804604537856E-5,NO
108,83,1.443572375417756E-5,NO
109,60,1.414804604537856E-5,NO
110,63,1.4203958667726757E-5,NO
111,452,1.2002935396332307E-4,NO
112,43,1.0455362096751286E-4,NO
113,247,0.9999994438210688,NO
114,35,8.547374843402814E-5,NO
115,42,1.4042615879293828E-5,NO
116,57,1.4102580546309217E-5,NO
117,156,1.6972011648792858E-5,NO
118,61,1.414804604537856E-5,NO
119,91,1.4645357177282013E-5,NO
120,93,1.4645357177282013E-5,NO
121,80,1.443572375417756E-5,NO
122,101,1.49012125508291E-5,NO
123,59,1.414804604537856E-5,NO
124,84,1.443572375417756E-5,NO
125,82,1.443572375417756E-5,NO
126,132,1.5759384107049054E-5,NO
127,76,1.4347639268079505E-5,NO
128,33,1.4023540806438199E-5,NO
129,430,9.657350431719515E-5,NO
130,153,1.6697997455345743E-5,NO
131,122,1.537683708084373E-5,NO
132,75,1.4347639268079505E-5,NO
133,60,1.414804604537856E-5,NO
134,34,1.4023540806438199E-5,NO
135,39,1.4027985865275846E-5,NO
136,36,1.4027985865275846E-5,NO
137,79,1.4347639268079505E-5,NO
138,28,1.4029271024939244E-5,NO
139,438,1.0185750077375727E-4,YES
140,194,1.9410530499495558E-5,NO
141,99,1.4767373497515074E-5,NO
142,55,1.4102580546309217E-5,NO
143,43,1.4042615879293828E-5,NO
144,27,1.4029271024939244E-5,NO
145,25,1.4029271024939244E-5,NO
146,53,1.4102580546309217E-5,NO
147,108,1.5047176621846861E-5,NO
148,103,1.49012125508291E-5,NO
149,85,1.4534889541967245E-5,NO
150,54,1.4102580546309217E-5,NO
151,79,7.185521644536437E-5,NO
152,137,1.9085042867865828E-4,NO
153,99,1.4767373497515074E-5,NO
154,79,1.4347639268079505E-5,NO
155,78,1.4347639268079505E-5,NO
156,101,1.49012125508291E-5,NO
157,177,1.7899069411577298E-5,NO
158,123,1.5561290054062033E-5,NO
159,88,1.4534889541967245E-5,NO
160,51,1.406746271560529E-5,NO
161,119,1.537683708084373E-5,NO
162,132,9.381400032192128E-5,NO
163,169,1.7571804078412057E-5,NO
