ID, Size, Predicted, Actual
0,40,3.5969514126019376E-6,NO
1,28,3.6217373284528614E-6,NO
2,28,3.6217373284528614E-6,NO
3,449,3.493882140252141E-5,YES
4,1470,1.0,NO
5,25,3.6378968345605195E-6,NO
6,39,3.5969514126019376E-6,NO
7,50,3.5820488330644107E-6,NO
8,82,3.60668169307574E-6,NO
9,41,3.5882742059772015E-6,NO
10,245,5.984921869176633E-6,NO
11,227,5.545512141385434E-6,NO
12,363,7.273114043851643E-5,NO
13,407,0.13799769553770777,YES
14,145,3.989907036599963E-6,NO
15,49,3.5820488330644107E-6,NO
16,85,3.620031183928802E-6,NO
17,64,3.5779815930574487E-6,NO
18,36,3.5969514126019376E-6,NO
19,37,3.5969514126019376E-6,NO
20,83,1.1509298531507432E-4,NO
21,32,3.6080981814753103E-6,NO
22,26,3.6378968345605195E-6,NO
23,686,0.012341633974468498,YES
24,398,2.0723696447585598E-5,NO
25,206,4.9504360816729185E-6,YES
26,24,3.6378968345605195E-6,NO
27,24,3.6378968345605195E-6,NO
28,27,3.6217373284528614E-6,NO
29,30,3.6217373284528614E-6,NO
30,428,2.8121235151710462E-5,NO
31,972,0.4910836463170923,NO
32,123,3.820868197613411E-6,NO
33,562,1.6142712721204245E-4,NO
34,205,4.9504360816729185E-6,NO
35,37,3.5969514126019376E-6,NO
36,35,3.6080981814753103E-6,NO
37,276,7.3223406396898074E-6,NO
38,316,9.603815362338484E-6,NO
39,204,4.9504360816729185E-6,NO
40,133,3.899175321158156E-6,NO
41,285,7.804219325246707E-6,NO
42,336,1.1631792031185125E-5,NO
43,464,4.141033571296368E-5,NO
44,294,8.34042713889317E-6,NO
45,76,3.5958216783718386E-6,NO
46,69,3.581486262078439E-6,NO
47,266,6.888896868678865E-6,NO
48,247,6.147337769118052E-6,NO
49,217,5.288565685658773E-6,NO
50,99,3.675316659107096E-6,NO
51,191,4.66232393107117E-6,NO
52,476,4.938124723285384E-5,NO
53,95,3.6543133587667625E-6,NO
54,550,1.3050058572479088E-4,NO
55,136,3.9429417081645625E-6,NO
56,33,3.6080981814753103E-6,NO
57,483,0.20294512229917963,YES
58,140,3.9429417081645625E-6,NO
59,111,3.7252652350430732E-6,NO
60,34,3.6080981814753103E-6,NO
61,39,3.5969514126019376E-6,NO
62,36,3.5969514126019376E-6,NO
63,210,0.056130801928922676,YES
64,111,2.216116268794352E-5,NO
65,57,3.5769077657131684E-6,NO
66,43,3.5882742059772015E-6,NO
67,27,3.6217373284528614E-6,NO
68,25,3.6378968345605195E-6,NO
69,53,3.578262592264278E-6,NO
70,88,3.620031183928802E-6,YES
71,107,3.6989509107821567E-6,NO
72,132,3.899175321158156E-6,NO
73,169,4.276586683772948E-6,NO
74,80,3.60668169307574E-6,NO
75,29,3.6217373284528614E-6,NO
76,430,2.8121235151710462E-5,NO
77,162,0.1635031384425438,NO
78,39,2.08013673891193E-5,NO
79,79,3.60668169307574E-6,NO
80,85,3.620031183928802E-6,NO
81,110,3.7252652350430732E-6,NO
82,111,3.7252652350430732E-6,NO
83,53,3.578262592264278E-6,NO
84,52,3.578262592264278E-6,NO
85,154,6.287529881427113E-5,NO
86,403,1.0,YES
87,183,4.494857204974268E-6,NO
88,215,5.1698538040990935E-6,NO
89,76,3.5958216783718386E-6,NO
90,554,1.0,YES
91,257,5.280945084376526E-5,NO
92,55,3.5769077657131684E-6,NO
93,102,3.675316659107096E-6,NO
94,403,2.1768312417302087E-5,NO
95,35,3.6080981814753103E-6,NO
96,145,3.989907036599963E-6,NO
97,119,3.7861598351598008E-6,NO
98,108,0.05006952195604109,YES
99,91,0.0421335691935471,YES
100,69,3.581486262078439E-6,NO
101,80,0.0192556692863018,YES
102,63,3.5779815930574487E-6,NO
103,160,1.0,YES
104,98,3.675316659107096E-6,NO
105,54,3.578262592264278E-6,NO
106,267,6.888896868678865E-6,NO
107,55,3.5769077657131684E-6,NO
108,46,3.5820488330644107E-6,NO
109,226,5.413677353936268E-6,NO
110,54,3.578262592264278E-6,NO
111,270,7.099902655075049E-6,NO
112,74,3.5958216783718386E-6,NO
113,359,1.3725102410670005E-5,NO
114,78,3.5958216783718386E-6,NO
115,180,4.494857204974268E-6,NO
116,57,3.5769077657131684E-6,NO
117,50,3.5820488330644107E-6,NO
118,243,5.984921869176633E-6,NO
119,254,6.318449109323555E-6,NO
120,306,8.937713020272464E-6,NO
121,139,3.9429417081645625E-6,NO
122,375,1.6371993737882773E-5,NO
123,75,3.5958216783718386E-6,NO
124,222,5.413677353936268E-6,NO
125,61,3.5779815930574487E-6,NO
126,98,3.675316659107096E-6,NO
127,28,3.6217373284528614E-6,NO
128,55,3.5769077657131684E-6,NO
129,194,4.753220440192661E-6,NO
130,28,3.6217373284528614E-6,NO
131,50,3.5820488330644107E-6,NO
132,55,3.5769077657131684E-6,NO
133,124,7.100979572347203E-5,NO
134,87,3.620031183928802E-6,NO
135,65,3.581486262078439E-6,NO
136,144,3.989907036599963E-6,NO
137,134,0.008363839070599378,NO
138,117,3.7861598351598008E-6,NO
139,28,3.6217373284528614E-6,NO
140,57,3.5769077657131684E-6,NO
141,60,3.5779815930574487E-6,NO
142,62,3.5779815930574487E-6,NO
143,89,3.6358975298855836E-6,NO
144,60,3.5779815930574487E-6,NO
145,68,3.581486262078439E-6,NO
146,522,9.280319228291673E-5,NO
147,43,3.5882742059772015E-6,NO
148,247,6.147337769118052E-6,NO
149,35,3.6080981814753103E-6,NO
150,42,3.5882742059772015E-6,NO
151,57,3.5769077657131684E-6,NO
152,117,2.3401300216380152E-5,NO
153,61,3.5779815930574487E-6,NO
154,92,1.8455724161559482E-5,NO
155,93,3.6543133587667625E-6,NO
156,80,3.60668169307574E-6,NO
157,101,3.675316659107096E-6,NO
158,59,3.5769077657131684E-6,NO
159,84,3.620031183928802E-6,NO
160,82,3.60668169307574E-6,NO
161,172,9.016692418085637E-5,NO
162,143,3.989907036599963E-6,NO
163,78,3.5958216783718386E-6,NO
164,66,3.581486262078439E-6,NO
165,66,3.581486262078439E-6,NO
166,85,0.019564144337088776,YES
167,54,3.578262592264278E-6,NO
168,77,3.5958216783718386E-6,NO
169,137,3.9429417081645625E-6,NO
170,130,3.858513254805673E-6,NO
171,79,3.60668169307574E-6,NO
172,76,3.5958216783718386E-6,NO
173,81,3.60668169307574E-6,NO
174,98,3.675316659107096E-6,NO
175,115,3.7543145646825935E-6,NO
176,180,4.494857204974268E-6,NO
177,118,3.7861598351598008E-6,NO
178,64,3.5779815930574487E-6,NO
179,95,3.6543133587667625E-6,NO
180,88,3.620031183928802E-6,NO
181,51,3.578262592264278E-6,NO
182,120,3.7861598351598008E-6,NO
