ID, Size, Predicted, Actual
0,25,0.0074837251015607105,NO
1,25,0.029884874096865455,NO
2,354,0.01655757187024038,YES
3,774,0.014436820724206583,YES
4,25,0.0074837251015607105,NO
5,38,0.8451803220405242,YES
6,235,0.9203831982599904,YES
7,199,0.7553402529726511,YES
8,34,0.029681435497981513,NO
9,36,0.029516533751557494,NO
10,36,0.029516533751557494,NO
11,26,0.029884874096865455,NO
12,441,0.9704951911788924,YES
13,465,0.04461441287402683,YES
14,191,0.03372946128866202,YES
15,24,0.029884874096865455,NO
16,24,0.029884874096865455,NO
17,52,0.009194396750910404,NO
18,54,0.029300044113102157,NO
19,192,0.03439549426373967,NO
20,300,0.049574434031957215,NO
21,250,0.040826270461775796,NO
22,618,0.13887979229255082,NO
23,37,0.029516533751557494,NO
24,35,0.029681435497981513,NO
25,279,0.04624726491877793,NO
26,274,0.044747631487046684,NO
27,398,0.08686957453379297,NO
28,238,0.9356006951110538,YES
29,74,0.02923221082776656,NO
30,69,0.02923221082776656,NO
31,203,0.03511819920024631,NO
32,229,0.037656610922945505,NO
33,202,0.03511819920024631,NO
34,101,0.91642016638542,YES
35,165,0.879619762483068,YES
36,337,0.06018390454559044,NO
37,94,0.029407601661378194,NO
38,381,0.9626581052131974,YES
39,138,0.030791266833010134,NO
40,40,0.029516533751557494,NO
41,86,0.029312035620658913,NO
42,90,0.029407601661378194,NO
43,78,0.0034854764974487024,NO
44,84,0.00342382357606224,NO
45,59,0.0028657327162049987,NO
46,111,0.009390070763233864,NO
47,149,9.94286023752849E-4,NO
48,74,0.008725738938587151,NO
49,230,0.010836518016880192,NO
50,208,0.005710540541691991,NO
51,55,0.0037491546073303967,NO
52,29,0.004907659495607937,NO
53,110,0.00890594110939103,NO
54,96,0.008233989540520393,NO
55,42,0.029516533751557494,NO
56,36,0.029516533751557494,NO
57,356,0.01085255653826566,YES
58,100,8.593167240851987E-5,YES
59,73,0.006046307031903732,YES
60,111,0.00890594110939103,NO
61,99,3.7191010282998006E-6,YES
62,79,1.9253150194864894E-5,NO
63,28,0.00889664408003442,NO
64,309,1.0,YES
65,94,0.005009655836356385,YES
66,45,0.006848582094412438,YES
67,39,0.008122053830317442,NO
68,40,0.029516533751557494,YES
69,28,0.029681435497981513,NO
70,27,0.029884874096865455,NO
71,71,0.02923221082776656,YES
72,80,0.007322082064423774,NO
73,40,0.007389382801099535,YES
74,87,0.029312035620658913,NO
75,53,0.0073339587737131316,YES
76,47,0.007356873527895914,NO
77,85,0.00878357941369865,NO
78,174,0.0010401482423686818,NO
79,143,0.008479370680657582,NO
80,115,0.004930163343774948,NO
81,220,0.00832963791215139,YES
82,142,0.0076357079355394335,YES
83,235,0.8794610389295323,YES
84,39,0.004337640662059622,NO
85,91,0.004915553158265448,NO
86,42,0.004257465226232696,NO
87,196,0.007739066332969872,NO
88,42,0.029516533751557494,NO
89,40,0.004768233353045035,NO
90,39,0.029516533751557494,YES
91,45,0.029389559322425093,NO
92,175,0.9488436552235134,YES
93,46,0.029389559322425093,NO
94,149,0.0069038182697445894,YES
95,292,0.9432977310432529,YES
96,78,0.006414659771795265,NO
97,475,0.005146199007413537,NO
98,163,0.03204615922013805,NO
99,211,0.010703290628808426,NO
100,120,0.0039075469416574105,NO
101,849,0.8102064977603449,NO
