ID, Size, Predicted, Actual
0,28,0.0629902886584735,NO
1,28,0.0629902886584735,NO
2,449,0.2131984500663441,NO
3,1311,1.0,YES
4,25,0.0629902886584735,NO
5,50,0.06517292634646003,NO
6,76,0.06832583733337957,NO
7,38,0.06404562289088156,NO
8,175,0.9898865828496635,YES
9,326,0.995185296241535,YES
10,370,0.9957693434468142,YES
11,145,0.045151891842946074,YES
12,85,0.06972956266371669,NO
13,64,0.06700530281551756,NO
14,36,0.06404562289088156,NO
15,36,0.06404562289088156,NO
16,32,0.07409538667124106,NO
17,26,0.0629902886584735,NO
18,527,0.34195543457498323,YES
19,395,0.9963779483826052,YES
20,213,0.11504665295861526,NO
21,24,0.0629902886584735,NO
22,24,0.0629902886584735,NO
23,27,0.0629902886584735,NO
24,73,0.9884158160684908,YES
25,56,0.06637513456646199,NO
26,30,0.07018210293158618,NO
27,294,0.12103287596203725,NO
28,983,0.9274381860957532,NO
29,252,0.10567541529972503,NO
30,620,0.4249926723956792,NO
31,37,0.07077070018180115,NO
32,35,0.06404562289088156,NO
33,286,0.1189292314254756,NO
34,232,0.10071408117582946,NO
35,203,0.09192115841486288,NO
36,270,0.11294419240421705,NO
37,425,0.19615244149774885,NO
38,244,0.10397690633802227,NO
39,74,0.06832583733337957,NO
40,69,0.06765539438250343,NO
41,247,0.10397690633802227,NO
42,237,0.10232350571362624,NO
43,202,0.09192115841486288,NO
44,99,0.07199934252820467,NO
45,191,0.0892951532607536,NO
46,464,0.9970832720827725,YES
47,95,0.07122020042881702,NO
48,549,0.319010299471926,NO
49,136,0.07813532512366982,NO
50,40,0.06460009982930928,NO
51,86,0.06972956266371669,NO
52,105,0.08610918209956579,NO
53,79,0.0762216639038631,NO
54,85,0.06972956266371669,NO
55,72,0.08508480769034166,NO
56,105,0.07280172233264524,NO
57,52,0.06576447575445375,NO
58,151,0.9914137269044504,YES
59,264,0.111053347929238,NO
60,183,0.08680923980340807,NO
61,195,0.9924838734915072,YES
62,76,0.08088652138765182,NO
63,250,0.9932987246375266,YES
64,237,1.0,YES
65,55,0.06576447575445375,NO
66,35,0.06404562289088156,NO
67,110,0.08127176471290967,NO
68,114,0.07362787741274382,NO
69,71,0.06765539438250343,NO
70,54,0.06576447575445375,NO
71,267,0.13537936730981143,NO
72,55,0.06576447575445375,NO
73,46,0.06517292634646003,NO
74,226,2.2214409538311492E-4,NO
75,54,0.06576447575445375,NO
76,266,0.09522545101211684,NO
77,74,0.06832583733337957,NO
78,359,0.15408244934338633,NO
79,78,0.06901707426559912,NO
80,181,0.9900370149204337,YES
81,57,0.06637513456646199,NO
82,50,0.06517292634646003,NO
83,243,0.1143825272228347,NO
84,253,0.1310677168566741,NO
85,306,0.14729105185267488,NO
86,139,0.09232064312657734,NO
87,375,0.19669346444506947,NO
88,75,0.06832583733337957,NO
89,222,0.11490502022377666,NO
90,28,0.0629902886584735,NO
91,55,0.06576447575445375,NO
92,149,0.046915322142038224,NO
93,25,0.0629902886584735,NO
94,50,0.08122597279752283,NO
95,41,0.003649242170365372,NO
96,101,0.08517360797772398,NO
97,81,0.08592995371781029,NO
98,51,0.0014242210886321986,NO
99,135,0.0771816130299205,NO
100,117,0.07447836254810992,NO
101,25,0.0629902886584735,NO
102,54,0.07265602947694683,NO
103,60,0.06637513456646199,NO
104,62,0.06700530281551756,NO
105,83,0.06972956266371669,NO
106,60,0.06637513456646199,NO
107,63,0.06700530281551756,NO
108,452,0.2608646455881854,NO
109,42,0.06460009982930928,NO
110,57,0.06637513456646199,NO
111,156,0.08951402710811754,NO
112,61,0.06637513456646199,NO
113,91,0.07046377526411961,NO
114,93,0.07046377526411961,NO
115,80,0.06901707426559912,NO
116,101,0.07948866622553456,NO
117,59,0.06637513456646199,NO
118,84,0.06972956266371669,NO
119,82,0.06901707426559912,NO
120,132,0.0771816130299205,NO
121,76,0.06832583733337957,NO
122,33,0.06350913511050303,NO
123,430,0.9968265641787445,YES
124,153,0.08951402710811754,NO
125,122,0.0890828773980995,NO
126,75,0.06832583733337957,NO
127,60,0.9880547654482699,YES
128,34,0.06350913511050303,NO
129,39,0.06404562289088156,NO
130,36,0.06404562289088156,NO
131,79,0.06901707426559912,NO
132,28,0.0629902886584735,NO
133,438,0.2224353512587575,NO
134,194,0.11016760301769558,NO
135,99,0.08957272342648766,NO
136,55,0.08107483235904721,NO
137,43,0.06460009982930928,NO
138,27,0.0629902886584735,NO
139,25,0.0629902886584735,NO
140,53,0.06576447575445375,NO
141,108,0.9891719704272292,YES
142,103,0.07199934252820467,NO
143,85,0.06972956266371669,NO
144,54,0.06576447575445375,NO
145,78,0.06901707426559912,NO
146,98,0.07122020042881702,NO
147,99,0.07199934252820467,NO
148,79,0.0762216639038631,NO
149,78,0.987260296069887,YES
150,101,0.07948866622553456,NO
151,177,0.08561666580647119,NO
152,123,0.07535375014437036,NO
153,88,0.07046377526411961,NO
154,51,0.06576447575445375,NO
155,119,0.09161841857679606,NO
156,124,0.09267509077566441,NO
157,169,0.08445658052533081,NO
