ID, Size, Predicted, Actual
0,45,1.612722883632809E-4,NO
1,79,3.2262782621107816E-5,NO
2,67,8.053224322842064E-4,NO
3,45,1.612722883632809E-4,NO
4,28,1.5511472874320756E-5,NO
5,28,1.5511472874320756E-5,NO
6,564,4.029857496061519E-4,YES
7,1491,0.9999193508493451,YES
8,173,8.053224322842064E-4,NO
9,25,2.9873089654951354E-5,NO
10,39,0.29412741536919634,NO
11,47,0.6249873978079431,NO
12,184,4.029857496061519E-4,NO
13,30,6.720943234014566E-5,NO
14,221,1.0080737330388303E-4,NO
15,50,2.781299117667595E-5,NO
16,101,8.960856142649668E-5,NO
17,41,1.1520510848318707E-4,NO
18,250,4.029857496061519E-4,NO
19,227,1.1520510848318707E-4,NO
20,363,1.3440079867752094E-4,NO
21,407,1.612722883632809E-4,YES
22,145,0.3703781152454661,NO
23,49,1.1520510848318707E-4,NO
24,85,0.2272827263476015,NO
25,64,5.760919111470553E-5,NO
26,42,6.720943234014566E-5,NO
27,36,2.3723039476778796E-5,NO
28,37,4.032782773241492E-5,NO
29,83,1.3440079867752094E-4,NO
30,32,6.720943234014566E-5,NO
31,26,5.040876822745801E-5,NO
32,883,0.9999193508493451,YES
33,413,1.612722883632809E-4,YES
34,213,8.053224322842064E-4,YES
35,24,3.66619303923796E-5,NO
36,24,3.66619303923796E-5,NO
37,27,4.032782773241492E-5,NO
38,259,8.053224322842064E-4,NO
39,30,6.720943234014566E-5,NO
40,428,1.1520510848318707E-4,NO
41,979,4.029857496061519E-4,YES
42,123,6.720943234014566E-5,YES
43,562,1.1520510848318707E-4,NO
44,205,8.06491506547211E-5,YES
45,37,4.032782773241492E-5,NO
46,35,2.6885941322683335E-5,NO
47,283,4.029857496061519E-4,NO
48,316,1.1520510848318707E-4,NO
49,204,1.1520510848318707E-4,NO
50,133,6.20401174956851E-5,NO
51,285,0.5882269216774241,YES
52,336,1.1520510848318707E-4,NO
53,701,4.029857496061519E-4,YES
54,301,4.029857496061519E-4,NO
55,76,2.5205654699734784E-5,NO
56,69,0.3225898776025248,YES
57,266,1.0080737330388303E-4,NO
58,253,2.687293624731529E-4,NO
59,217,1.1520510848318707E-4,NO
60,100,4.029857496061519E-4,NO
61,191,0.4545487874482175,NO
62,476,1.3440079867752094E-4,NO
63,95,0.40000645255652423,NO
64,551,4.029857496061519E-4,NO
65,136,6.720943234014566E-5,NO
66,33,7.331848479038749E-5,NO
67,491,4.029857496061519E-4,YES
68,143,2.015741062954026E-4,YES
69,113,0.8332885270451065,NO
70,34,6.20401174956851E-5,NO
71,39,0.29412741536919634,NO
72,36,2.3723039476778796E-5,NO
73,277,2.015741062954026E-4,YES
74,75,0.3703781152454661,NO
75,57,2.304526958909027E-5,NO
76,124,1.0080737330388303E-4,NO
77,59,5.3768991385471936E-5,NO
78,32,6.720943234014566E-5,NO
79,25,2.9873089654951354E-5,NO
80,53,3.5068045215513764E-5,NO
81,53,3.5068045215513764E-5,NO
82,88,4.744382792995176E-5,YES
83,107,8.06491506547211E-5,NO
84,133,0.9999193508493451,YES
85,169,1.0080737330388303E-4,NO
86,94,8.960856142649668E-5,NO
87,35,2.6885941322683335E-5,NO
88,689,8.053224322842064E-4,YES
89,162,1.612722883632809E-4,NO
90,39,0.29412741536919634,NO
91,79,3.2262782621107816E-5,NO
92,85,0.2272827263476015,NO
93,110,1.1520510848318707E-4,NO
94,122,8.053224322842064E-4,NO
95,53,3.5068045215513764E-5,NO
96,52,6.720943234014566E-5,NO
97,177,8.053224322842064E-4,YES
98,533,0.9999193508493451,YES
99,183,1.0080737330388303E-4,YES
100,215,0.5882269216774241,NO
101,76,2.5205654699734784E-5,NO
102,563,4.029857496061519E-4,NO
103,257,2.015741062954026E-4,NO
104,55,2.2405151896769187E-5,NO
105,102,7.331848479038749E-5,NO
106,403,0.5882269216774241,NO
107,35,2.6885941322683335E-5,NO
108,145,0.3703781152454661,NO
109,119,1.0080737330388303E-4,NO
110,108,0.5882269216774241,NO
111,91,8.960856142649668E-5,NO
112,69,0.3225898776025248,NO
113,80,0.3703781152454661,NO
114,63,1.0080737330388303E-4,NO
115,160,1.612722883632809E-4,NO
116,102,7.331848479038749E-5,NO
117,54,2.3723039476778796E-5,NO
118,267,1.0080737330388303E-4,NO
119,55,2.2405151896769187E-5,NO
120,46,8.960856142649668E-5,NO
121,226,1.0080737330388303E-4,NO
122,54,2.3723039476778796E-5,NO
123,270,7.331848479038749E-5,NO
124,74,3.84076024970787E-5,NO
125,359,1.0080737330388303E-4,NO
126,78,0.33334229531377424,NO
127,180,5.760919111470553E-5,NO
128,57,2.304526958909027E-5,NO
129,50,2.781299117667595E-5,NO
130,243,1.0080737330388303E-4,NO
131,254,1.1520510848318707E-4,NO
132,306,1.0080737330388303E-4,NO
133,139,1.0080737330388303E-4,NO
134,372,4.029857496061519E-4,NO
135,75,0.3703781152454661,NO
136,222,1.0080737330388303E-4,NO
137,61,5.3768991385471936E-5,NO
138,98,0.34483621782484797,NO
139,28,1.5511472874320756E-5,NO
140,55,2.2405151896769187E-5,NO
141,195,8.053224322842064E-4,NO
142,28,1.5511472874320756E-5,NO
143,50,2.781299117667595E-5,NO
144,55,2.2405151896769187E-5,NO
145,130,0.8332885270451065,NO
146,87,1.0080737330388303E-4,NO
147,65,1.3440079867752094E-4,NO
148,140,0.6249873978079431,NO
149,134,1.612722883632809E-4,NO
150,117,0.5263135552544853,NO
151,28,1.5511472874320756E-5,NO
152,57,2.304526958909027E-5,NO
153,60,4.480829592018572E-5,NO
154,62,1.0080737330388303E-4,NO
155,89,1.3440079867752094E-4,NO
156,60,4.480829592018572E-5,NO
157,68,1.3440079867752094E-4,NO
158,522,0.7142610246323794,NO
159,43,5.040876822745801E-5,NO
160,247,0.4545487874482175,NO
161,35,2.6885941322683335E-5,NO
162,42,6.720943234014566E-5,NO
163,57,2.304526958909027E-5,NO
164,125,1.612722883632809E-4,NO
165,61,5.3768991385471936E-5,NO
166,92,1.0080737330388303E-4,NO
167,92,1.0080737330388303E-4,NO
168,80,0.3703781152454661,NO
169,101,8.960856142649668E-5,NO
170,59,5.3768991385471936E-5,NO
171,84,1.0080737330388303E-4,NO
172,81,7.331848479038749E-5,NO
173,173,4.029857496061519E-4,NO
174,159,8.053224322842064E-4,NO
175,99,0.4545487874482175,NO
176,73,4.029857496061519E-4,NO
177,74,3.84076024970787E-5,NO
178,330,8.053224322842064E-4,NO
179,81,7.331848479038749E-5,NO
180,66,8.960856142649668E-5,NO
181,245,0.6666487436695382,NO
182,91,8.960856142649668E-5,NO
183,57,2.304526958909027E-5,NO
184,85,0.2272827263476015,NO
185,94,8.960856142649668E-5,NO
186,54,2.3723039476778796E-5,NO
187,75,0.3703781152454661,NO
188,137,1.1520510848318707E-4,NO
189,133,6.20401174956851E-5,NO
190,79,3.2262782621107816E-5,NO
191,76,2.5205654699734784E-5,NO
192,81,7.331848479038749E-5,NO
193,99,0.4545487874482175,NO
194,115,1.1520510848318707E-4,NO
195,180,5.760919111470553E-5,NO
196,118,1.1520510848318707E-4,NO
197,132,1.0080737330388303E-4,NO
198,94,8.960856142649668E-5,NO
199,88,4.744382792995176E-5,NO
200,51,6.20401174956851E-5,NO
201,111,0.41667226782914596,NO
