ID, Size, Predicted, Actual
0,45,0.0595083659229002,YES
1,79,0.0,YES
2,67,0.15093756243756243,NO
3,45,0.0595083659229002,YES
4,28,0.0,NO
5,28,0.0,NO
6,564,0.28974999999999995,YES
7,1492,0.25583333333333336,NO
8,174,0.0,NO
9,25,0.0,NO
10,39,0.04561659805690746,NO
11,47,0.07917129210658629,NO
12,184,0.0,NO
13,30,0.03996021545665436,NO
14,221,0.0,NO
15,50,0.0,NO
16,101,0.0,NO
17,41,0.06859019493578315,NO
18,250,0.0,NO
19,227,0.09107631150239508,NO
20,363,0.0,NO
21,408,0.0893611111111111,NO
22,145,0.03606977728347077,NO
23,49,0.0,NO
24,85,0.017391396122716393,NO
25,64,0.0,NO
26,42,0.0,NO
27,36,0.041144385547303854,NO
28,37,0.0,NO
29,83,0.0,NO
30,32,0.0,NO
31,26,0.0,NO
32,883,1.0,YES
33,429,0.0018181818181818182,NO
34,213,0.0,YES
35,24,0.0,NO
36,24,0.0,NO
37,27,0.0,NO
38,259,0.017261904761904763,NO
39,30,0.03996021545665436,NO
40,428,0.08784742545036667,YES
41,981,0.0,YES
42,126,0.0,NO
43,562,0.0,NO
44,226,0.0,NO
45,37,0.0,NO
46,35,0.0,NO
47,283,0.0,NO
48,316,0.0,NO
49,204,0.0,NO
50,133,0.04990659667766984,NO
51,298,0.17683333333333337,NO
52,336,0.0,NO
53,701,0.24058730158730157,NO
54,301,0.005,NO
55,76,0.0,NO
56,69,0.0603519947532974,NO
57,266,0.0,NO
58,253,0.0,NO
59,217,0.0,NO
60,100,0.19580483405483398,NO
61,191,0.055773626564877055,NO
62,476,0.0,NO
63,95,0.051062056626878974,NO
64,551,0.005,NO
65,136,0.0,NO
66,33,0.0,NO
67,551,1.0,YES
68,168,0.23386111111111116,NO
69,113,0.0075,NO
70,34,0.0,NO
71,39,0.04561659805690746,NO
72,36,0.041144385547303854,NO
73,291,1.0,YES
74,75,0.030407714909550063,NO
75,57,0.0,NO
76,124,0.0,NO
77,59,0.0,NO
78,32,0.0,NO
79,25,0.0,NO
80,53,1.0,YES
81,53,0.03319152966493632,NO
82,88,0.0,YES
83,107,0.07036809159081006,NO
84,134,0.0,NO
85,169,0.0,NO
86,94,0.035806625893802166,NO
87,35,0.0,NO
88,695,0.08283333333333334,NO
89,162,0.0,NO
90,39,0.04561659805690746,NO
91,79,0.0,NO
92,85,0.017391396122716393,NO
93,110,0.0,NO
94,133,0.04990659667766984,NO
95,53,0.03319152966493632,NO
96,52,0.0,NO
97,217,0.0,NO
98,555,1.0,YES
99,202,1.0,YES
100,215,0.07081235770593358,NO
101,76,0.0,NO
102,563,0.0,YES
103,257,0.0,NO
104,55,0.017601979683509718,NO
105,102,0.05048430342999642,NO
106,403,0.08212979809148539,NO
107,35,0.0,NO
108,145,0.03606977728347077,YES
109,119,0.0,NO
110,108,0.09573171681259918,NO
111,91,0.0,YES
112,69,0.0603519947532974,NO
113,80,0.031105710678191487,NO
114,63,0.0,NO
115,160,0.0,YES
116,102,0.05048430342999642,YES
117,54,0.01959566462962042,NO
118,267,0.0,NO
119,55,0.017601979683509718,NO
120,46,0.0,NO
121,226,0.0,NO
122,54,0.01959566462962042,NO
123,270,0.05560311703534976,NO
124,74,0.0,NO
125,359,0.0,NO
126,78,0.02694502954202056,NO
127,180,0.0,NO
128,57,0.0,NO
129,50,0.0,NO
130,243,0.07728995272582592,NO
131,254,0.0,NO
132,306,0.0,NO
133,139,0.0,NO
134,372,0.0,NO
135,75,0.030407714909550063,NO
136,222,0.0,NO
137,572,0.049833333333333334,NO
138,38,0.0,NO
139,348,0.09741666666666667,NO
140,124,0.0,NO
141,62,0.0,NO
142,53,0.03319152966493632,NO
143,158,0.0,NO
144,778,0.07,YES
145,203,0.11536743811743813,NO
146,115,0.0,NO
147,53,0.03319152966493632,NO
148,88,0.0,NO
149,61,0.0,NO
150,98,0.045605480383854646,NO
151,28,0.0,NO
152,55,0.017601979683509718,NO
153,195,0.0,NO
154,28,0.0,NO
155,50,0.0,NO
156,55,0.017601979683509718,NO
157,546,0.07555158730158731,NO
158,130,0.21482874070374067,NO
159,87,0.0,NO
160,65,0.0,NO
161,140,0.07629785608268581,NO
162,134,0.0,NO
163,117,0.07058550274688048,NO
164,28,0.0,NO
165,57,0.0,NO
166,60,0.0,YES
167,62,0.0,NO
168,88,1.0,YES
169,60,0.0,NO
170,67,1.0,YES
171,522,0.11003170685523628,YES
172,43,0.0,NO
173,247,0.04800285986064376,NO
174,35,0.0,NO
175,42,0.0,NO
176,57,0.0,NO
177,125,0.0,NO
178,61,0.0,NO
179,92,0.05294087576746752,NO
180,92,0.05294087576746752,NO
181,80,0.031105710678191487,NO
182,101,0.0,NO
183,59,0.0,NO
184,84,0.0,NO
185,81,0.0,NO
186,173,0.0,NO
187,197,0.0,NO
188,54,0.01959566462962042,NO
189,94,0.035806625893802166,NO
190,69,0.0603519947532974,NO
191,69,0.0603519947532974,NO
192,62,0.0,NO
193,59,0.0,NO
194,85,0.017391396122716393,NO
195,106,0.0014285714285714286,NO
196,522,0.11003170685523628,YES
197,76,0.0,NO
198,182,0.0,NO
199,145,0.03606977728347077,NO
200,128,0.46364484126984123,NO
201,63,0.0,NO
202,159,0.0,NO
203,99,0.07943319731169929,NO
204,73,0.11963442113442115,NO
205,74,0.0,NO
206,330,0.0,NO
207,81,0.0,NO
208,66,0.0,NO
209,245,0.10324166764607942,NO
210,91,0.0,NO
211,57,0.0,NO
212,85,0.017391396122716393,NO
213,94,0.035806625893802166,NO
214,54,0.01959566462962042,NO
215,75,0.030407714909550063,NO
216,137,0.0,NO
217,133,0.04990659667766984,NO
218,79,0.0,NO
219,76,0.0,NO
220,81,0.0,NO
221,102,0.05048430342999642,NO
222,115,0.0,NO
223,180,0.0,NO
224,118,0.0672470331488706,NO
225,132,0.0,NO
226,94,0.035806625893802166,NO
227,88,0.0,NO
228,51,0.0,NO
229,67,0.15093756243756243,NO
230,115,0.0,NO
231,179,0.0,NO
232,83,0.0,NO
233,111,0.03399895831745918,NO
234,218,0.40633333333333327,NO
235,173,0.0,NO
236,166,0.6950833333333333,NO
237,104,0.05070124320124323,NO
238,114,0.38966666666666666,NO
239,51,0.0,NO
240,45,0.0595083659229002,NO
241,49,0.0,NO
242,41,0.06859019493578315,NO
243,44,0.0595083659229002,NO
244,96,0.0,NO
245,31,0.0,NO
246,150,0.021666666666666667,NO
247,171,0.30341666666666667,NO
248,122,0.17288095238095244,NO
249,120,0.22804352265381683,NO
250,150,0.021666666666666667,NO
251,39,0.04561659805690746,NO
252,76,0.0,NO
253,30,0.03996021545665436,NO
254,340,0.68,NO
255,46,0.0,NO
256,48,0.55,NO
257,145,0.03606977728347077,NO
258,31,0.0,NO
259,34,0.0,NO
260,296,0.058594738594738585,NO
261,45,0.0595083659229002,NO
262,28,0.0,NO
263,34,0.0,NO
