ID, Size, Predicted, Actual
0,45,7.0144250104006695E-6,NO
1,28,7.032389534061003E-6,NO
2,28,7.032389534061003E-6,NO
3,449,4.999759453739434E-5,YES
4,1470,1.0,YES
5,25,7.0466083450097465E-6,NO
6,39,7.016311958379913E-6,NO
7,47,7.01663248880003E-6,NO
8,30,7.032389534061003E-6,NO
9,215,1.0036623438371117E-5,NO
10,50,7.01663248880003E-6,NO
11,82,7.147964403513724E-6,NO
12,41,7.016311958379913E-6,NO
13,245,1.146667295358158E-5,NO
14,227,1.0467839131963322E-5,NO
15,363,2.4103626584070588E-5,NO
16,407,3.4730562679187384E-5,NO
17,145,7.886491974518523E-6,NO
18,49,7.01663248880003E-6,NO
19,85,7.147964403513724E-6,NO
20,64,7.047896091058622E-6,NO
21,36,7.022296637651656E-6,NO
22,37,7.016311958379913E-6,NO
23,83,7.147964403513724E-6,NO
24,32,7.022296637651656E-6,NO
25,26,7.0466083450097465E-6,NO
26,834,0.19770958624884202,YES
27,365,2.4103626584070588E-5,NO
28,206,9.645662869234273E-6,YES
29,24,7.0466083450097465E-6,NO
30,24,7.0466083450097465E-6,NO
31,27,7.0466083450097465E-6,NO
32,260,1.2353331014171438E-5,NO
33,30,7.032389534061003E-6,NO
34,428,4.147659533337321E-5,NO
35,972,0.19166466350443218,NO
36,123,7.561266936012702E-6,NO
37,562,1.7547188165642047E-4,NO
38,205,9.645662869234273E-6,NO
39,37,7.016311958379913E-6,NO
40,35,7.022296637651656E-6,NO
41,276,1.33786376362285E-5,NO
42,316,1.6978721188253853E-5,NO
43,204,9.464212870162142E-6,NO
44,133,7.713159015852991E-6,NO
45,285,1.4150259520495975E-5,NO
46,336,1.9396997219514154E-5,NO
47,464,5.7872120655113895E-5,YES
48,294,1.5001364377591574E-5,YES
49,76,7.089473815008307E-6,NO
50,69,7.066591946817163E-6,NO
51,266,1.267865607169E-5,NO
52,247,1.146667295358158E-5,NO
53,217,1.0036623438371117E-5,NO
54,99,7.268351983938526E-6,YES
55,191,9.127455784458709E-6,NO
56,476,6.733955022570139E-5,NO
57,95,7.223781932003475E-6,NO
58,550,1.5540854236039092E-4,YES
59,136,7.797068364135467E-6,NO
60,33,7.022296637651656E-6,NO
61,464,0.03193136754039547,YES
62,140,7.797068364135467E-6,NO
63,111,7.42969049145519E-6,NO
64,34,7.022296637651656E-6,NO
65,39,7.016311958379913E-6,NO
66,36,7.022296637651656E-6,NO
67,257,7.456188658322813E-5,YES
68,61,7.0333533727710025E-6,NO
69,57,7.0333533727710025E-6,NO
70,124,7.561266936012702E-6,NO
71,59,7.0333533727710025E-6,NO
72,32,7.022296637651656E-6,NO
73,25,7.0466083450097465E-6,NO
74,53,7.022938259944275E-6,NO
75,53,7.022938259944275E-6,NO
76,88,7.183676566448337E-6,YES
77,107,7.3712136339749125E-6,NO
78,133,7.713159015852991E-6,NO
79,169,8.422644640647684E-6,NO
80,80,7.116582009909819E-6,NO
81,29,7.032389534061003E-6,NO
82,588,2.561414284309623E-4,NO
83,162,8.302877360302493E-6,NO
84,39,7.016311958379913E-6,NO
85,79,7.116582009909819E-6,NO
86,85,7.147964403513724E-6,NO
87,110,7.3712136339749125E-6,NO
88,111,7.42969049145519E-6,NO
89,53,7.022938259944275E-6,NO
90,52,7.022938259944275E-6,NO
91,154,8.082566974318895E-6,YES
92,403,3.327151470564436E-5,YES
93,183,8.823255122238106E-6,NO
94,215,1.0036623438371117E-5,NO
95,76,7.089473815008307E-6,NO
96,564,0.5304306155827101,YES
97,257,1.2043380245569352E-5,NO
98,55,7.022938259944275E-6,NO
99,102,7.317466468848118E-6,NO
100,403,3.327151470564436E-5,NO
101,35,7.022296637651656E-6,NO
102,145,7.886491974518523E-6,NO
103,119,7.493003110110843E-6,NO
104,108,7.3712136339749125E-6,NO
105,91,7.223781932003475E-6,NO
106,69,7.066591946817163E-6,NO
107,80,7.116582009909819E-6,NO
108,63,7.047896091058622E-6,NO
109,160,8.302877360302493E-6,NO
110,98,7.268351983938526E-6,YES
111,54,7.022938259944275E-6,NO
112,267,1.267865607169E-5,NO
113,55,7.022938259944275E-6,NO
114,46,7.0144250104006695E-6,NO
115,226,1.0467839131963322E-5,NO
116,54,7.022938259944275E-6,NO
117,270,1.3020145133514148E-5,NO
118,74,7.089473815008307E-6,NO
119,359,2.3212617595524706E-5,NO
120,78,7.116582009909819E-6,NO
121,180,8.823255122238106E-6,NO
122,57,7.0333533727710025E-6,NO
123,50,7.01663248880003E-6,NO
124,243,1.1198558786526097E-5,NO
125,254,1.2043380245569352E-5,NO
126,306,1.5940830798619943E-5,NO
127,139,7.797068364135467E-6,NO
128,375,2.60351017666746E-5,NO
129,75,7.089473815008307E-6,NO
130,222,1.0246973260583288E-5,NO
131,61,7.0333533727710025E-6,NO
132,98,7.268351983938526E-6,NO
133,28,7.032389534061003E-6,NO
134,55,7.022938259944275E-6,NO
135,194,9.127455784458709E-6,NO
136,28,7.032389534061003E-6,NO
137,50,7.01663248880003E-6,NO
138,55,7.022938259944275E-6,NO
139,124,7.561266936012702E-6,NO
140,87,7.183676566448337E-6,NO
141,65,7.047896091058622E-6,NO
142,144,7.886491974518523E-6,NO
143,134,7.713159015852991E-6,NO
144,117,7.493003110110843E-6,NO
145,28,7.032389534061003E-6,NO
146,57,7.0333533727710025E-6,NO
147,60,7.0333533727710025E-6,NO
148,62,7.047896091058622E-6,NO
149,89,7.183676566448337E-6,NO
150,60,7.0333533727710025E-6,NO
151,68,7.066591946817163E-6,NO
152,522,1.094848439531379E-4,YES
153,43,7.0144250104006695E-6,NO
154,247,1.146667295358158E-5,NO
155,35,7.022296637651656E-6,NO
156,42,7.0144250104006695E-6,NO
157,57,7.0333533727710025E-6,NO
158,117,7.493003110110843E-6,YES
159,61,7.0333533727710025E-6,NO
160,92,7.223781932003475E-6,NO
161,93,7.223781932003475E-6,NO
162,80,7.116582009909819E-6,NO
163,101,7.317466468848118E-6,NO
164,59,7.0333533727710025E-6,NO
165,84,7.147964403513724E-6,NO
166,82,7.147964403513724E-6,NO
167,172,8.54912758401143E-6,YES
168,143,7.886491974518523E-6,NO
169,78,7.116582009909819E-6,NO
170,66,7.047896091058622E-6,NO
171,66,7.047896091058622E-6,NO
172,310,1.0,NO
173,86,0.00143270860214826,NO
174,66,2.962532574010266E-4,NO
175,85,7.147964403513724E-6,NO
176,54,7.022938259944275E-6,NO
177,77,7.116582009909819E-6,NO
178,137,7.797068364135467E-6,NO
179,130,7.634607143172092E-6,YES
180,79,7.116582009909819E-6,NO
181,76,7.089473815008307E-6,NO
182,81,7.116582009909819E-6,NO
183,98,7.268351983938526E-6,NO
184,115,7.42969049145519E-6,NO
185,180,8.823255122238106E-6,NO
186,118,7.493003110110843E-6,NO
187,132,7.713159015852991E-6,NO
188,95,7.223781932003475E-6,YES
189,88,7.183676566448337E-6,NO
190,51,7.01663248880003E-6,NO
191,120,7.493003110110843E-6,YES
