ID, Size, Predicted, Actual
0,45,2.0964041074443476E-5,NO
1,79,0.0034496251652973695,NO
2,67,0.0012819357204285498,NO
3,45,2.2176535528437892E-7,NO
4,28,2.2397301096626562E-7,NO
5,28,2.2397301096626562E-7,NO
6,564,0.31917816478549316,YES
7,1491,1.0,YES
8,25,2.2483442906058322E-7,NO
9,39,2.2213358172243785E-7,NO
10,47,2.2176535528437892E-7,NO
11,184,2.7184502737086184E-7,NO
12,30,2.2323650431711884E-7,NO
13,221,1.0,YES
14,50,2.2151841435225605E-7,NO
15,101,2.9669100416083756E-5,NO
16,41,2.2213358172243785E-7,NO
17,250,0.0025281195366250154,YES
18,227,3.244350140661676E-7,NO
19,363,7.647824302893798E-7,NO
20,407,1.1350238221476556E-6,NO
21,145,2.454230142841221E-7,NO
22,49,2.2151841435225605E-7,NO
23,85,2.239022096144595E-7,NO
24,64,2.215022526761841E-7,NO
25,42,2.2213358172243785E-7,NO
26,36,2.2262369679715145E-7,NO
27,37,2.2262369679715145E-7,NO
28,83,2.2317679103174864E-7,NO
29,32,2.2323650431711884E-7,NO
30,26,2.2397301096626562E-7,NO
31,882,1.0,YES
32,413,0.018531335297819748,YES
33,213,3.059151419223361E-7,YES
34,24,2.2483442906058322E-7,NO
35,24,2.2483442906058322E-7,NO
36,27,2.2397301096626562E-7,NO
37,259,0.0028689339934106135,YES
38,30,2.2323650431711884E-7,NO
39,428,1.3496403064746811E-6,NO
40,979,0.015429291853088858,NO
41,123,2.3434336584290826E-7,NO
42,562,6.5314122315828746E-6,NO
43,205,2.949622276523216E-7,NO
44,37,2.2262369679715145E-7,NO
45,35,2.2262369679715145E-7,NO
46,283,4.310556903995153E-7,NO
47,316,5.275424082677703E-7,NO
48,204,2.949622276523216E-7,NO
49,133,2.38323987084595E-7,NO
50,285,4.42950734400566E-7,NO
51,336,6.194652238686297E-7,NO
52,701,5.161379889669589E-5,NO
53,301,4.822158355909665E-7,NO
54,76,2.2257497340382582E-7,NO
55,69,2.217383897859057E-7,NO
56,266,3.985539926689688E-7,NO
57,253,3.703145821215205E-7,NO
58,217,3.117979364830137E-7,NO
59,100,2.2683305647526108E-7,NO
60,191,2.804073811802579E-7,NO
61,476,2.2728858608049776E-6,NO
62,95,2.2572883361724008E-7,NO
63,551,5.4568751339359304E-6,NO
64,136,2.4053610843825424E-7,NO
65,33,2.2323650431711884E-7,NO
66,491,1.0,YES
67,143,0.0017925880495398992,YES
68,113,0.001718861221176301,YES
69,34,2.2323650431711884E-7,NO
70,39,2.2213358172243785E-7,NO
71,36,2.2262369679715145E-7,NO
72,277,1.0,YES
73,75,2.220957682599222E-7,NO
74,57,2.213869705357836E-7,NO
75,124,2.3434336584290826E-7,NO
76,59,2.213869705357836E-7,NO
77,32,2.2323650431711884E-7,NO
78,25,2.2483442906058322E-7,NO
79,53,2.213923548263732E-7,NO
80,53,2.213923548263732E-7,NO
81,88,2.239022096144595E-7,YES
82,107,2.2943248853547015E-7,NO
83,133,2.38323987084595E-7,YES
84,169,2.605518804672638E-7,NO
85,94,2.2572883361724008E-7,NO
86,35,2.2262369679715145E-7,NO
87,689,3.1747354135260746E-4,YES
88,162,2.5717285275976625E-7,NO
89,39,2.2213358172243785E-7,NO
90,79,2.2257497340382582E-7,NO
91,85,2.239022096144595E-7,NO
92,110,2.2943248853547015E-7,NO
93,122,1.733488902239569E-6,NO
94,53,2.213923548263732E-7,NO
95,52,2.2151841435225605E-7,NO
96,177,4.7116043351144276E-5,NO
97,527,0.7075528744926162,YES
98,183,2.7184502737086184E-7,NO
99,215,3.059151419223361E-7,NO
100,76,2.2257497340382582E-7,NO
101,563,6.5314122315828746E-6,NO
102,257,3.7929135599569633E-7,NO
103,55,2.213923548263732E-7,NO
104,102,2.2683305647526108E-7,NO
105,403,1.0884120428114881E-6,NO
106,35,2.2262369679715145E-7,NO
107,145,2.454230142841221E-7,NO
108,119,2.3256807346915492E-7,NO
109,108,2.2943248853547015E-7,NO
110,91,2.2475242298569385E-7,NO
111,69,2.217383897859057E-7,NO
112,80,2.2317679103174864E-7,NO
113,63,2.215022526761841E-7,NO
114,160,2.5397600355183917E-7,NO
115,102,2.2683305647526108E-7,NO
116,54,2.213923548263732E-7,NO
117,267,3.985539926689688E-7,NO
118,55,2.213923548263732E-7,NO
119,46,2.2176535528437892E-7,NO
120,226,3.244350140661676E-7,NO
121,54,2.213923548263732E-7,NO
122,270,3.985539926689688E-7,NO
123,74,2.220957682599222E-7,NO
124,359,7.373824172161865E-7,NO
125,78,2.2257497340382582E-7,NO
126,180,2.7184502737086184E-7,NO
127,57,2.213869705357836E-7,NO
128,50,2.2151841435225605E-7,NO
129,243,3.457676290216089E-7,NO
130,254,3.703145821215205E-7,NO
131,306,4.966038925777735E-7,NO
132,139,2.4290108627618796E-7,NO
133,372,8.240206698102207E-7,NO
134,75,2.220957682599222E-7,NO
135,222,3.179670748181392E-7,NO
136,61,2.213869705357836E-7,NO
137,98,2.2683305647526108E-7,NO
138,28,2.2397301096626562E-7,NO
139,55,2.213923548263732E-7,NO
140,195,2.070003772161129E-6,NO
141,28,2.2397301096626562E-7,NO
142,50,2.2151841435225605E-7,NO
143,55,2.213923548263732E-7,NO
144,130,1.7164440891267447E-6,NO
145,87,2.239022096144595E-7,NO
146,65,2.215022526761841E-7,NO
147,140,2.4290108627618796E-7,NO
148,134,2.38323987084595E-7,NO
149,117,2.3256807346915492E-7,NO
150,28,2.2397301096626562E-7,NO
151,57,2.213869705357836E-7,NO
152,60,2.213869705357836E-7,NO
153,62,2.215022526761841E-7,NO
154,89,2.2475242298569385E-7,NO
155,60,2.213869705357836E-7,NO
156,68,2.217383897859057E-7,NO
157,522,3.865513782639164E-6,NO
158,43,2.2213358172243785E-7,NO
159,247,3.5357089445235183E-7,NO
160,35,2.2262369679715145E-7,NO
161,42,2.2213358172243785E-7,NO
162,57,2.213869705357836E-7,NO
163,125,2.3434336584290826E-7,NO
164,61,2.213869705357836E-7,NO
165,92,2.2475242298569385E-7,NO
166,92,2.2475242298569385E-7,NO
167,80,2.2317679103174864E-7,NO
168,101,2.2683305647526108E-7,NO
169,59,2.213869705357836E-7,NO
170,84,2.2317679103174864E-7,NO
171,81,2.2317679103174864E-7,NO
172,173,2.6411918808599526E-7,NO
173,159,6.065137338604024E-6,NO
174,99,0.050921727494718294,YES
175,73,1.5347810304751746E-6,NO
176,74,1.5347810304751746E-6,NO
177,330,0.004180843440006069,YES
178,81,2.2317679103174864E-7,NO
179,66,2.217383897859057E-7,NO
180,245,0.002471118608428752,YES
181,91,2.2475242298569385E-7,NO
182,57,2.213869705357836E-7,NO
183,85,2.239022096144595E-7,NO
184,94,2.2572883361724008E-7,NO
185,54,2.213923548263732E-7,NO
186,75,2.220957682599222E-7,NO
187,137,2.4053610843825424E-7,NO
188,133,2.38323987084595E-7,NO
189,79,2.2257497340382582E-7,NO
190,76,2.2257497340382582E-7,NO
191,81,2.2317679103174864E-7,NO
192,99,2.2683305647526108E-7,NO
193,115,2.3093203330023827E-7,NO
194,180,2.7184502737086184E-7,NO
195,118,2.3256807346915492E-7,NO
196,132,2.38323987084595E-7,NO
197,94,2.2572883361724008E-7,NO
198,88,2.239022096144595E-7,NO
199,51,2.2151841435225605E-7,NO
200,111,2.2943248853547015E-7,NO
