ID, Size, Predicted, Actual
0,40,0.601689291058099,NO
1,28,0.0,NO
2,28,0.0,NO
3,449,0.22,YES
4,1358,0.9534104506604507,NO
5,25,0.0,NO
6,39,0.6221344710743858,NO
7,50,0.0,NO
8,82,0.0,NO
9,41,0.7526555111555112,NO
10,245,0.528082251082251,NO
11,227,0.9191666666666667,NO
12,363,0.13,NO
13,375,0.23280952380952377,YES
14,145,0.656715367965368,NO
15,49,0.01,NO
16,85,0.0,NO
17,64,0.0,NO
18,36,0.40014927013093976,NO
19,37,0.0,NO
20,92,0.8890119047619047,NO
21,32,0.0,NO
22,26,0.0,NO
23,669,1.0,YES
24,398,1.0,YES
25,206,0.008333333333333335,YES
26,24,0.0,NO
27,24,0.0,NO
28,27,0.0,NO
29,30,0.7507806637806637,NO
30,428,0.9069682539682539,NO
31,972,0.05,NO
32,123,0.0,NO
33,562,0.09,NO
34,205,0.028333333333333335,NO
35,37,0.0,NO
36,35,0.002608695652173913,NO
37,276,0.013999999999999999,NO
38,316,0.08266666666666665,NO
39,204,0.04706349206349207,NO
40,133,0.01,NO
41,285,0.03,NO
42,336,0.37,NO
43,464,0.8963492063492063,NO
44,294,0.36,NO
45,76,0.0,NO
46,69,0.4904635087135087,NO
47,266,0.09732142857142857,NO
48,247,0.6968371905871906,NO
49,217,0.6313253968253968,NO
50,99,0.4799042607719079,NO
51,191,0.5997380952380954,NO
52,476,0.27,NO
53,95,0.052416666666666674,NO
54,550,1.0,YES
55,136,0.0,NO
56,33,0.0,NO
57,479,1.0,YES
58,140,0.03,NO
59,111,1.0,YES
60,34,0.0,NO
61,39,0.6221344710743858,NO
62,36,0.40014927013093976,NO
63,202,1.0,YES
64,106,0.4635624098124097,NO
65,57,0.00857142857142857,NO
66,43,0.0,NO
67,27,0.0,NO
68,25,0.0,NO
69,53,0.6134835303585303,NO
70,88,0.0,YES
71,107,0.6883924963924963,NO
72,132,0.11,NO
73,169,0.21781410256410255,NO
74,80,0.0,NO
75,29,0.058166666666666665,NO
76,430,0.48267460317460303,NO
77,79,0.0,NO
78,85,0.0,NO
79,110,0.006666666666666665,NO
80,111,0.01,NO
81,53,0.6134835303585303,NO
82,52,0.014166666666666666,NO
83,158,0.9592832167832168,NO
84,270,0.07783333333333334,YES
85,183,0.0,NO
86,215,0.22988888888888886,NO
87,76,0.0,NO
88,285,0.03,YES
89,258,0.11362626262626263,NO
90,55,0.36617399757105606,NO
91,102,0.7337164502164502,NO
92,403,0.14,NO
93,35,0.002608695652173913,NO
94,145,0.656715367965368,NO
95,119,0.0875,NO
96,71,0.541737900987901,YES
97,75,0.0,YES
98,69,0.4904635087135087,NO
99,80,0.0,YES
100,63,0.0,NO
101,120,0.01,YES
102,98,0.02166666666666666,NO
103,54,0.30273607562887744,NO
104,267,0.2487738095238095,NO
105,55,0.36617399757105606,NO
106,46,0.06619047619047619,NO
107,226,0.31683333333333336,NO
108,54,0.30273607562887744,NO
109,270,0.07783333333333334,NO
110,74,0.0,NO
111,359,0.17,NO
112,78,0.0,NO
113,180,0.0,NO
114,57,0.00857142857142857,NO
115,50,0.0,NO
116,243,0.7703953823953824,NO
117,254,0.2689350649350649,NO
118,306,0.22630555555555554,NO
119,139,0.0,NO
120,375,0.23280952380952377,NO
121,75,0.0,NO
122,222,0.07,NO
123,61,0.0,NO
124,98,0.02166666666666666,NO
125,28,0.0,NO
126,55,0.36617399757105606,NO
127,194,0.23,NO
128,28,0.0,NO
129,50,0.0,NO
130,55,0.36617399757105606,NO
131,118,0.886960927960928,NO
132,87,0.0,NO
133,65,0.01,NO
134,144,0.995,NO
135,117,0.22867918192918193,NO
136,28,0.0,NO
137,57,0.00857142857142857,NO
138,60,0.0,NO
139,62,0.0,NO
140,89,0.0,NO
141,60,0.0,NO
142,68,0.4904635087135087,NO
143,522,1.0,NO
144,43,0.0,NO
145,247,0.6968371905871906,NO
146,35,0.002608695652173913,NO
147,42,0.0,NO
148,57,0.00857142857142857,NO
149,91,0.31514285714285717,NO
150,61,0.0,NO
151,92,0.8890119047619047,NO
152,93,0.09551875901875903,NO
153,80,0.0,NO
154,101,0.05454184704184703,NO
155,59,0.0,NO
156,84,0.0,NO
157,82,0.0,NO
158,132,0.11,NO
159,143,0.47,NO
160,78,0.0,NO
161,66,0.23,NO
162,66,0.23,NO
163,85,0.0,YES
164,54,0.30273607562887744,NO
165,77,0.6995606060606061,NO
166,137,0.0,NO
167,130,1.0,NO
168,79,0.0,NO
169,76,0.0,NO
170,81,0.0,NO
171,98,0.02166666666666666,NO
172,115,0.3110833333333333,NO
173,180,0.0,NO
174,118,0.886960927960928,NO
175,64,0.0,NO
176,95,0.052416666666666674,NO
177,88,0.0,NO
178,51,0.0,NO
179,120,0.01,NO
