ID, Size, Predicted, Actual
0,24,6.746802230887769E-8,NO
1,25,6.746802230887769E-8,NO
2,341,8.317930258575047E-4,YES
3,728,0.9867331535526623,YES
4,24,6.746802230887769E-8,NO
5,218,8.720272322083641E-8,YES
6,206,0.002129383400514443,YES
7,34,1.0249509253366616E-7,NO
8,36,5.622984307283245E-4,YES
9,36,9.099452697090142E-8,NO
10,26,4.250884297756921E-6,NO
11,428,1.1407273621227909E-4,YES
12,462,0.004857740728858481,YES
13,191,1.0,YES
14,24,6.52791847702113E-8,NO
15,24,1.9967833349776035E-7,NO
16,57,6.680954816649718E-8,NO
17,54,6.680954816649718E-8,NO
18,192,1.0,NO
19,300,6.18857822465546E-4,YES
20,250,1.7370233808102176E-7,NO
21,627,0.022901962887222932,YES
22,37,2.5657437294485408E-6,NO
23,35,6.702711792348773E-8,NO
24,279,0.0012934859363172943,YES
25,274,1.1344322803821306E-7,NO
26,398,2.0624213979656432E-13,NO
27,240,1.016537739492764E-6,YES
28,74,1.1146136963512683E-5,NO
29,69,5.472607526114749E-6,NO
30,203,1.0,NO
31,229,1.0,NO
32,202,1.0,NO
33,102,9.89201206215419E-6,YES
34,144,1.8921188668005108E-6,YES
35,337,5.401036333870243E-10,NO
36,94,1.3154696022564521E-5,NO
37,382,3.726678948965465E-28,YES
38,138,1.7399499796732183E-5,NO
39,40,6.702711792348773E-8,NO
40,86,6.528505011320648E-8,NO
41,90,2.2995483292574028E-7,NO
42,149,3.16058004485239E-18,NO
43,74,9.989753027282756E-7,NO
44,231,8.462003663649509E-6,NO
45,221,1.2956951482827942E-5,NO
46,110,6.680710959206853E-8,NO
47,94,1.1912415897077087E-7,NO
48,42,1.1104955958969558E-7,NO
49,36,8.081854992281138E-4,YES
50,304,0.30825016728111637,YES
51,117,1.0,YES
52,65,1.0,YES
53,113,7.434528743683046E-7,NO
54,128,1.0221535926054164E-7,YES
55,105,1.147709692568028E-7,NO
56,28,6.746802230887769E-8,NO
57,287,1.494661040807077E-6,YES
58,70,1.069419363468246E-5,YES
59,47,3.102852164616928E-4,YES
60,35,3.1130095858824516E-4,YES
61,40,9.099452697090142E-8,NO
62,28,6.746802230887769E-8,NO
63,27,9.314641973248211E-8,NO
64,71,2.4525630558149315E-7,NO
65,80,0.004478237848597676,YES
66,40,3.1130095858824516E-4,YES
67,87,2.3194535728812758E-7,NO
68,53,0.006035405626431038,YES
69,47,0.01656655885385803,YES
70,85,7.710628850874745E-4,YES
71,176,2.0707165375253556E-25,NO
72,139,7.088318684219023E-8,NO
73,222,1.0576929874095157E-5,NO
74,141,1.6383791439860091E-7,NO
75,176,0.021787640001591686,YES
76,139,2.0334084884886156E-7,NO
77,192,2.5339916583322904E-6,NO
78,42,8.306995365223802E-6,NO
79,39,7.049541525165624E-8,YES
80,45,8.306995365223802E-6,NO
81,167,2.156581471985577E-7,YES
82,46,8.306995365223802E-6,NO
83,155,0.23310067116748948,YES
84,292,1.0863146323007766E-5,YES
85,78,8.744392688582387E-6,NO
86,483,1.0,NO
87,163,5.124064820293336E-18,YES
88,213,1.0,NO
89,120,6.554832464886252E-6,NO
90,844,1.0,NO
