ID, Size, Predicted, Actual
0,45,5.724098454493417E-4,NO
1,28,1.7907668063464774E-5,NO
2,28,1.7907668063464774E-5,NO
3,449,1.1458691417440128E-4,YES
4,1470,5.724098454493417E-4,YES
5,25,3.0159543987694904E-5,NO
6,39,0.07696037378234231,NO
7,47,0.3333969830055376,NO
8,30,1.4322543683758235E-4,NO
9,215,1.9094901661256445E-4,NO
10,50,3.5814053434567724E-5,NO
11,82,9.549274255156608E-5,NO
12,41,1.9094901661256445E-4,NO
13,245,1.9094901661256445E-4,NO
14,227,1.9094901661256445E-4,NO
15,363,2.86368843069874E-4,NO
16,407,5.724098454493417E-4,NO
17,145,0.10004584001833602,NO
18,49,1.9094901661256445E-4,NO
19,85,0.04350100904402422,NO
20,64,5.730002292000916E-5,NO
21,36,2.2040024684827647E-5,NO
22,37,4.775093114315729E-5,NO
23,83,2.86368843069874E-4,NO
24,32,1.4322543683758235E-4,NO
25,26,4.775093114315729E-5,NO
26,834,5.724098454493417E-4,YES
27,365,2.86368843069874E-4,NO
28,206,1.4322543683758235E-4,YES
29,24,4.092992796332678E-5,NO
30,24,4.092992796332678E-5,NO
31,27,3.5814053434567724E-5,NO
32,260,5.724098454493417E-4,NO
33,30,1.4322543683758235E-4,NO
34,428,1.9094901661256445E-4,NO
35,972,1.9094901661256445E-4,NO
36,123,7.162297665090961E-5,NO
37,562,1.9094901661256445E-4,NO
38,205,9.549274255156608E-5,NO
39,37,4.775093114315729E-5,NO
40,35,3.5814053434567724E-5,NO
41,276,1.9094901661256445E-4,NO
42,316,1.9094901661256445E-4,NO
43,204,1.9094901661256445E-4,NO
44,133,1.9094901661256445E-4,NO
45,285,0.2500716127184188,NO
46,336,1.9094901661256445E-4,NO
47,464,0.2500716127184188,YES
48,294,1.4322543683758235E-4,YES
49,76,2.8651653200389662E-5,NO
50,69,0.07146365422396857,NO
51,266,1.4322543683758235E-4,NO
52,247,0.1250537172324882,NO
53,217,1.9094901661256445E-4,NO
54,99,5.730002292000916E-5,YES
55,191,0.11116062901890877,NO
56,476,2.86368843069874E-4,NO
57,95,5.2091472625931135E-5,NO
58,550,2.86368843069874E-4,YES
59,136,7.162297665090961E-5,NO
60,33,8.185315543914218E-5,NO
61,464,5.724098454493417E-4,YES
62,140,2.86368843069874E-4,NO
63,111,8.185315543914218E-5,NO
64,34,6.366588145412873E-5,NO
65,39,0.07696037378234231,NO
66,36,2.2040024684827647E-5,NO
67,257,5.724098454493417E-4,YES
68,61,9.549274255156608E-5,NO
69,57,3.370748643273671E-5,NO
70,124,5.724098454493417E-4,NO
71,59,8.185315543914218E-5,NO
72,32,1.4322543683758235E-4,NO
73,25,3.0159543987694904E-5,NO
74,53,5.2091472625931135E-5,NO
75,53,5.2091472625931135E-5,NO
76,88,6.366588145412873E-5,YES
77,107,9.549274255156608E-5,NO
78,133,1.9094901661256445E-4,NO
79,169,1.4322543683758235E-4,NO
80,80,0.11116062901890877,NO
81,29,9.549274255156608E-5,NO
82,588,1.9094901661256445E-4,NO
83,162,5.724098454493417E-4,NO
84,39,0.07696037378234231,NO
85,79,3.5814053434567724E-5,NO
86,85,0.04350100904402422,NO
87,110,1.9094901661256445E-4,NO
88,111,8.185315543914218E-5,NO
89,53,5.2091472625931135E-5,NO
90,52,7.162297665090961E-5,NO
91,154,5.724098454493417E-4,YES
92,403,1.9094901661256445E-4,YES
93,183,1.4322543683758235E-4,NO
94,215,1.9094901661256445E-4,NO
95,76,2.8651653200389662E-5,NO
96,564,0.9994275901545507,YES
97,257,5.724098454493417E-4,NO
98,55,2.8651653200389662E-5,NO
99,102,1.1458691417440128E-4,NO
100,403,1.9094901661256445E-4,NO
101,35,3.5814053434567724E-5,NO
102,145,0.10004584001833602,NO
103,119,1.4322543683758235E-4,NO
104,108,0.2500716127184188,NO
105,91,1.9094901661256445E-4,NO
106,69,0.07146365422396857,NO
107,80,0.11116062901890877,NO
108,63,1.4322543683758235E-4,NO
109,160,5.724098454493417E-4,NO
110,98,4.092992796332678E-5,YES
111,54,2.604709314440508E-5,NO
112,267,1.4322543683758235E-4,NO
113,55,2.8651653200389662E-5,NO
114,46,1.1458691417440128E-4,NO
115,226,1.4322543683758235E-4,NO
116,54,2.604709314440508E-5,NO
117,270,8.185315543914218E-5,NO
118,74,3.370748643273671E-5,NO
119,359,1.4322543683758235E-4,NO
120,78,4.092992796332678E-5,NO
121,180,9.549274255156608E-5,NO
122,57,3.370748643273671E-5,NO
123,50,3.5814053434567724E-5,NO
124,243,1.4322543683758235E-4,NO
125,254,1.9094901661256445E-4,NO
126,306,1.4322543683758235E-4,NO
127,139,1.4322543683758235E-4,NO
128,375,0.20006875214850467,NO
129,75,0.10004584001833602,NO
130,222,1.4322543683758235E-4,NO
131,61,9.549274255156608E-5,NO
132,98,4.092992796332678E-5,NO
133,28,1.7907668063464774E-5,NO
134,55,2.8651653200389662E-5,NO
135,194,1.9094901661256445E-4,NO
136,28,1.7907668063464774E-5,NO
137,50,3.5814053434567724E-5,NO
138,55,2.8651653200389662E-5,NO
139,124,5.724098454493417E-4,NO
140,87,1.4322543683758235E-4,NO
141,65,2.86368843069874E-4,NO
142,144,1.9094901661256445E-4,NO
143,134,5.724098454493417E-4,NO
144,117,1.1458691417440128E-4,NO
145,28,1.7907668063464774E-5,NO
146,57,3.370748643273671E-5,NO
147,60,5.730002292000916E-5,NO
148,62,1.4322543683758235E-4,NO
149,89,2.86368843069874E-4,NO
150,60,5.730002292000916E-5,NO
151,68,2.86368843069874E-4,NO
152,522,2.86368843069874E-4,YES
153,43,4.775093114315729E-5,NO
154,247,0.1250537172324882,NO
155,35,3.5814053434567724E-5,NO
156,42,9.549274255156608E-5,NO
157,57,3.370748643273671E-5,NO
158,117,1.1458691417440128E-4,YES
159,61,9.549274255156608E-5,NO
160,92,2.86368843069874E-4,NO
161,93,1.4322543683758235E-4,NO
162,80,0.11116062901890877,NO
163,101,9.549274255156608E-5,NO
164,59,8.185315543914218E-5,NO
165,84,1.4322543683758235E-4,NO
166,82,9.549274255156608E-5,NO
167,172,5.724098454493417E-4,YES
168,143,1.9094901661256445E-4,NO
169,78,4.092992796332678E-5,NO
170,66,1.4322543683758235E-4,NO
171,66,1.4322543683758235E-4,NO
172,310,5.724098454493417E-4,NO
173,86,5.724098454493417E-4,NO
174,66,5.724098454493417E-4,NO
175,85,0.04350100904402422,NO
176,54,2.604709314440508E-5,NO
177,77,0.1667303284950344,NO
178,137,1.9094901661256445E-4,NO
179,130,2.86368843069874E-4,YES
180,79,3.5814053434567724E-5,NO
181,76,2.8651653200389662E-5,NO
182,81,1.9094901661256445E-4,NO
183,98,4.092992796332678E-5,NO
184,115,1.9094901661256445E-4,NO
185,180,9.549274255156608E-5,NO
186,118,1.9094901661256445E-4,NO
187,132,1.4322543683758235E-4,NO
188,95,5.2091472625931135E-5,YES
189,88,6.366588145412873E-5,NO
190,51,6.366588145412873E-5,NO
191,120,0.2500716127184188,YES
