ID, Size, Predicted, Actual
0,45,2.0887614384592498E-4,NO
1,79,0.03334565969058369,NO
2,67,0.012629867303144995,NO
3,45,2.20997975338052E-6,NO
4,28,2.2319798739868947E-6,NO
5,28,2.2319798739868947E-6,NO
6,564,0.8236927778303789,YES
7,1491,1.0,YES
8,25,2.240564229600711E-6,NO
9,39,2.2136492686259144E-6,NO
10,47,2.20997975338052E-6,NO
11,184,2.709042339094633E-6,NO
12,30,2.2246403078453754E-6,NO
13,221,1.0,YES
14,50,2.2075188939024724E-6,NO
15,101,2.9558632031782334E-4,NO
16,41,2.2136492686259144E-6,NO
17,250,0.02463538739366972,YES
18,227,3.2331206625116733E-6,NO
19,363,7.6213232507351505E-6,NO
20,407,1.1310870111232243E-5,NO
21,145,2.445737193021299E-6,NO
22,49,2.2075188939024724E-6,NO
23,85,2.2312743118552494E-6,NO
24,64,2.2073578367075404E-6,NO
25,42,2.2136492686259144E-6,NO
26,36,2.218533450039734E-6,NO
27,37,2.218533450039734E-6,NO
28,83,2.2240452424632154E-6,NO
29,32,2.2246403078453754E-6,NO
30,26,2.2319798739868947E-6,NO
31,882,1.0,YES
32,413,0.15836202797246623,YES
33,213,3.048563464682414E-6,YES
34,24,2.240564229600711E-6,NO
35,24,2.240564229600711E-6,NO
36,27,2.2319798739868947E-6,NO
37,259,0.02787319077970254,YES
38,30,2.2246403078453754E-6,NO
39,428,1.3449565139467271E-5,NO
40,979,0.135074465986512,NO
41,123,2.335324355720266E-6,NO
42,562,6.50844325724199E-5,NO
43,205,2.939413699275079E-6,NO
44,37,2.218533450039734E-6,NO
45,35,2.218533450039734E-6,NO
46,283,4.295632920963531E-6,NO
47,316,5.25715499491129E-6,NO
48,204,2.939413699275079E-6,NO
49,133,2.374992736519552E-6,NO
50,285,4.414171060764807E-6,NO
51,336,6.173194725089033E-6,NO
52,701,5.141151058093867E-4,NO
53,301,4.805460905423502E-6,NO
54,76,2.2180479030663002E-6,NO
55,69,2.2097110320235585E-6,NO
56,266,3.97174237272154E-6,NO
57,253,3.690326822649301E-6,NO
58,217,3.107187638440171E-6,NO
59,100,2.26048130371412E-6,NO
60,191,2.794369339198202E-6,NO
61,476,2.264979288709201E-5,NO
62,95,2.249477307590066E-6,NO
63,551,5.437737359435454E-5,NO
64,136,2.3970373526815452E-6,NO
65,33,2.2246403078453754E-6,NO
66,491,1.0,YES
67,143,0.017581331827186904,YES
68,113,0.01686920842488374,YES
69,34,2.2246403078453754E-6,NO
70,39,2.2136492686259144E-6,NO
71,36,2.218533450039734E-6,NO
72,277,1.0,YES
73,75,2.2132724432206145E-6,NO
74,57,2.2062090067164903E-6,NO
75,124,2.335324355720266E-6,NO
76,59,2.2062090067164903E-6,NO
77,32,2.2246403078453754E-6,NO
78,25,2.240564229600711E-6,NO
79,53,2.2062626632021166E-6,NO
80,53,2.2062626632021166E-6,NO
81,88,2.2312743118552494E-6,YES
82,107,2.286385621087804E-6,NO
83,133,2.374992736519552E-6,YES
84,169,2.5965019629317923E-6,NO
85,94,2.249477307590066E-6,NO
86,35,2.218533450039734E-6,NO
87,689,0.00315477670522351,YES
88,162,2.5628287005068744E-6,NO
89,39,2.2136492686259144E-6,NO
90,79,2.2180479030663002E-6,NO
91,85,2.2312743118552494E-6,NO
92,110,2.286385621087804E-6,NO
93,122,1.7274670565464037E-5,NO
94,53,2.2062626632021166E-6,NO
95,52,2.2075188939024724E-6,NO
96,177,4.693327461869658E-4,NO
97,527,0.9601760909831073,YES
98,183,2.709042339094633E-6,NO
99,215,3.048563464682414E-6,NO
100,76,2.2180479030663002E-6,NO
101,563,6.50844325724199E-5,NO
102,257,3.7797835126075565E-6,NO
103,55,2.2062626632021166E-6,NO
104,102,2.26048130371412E-6,NO
105,403,1.0846373572180486E-5,NO
106,35,2.218533450039734E-6,NO
107,145,2.445737193021299E-6,NO
108,119,2.317632901730945E-6,NO
109,108,2.286385621087804E-6,NO
110,91,2.2397470081967693E-6,NO
111,69,2.2097110320235585E-6,NO
112,80,2.2240452424632154E-6,NO
113,63,2.2073578367075404E-6,NO
114,160,2.5309709124162167E-6,NO
115,102,2.26048130371412E-6,NO
116,54,2.2062626632021166E-6,NO
117,267,3.97174237272154E-6,NO
118,55,2.2062626632021166E-6,NO
119,46,2.20997975338052E-6,NO
120,226,3.2331206625116733E-6,NO
121,54,2.2062626632021166E-6,NO
122,270,3.97174237272154E-6,NO
123,74,2.2132724432206145E-6,NO
124,359,7.34827438360816E-6,NO
125,78,2.2180479030663002E-6,NO
126,180,2.709042339094633E-6,NO
127,57,2.2062090067164903E-6,NO
128,50,2.2075188939024724E-6,NO
129,243,3.445707779813365E-6,NO
130,254,3.690326822649301E-6,NO
131,306,4.948842628748384E-6,NO
132,139,2.420605239878663E-6,NO
133,372,8.211648575937526E-6,NO
134,75,2.2132724432206145E-6,NO
135,222,3.1686653247482764E-6,NO
136,61,2.2062090067164903E-6,NO
137,98,2.26048130371412E-6,NO
138,28,2.2319798739868947E-6,NO
139,55,2.2062626632021166E-6,NO
140,195,2.062806707646224E-5,NO
141,28,2.2319798739868947E-6,NO
142,50,2.2075188939024724E-6,NO
143,55,2.2062626632021166E-6,NO
144,130,1.7104817155973862E-5,NO
145,87,2.2312743118552494E-6,NO
146,65,2.2073578367075404E-6,NO
147,140,2.420605239878663E-6,NO
148,134,2.374992736519552E-6,NO
149,117,2.317632901730945E-6,NO
150,28,2.2319798739868947E-6,NO
151,57,2.2062090067164903E-6,NO
152,60,2.2062090067164903E-6,NO
153,62,2.2073578367075404E-6,NO
154,89,2.2397470081967693E-6,NO
155,60,2.2062090067164903E-6,NO
156,68,2.2097110320235585E-6,NO
157,522,3.852012016923993E-5,NO
158,43,2.2136492686259144E-6,NO
159,247,3.52347008291611E-6,NO
160,35,2.218533450039734E-6,NO
161,42,2.2136492686259144E-6,NO
162,57,2.2062090067164903E-6,NO
163,125,2.335324355720266E-6,NO
164,61,2.2062090067164903E-6,NO
165,92,2.2397470081967693E-6,NO
166,92,2.2397470081967693E-6,NO
167,80,2.2240452424632154E-6,NO
168,101,2.26048130371412E-6,NO
169,59,2.2062090067164903E-6,NO
170,84,2.2240452424632154E-6,NO
171,81,2.2240452424632154E-6,NO
172,173,2.6320515021821187E-6,NO
173,159,6.043833373954675E-5,NO
174,99,0.34839973052737355,YES
175,73,1.5294521868162975E-5,NO
176,74,1.5294521868162975E-5,NO
177,330,0.04015858225234268,YES
178,81,2.2240452424632154E-6,NO
179,66,2.2097110320235585E-6,NO
180,245,0.024091978016722197,YES
181,91,2.2397470081967693E-6,NO
182,57,2.2062090067164903E-6,NO
183,85,2.2312743118552494E-6,NO
184,94,2.249477307590066E-6,NO
185,54,2.2062626632021166E-6,NO
186,75,2.2132724432206145E-6,NO
187,137,2.3970373526815452E-6,NO
188,133,2.374992736519552E-6,NO
189,79,2.2180479030663002E-6,NO
190,76,2.2180479030663002E-6,NO
191,81,2.2240452424632154E-6,NO
192,99,2.26048130371412E-6,NO
193,115,2.3013291476641834E-6,NO
194,180,2.709042339094633E-6,NO
195,118,2.317632901730945E-6,NO
196,132,2.374992736519552E-6,NO
197,94,2.249477307590066E-6,NO
198,88,2.2312743118552494E-6,NO
199,51,2.2075188939024724E-6,NO
200,111,2.286385621087804E-6,NO
