ID, Size, Predicted, Actual
0,24,6.053945546556967E-7,NO
1,25,6.053945546556967E-7,NO
2,341,0.007414559129453989,YES
3,728,0.9985038437225265,YES
4,24,6.053945546556967E-7,NO
5,218,7.824750700522799E-7,YES
6,206,0.018788114318236713,YES
7,34,9.196942706556426E-7,NO
8,36,0.005023020378166669,YES
9,36,8.164991193342842E-7,NO
10,26,3.8142164009809174E-5,NO
11,428,0.0010226518483268576,YES
12,462,0.04196352575249432,YES
13,191,1.0,YES
14,24,5.857539961822127E-7,NO
15,24,1.7917236080000604E-6,NO
16,57,5.994860303771943E-7,NO
17,54,5.994860303771943E-7,NO
18,192,1.0,NO
19,300,0.005525785538841013,YES
20,250,1.5586400332491398E-6,NO
21,627,0.17377049211701728,YES
22,37,2.302211166320102E-5,NO
23,35,6.014382956420396E-7,NO
24,279,0.011488055211624193,YES
25,274,1.0179324217879876E-6,NO
26,398,1.8506239143331093E-12,NO
27,240,9.12138423940895E-6,YES
28,74,1.0000611259660759E-4,NO
29,69,4.910391485808928E-5,NO
30,203,1.0,NO
31,229,1.0,NO
32,202,1.0,NO
33,102,8.875465700773994E-5,YES
34,144,1.697784750889302E-5,YES
35,337,4.846384433596182E-9,NO
36,94,1.1802555005542322E-4,NO
37,382,3.343972861613886E-27,YES
38,138,1.561051687229155E-4,NO
39,40,6.014382956420396E-7,NO
40,86,5.858066262253402E-7,NO
41,90,2.063395643636395E-6,NO
42,149,2.836008693444937E-17,NO
43,74,8.963797903191754E-6,NO
44,231,7.592497770050164E-5,NO
45,221,1.1625154499908584E-4,NO
46,110,5.994641489161574E-7,NO
47,94,1.0689076839502122E-6,NO
48,42,9.964539201134135E-7,NO
49,36,0.007205470192566854,YES
50,304,0.7999392162032544,YES
51,117,1.0,YES
52,65,1.0,YES
53,113,6.671010659600329E-6,NO
54,128,9.171842101973396E-7,YES
55,105,1.0298463070039512E-6,NO
56,28,6.053945546556967E-7,NO
57,287,1.3411529311636809E-5,YES
58,70,9.595150227248163E-5,YES
59,47,0.0027773381739733477,YES
60,35,0.0027864074903213003,YES
61,40,8.164991193342842E-7,NO
62,28,6.053945546556967E-7,NO
63,27,8.358081623981965E-7,NO
64,71,2.200696216441387E-6,NO
65,80,0.0387982137390898,YES
66,40,0.0027864074903213003,YES
67,87,2.0812566803019836E-6,NO
68,53,0.05166969994265038,YES
69,47,0.13130871836711028,YES
70,85,0.006876521571671038,YES
71,176,1.8580671961296698E-24,NO
72,139,6.360390106882595E-7,NO
73,222,9.489946547583815E-5,NO
74,141,1.4701261667007056E-6,NO
75,176,0.1665668521649621,YES
76,139,1.8245874869462883E-6,NO
77,192,2.273720988216805E-5,NO
78,42,7.453426426739348E-5,NO
79,39,6.325595153216261E-7,YES
80,45,7.453426426739348E-5,NO
81,167,1.935111023786475E-6,YES
82,46,7.453426426739348E-5,NO
83,155,0.731715164498936,YES
84,292,9.746726501570837E-5,YES
85,78,7.845852490308909E-5,NO
86,483,1.0,NO
87,163,4.597856143461871E-17,YES
88,213,1.0,NO
89,120,5.881385730453373E-5,NO
90,844,1.0,NO
