ID, Size, Predicted, Actual
0,28,0.0,NO
1,28,0.0,NO
2,449,0.12,NO
3,1339,1.0,YES
4,25,0.0,NO
5,50,0.0,NO
6,76,0.0,NO
7,38,0.0,NO
8,178,0.0,NO
9,326,0.08,NO
10,370,0.3702619047619048,YES
11,145,0.2768015873015872,NO
12,49,0.0,NO
13,85,0.0,NO
14,64,0.01,NO
15,36,0.08373730671150328,NO
16,36,0.08373730671150328,NO
17,32,0.0,NO
18,26,0.0,NO
19,543,1.0,YES
20,395,0.0,NO
21,209,0.12833333333333333,NO
22,24,0.0,NO
23,24,0.0,NO
24,27,0.0,NO
25,73,0.67,NO
26,56,0.24328174603174607,NO
27,30,0.4266666666666667,NO
28,294,0.3543333333333334,NO
29,983,0.0,NO
30,262,0.005,NO
31,626,0.71,NO
32,37,0.0,NO
33,35,0.0,NO
34,286,0.0,NO
35,232,0.0,NO
36,203,0.0,YES
37,286,0.0,NO
38,425,0.02,NO
39,249,0.008944444444444444,NO
40,74,0.0,NO
41,69,0.10639492451992448,NO
42,247,0.012333333333333335,YES
43,237,0.2,NO
44,214,0.0,NO
45,99,0.11601162726162727,NO
46,191,0.20978968253968247,NO
47,464,0.62,YES
48,95,0.0014285714285714286,NO
49,549,0.0,NO
50,136,0.0,NO
51,40,0.14554530144777822,NO
52,86,0.0,NO
53,105,0.15575072150072145,NO
54,79,0.0,NO
55,85,0.0,NO
56,72,0.11770075757575758,NO
57,105,0.15575072150072145,NO
58,52,0.0,NO
59,151,0.08045238095238094,NO
60,264,0.005,NO
61,183,0.0,NO
62,195,0.0,NO
63,76,0.0,NO
64,250,0.010611111111111111,NO
65,237,0.2,NO
66,55,0.08278991167071661,NO
67,102,0.28669047619047616,NO
68,389,0.03,NO
69,35,0.0,NO
70,130,0.26,YES
71,114,0.0,YES
72,71,0.13613421300921297,NO
73,54,0.05601066397706929,NO
74,267,0.12525000000000003,NO
75,55,0.08278991167071661,NO
76,46,0.005,NO
77,226,0.22,NO
78,54,0.05601066397706929,NO
79,266,0.060833333333333336,NO
80,74,0.0,NO
81,359,0.06666666666666667,NO
82,78,0.0,NO
83,181,0.0,NO
84,57,0.0075,NO
85,50,0.0,NO
86,243,0.4131111111111112,NO
87,253,0.09621428571428571,NO
88,306,0.15200000000000002,NO
89,139,0.0,NO
90,375,0.16516666666666666,NO
91,75,0.0,NO
92,222,0.01,NO
93,28,0.0,NO
94,55,0.08278991167071661,NO
95,154,0.11709523809523809,NO
96,25,0.0,NO
97,50,0.0,NO
98,41,0.42933333333333334,NO
99,101,0.018666666666666668,NO
100,84,0.0,NO
101,51,0.0,NO
102,135,0.0,NO
103,117,0.25,NO
104,25,0.0,NO
105,54,0.05601066397706929,NO
106,60,0.0,NO
107,62,0.0,NO
108,83,0.0,NO
109,60,0.0,NO
110,63,0.0,NO
111,452,0.04,NO
112,43,0.0,NO
113,247,0.012333333333333335,NO
114,35,0.0,NO
115,42,0.0,NO
116,57,0.0075,NO
117,156,0.27597619047619054,NO
118,61,0.0,NO
119,91,0.08,NO
120,93,0.027175324675324682,NO
121,80,0.0,NO
122,101,0.018666666666666668,NO
123,59,0.0,NO
124,84,0.0,NO
125,82,0.0,NO
126,132,0.0,NO
127,76,0.0,NO
128,33,0.0,NO
129,430,0.61,NO
130,153,0.11709523809523809,NO
131,122,0.0,NO
132,75,0.0,NO
133,60,0.0,NO
134,34,0.0,NO
135,39,0.16833566545253847,NO
136,36,0.08373730671150328,NO
137,79,0.0,NO
138,28,0.0,NO
139,438,0.36,YES
140,194,0.25,NO
141,99,0.11601162726162727,NO
142,55,0.08278991167071661,NO
143,43,0.0,NO
144,27,0.0,NO
145,25,0.0,NO
146,53,0.2103874269005849,NO
147,108,0.41633333333333333,NO
148,103,0.024619047619047617,NO
149,85,0.0,NO
150,54,0.05601066397706929,NO
151,79,0.0,NO
152,137,0.0,NO
153,99,0.11601162726162727,NO
154,79,0.0,NO
155,78,0.0,NO
156,101,0.018666666666666668,NO
157,177,0.0,NO
158,123,0.0,NO
159,88,0.0,NO
160,51,0.0,NO
161,119,0.05,NO
162,132,0.0,NO
163,169,0.09636507936507936,NO
