ID, Size, Predicted, Actual
0,45,1.3759040774845163E-6,YES
1,79,1.355515177737661E-6,YES
2,67,1.356443379987644E-6,NO
3,45,1.3759040774845163E-6,YES
4,28,1.4081835200186526E-6,NO
5,28,1.4081835200186526E-6,NO
6,564,0.3811633708068874,YES
7,1492,1.0,YES
8,174,9.216600025894424E-5,NO
9,25,1.4081835200186526E-6,NO
10,39,1.3825444616950785E-6,NO
11,47,1.3701930461369993E-6,NO
12,184,1.6402339752618912E-6,NO
13,30,1.3986680576585337E-6,NO
14,221,1.9421448308196744E-6,NO
15,50,1.3701930461369993E-6,NO
16,101,1.3718288123425863E-6,NO
17,41,1.3825444616950785E-6,NO
18,250,2.238739548184253E-6,NO
19,227,1.9854421227263725E-6,NO
20,363,5.217243837746708E-6,NO
21,408,1.0,YES
22,145,1.4758162268803037E-6,NO
23,49,1.3701930461369993E-6,NO
24,85,1.3569829491900153E-6,NO
25,64,1.3585319815197903E-6,NO
26,42,1.3825444616950785E-6,NO
27,36,1.3901274094305789E-6,NO
28,37,1.3901274094305789E-6,NO
29,83,1.3569829491900153E-6,NO
30,32,1.3986680576585337E-6,NO
31,26,1.4081835200186526E-6,NO
32,883,0.9982785453470316,YES
33,421,0.08088601502238578,YES
34,213,1.8620186507196437E-6,YES
35,24,1.418692943981224E-6,NO
36,24,1.418692943981224E-6,NO
37,27,1.4081835200186526E-6,NO
38,259,2.3596845845759337E-6,NO
39,30,1.3986680576585337E-6,NO
40,428,1.0550363423119752E-5,NO
41,981,0.9998853420099357,YES
42,126,0.017491702610843297,YES
43,562,6.713854783885408E-5,NO
44,226,0.02157609219750466,YES
45,37,1.3901274094305789E-6,NO
46,35,1.3901274094305789E-6,NO
47,283,2.722447609608504E-6,NO
48,316,3.540992429681482E-6,NO
49,204,1.7898829890860264E-6,NO
50,133,1.4339195715852922E-6,NO
51,298,0.027246777027966122,YES
52,336,4.102389470216849E-6,NO
53,701,0.9135866901226786,YES
54,301,3.1928523371066615E-6,NO
55,76,1.3549364600608587E-6,NO
56,69,0.01220970405242898,YES
57,266,2.4936904241401623E-6,NO
58,253,2.297663834942367E-6,NO
59,217,1.9010368919815149E-6,NO
60,100,1.3667582745948003E-6,NO
61,191,1.6951950969297562E-6,NO
62,476,1.9419080533873717E-5,NO
63,95,1.362598963492178E-6,NO
64,551,5.8267505978353355E-5,NO
65,136,1.446803014260064E-6,NO
66,33,1.3986680576585337E-6,NO
67,496,1.0,YES
68,156,1.0,YES
69,113,1.384745581538225E-6,NO
70,34,1.3901274094305789E-6,NO
71,39,1.3825444616950785E-6,NO
72,36,1.3901274094305789E-6,NO
73,288,0.026806858632965908,YES
74,75,1.3549364600608587E-6,NO
75,57,1.361515574402757E-6,NO
76,124,1.4112671062952529E-6,NO
77,59,1.361515574402757E-6,NO
78,32,1.3986680576585337E-6,NO
79,25,1.4081835200186526E-6,NO
80,53,1.3654000394858985E-6,YES
81,53,1.3654000394858985E-6,NO
82,88,1.35934266213934E-6,YES
83,107,1.377820616240286E-6,NO
84,134,1.200780104210254E-5,NO
85,169,1.5688055053423016E-6,NO
86,94,1.362598963492178E-6,NO
87,35,1.3901274094305789E-6,NO
88,695,0.9090366396370555,YES
89,162,1.5279203811232468E-6,NO
90,39,1.3825444616950785E-6,NO
91,79,1.355515177737661E-6,NO
92,85,1.3569829491900153E-6,NO
93,110,1.384745581538225E-6,NO
94,122,1.4014520986703249E-6,YES
95,53,1.3654000394858985E-6,NO
96,52,1.3654000394858985E-6,NO
97,177,1.6150117518755152E-6,YES
98,533,4.4233204405737936E-5,NO
99,183,1.6402339752618912E-6,YES
100,215,1.8620186507196437E-6,NO
101,76,1.3549364600608587E-6,NO
102,563,6.713854783885408E-5,YES
103,257,2.3596845845759337E-6,NO
104,55,1.3654000394858985E-6,NO
105,102,1.3718288123425863E-6,NO
106,403,7.820855987138163E-6,NO
107,35,1.3901274094305789E-6,NO
108,145,1.4758162268803037E-6,YES
109,119,1.4014520986703249E-6,NO
110,108,1.377820616240286E-6,NO
111,91,1.35934266213934E-6,YES
112,69,1.356443379987644E-6,NO
113,80,1.355515177737661E-6,NO
114,63,1.3585319815197903E-6,NO
115,160,1.5279203811232468E-6,YES
116,102,1.3718288123425863E-6,YES
117,54,1.3654000394858985E-6,NO
118,267,2.4936904241401623E-6,NO
119,55,1.3654000394858985E-6,NO
120,46,1.3759040774845163E-6,NO
121,226,1.9854421227263725E-6,NO
122,54,1.3654000394858985E-6,NO
123,270,2.5660413638424775E-6,NO
124,74,1.3549364600608587E-6,NO
125,359,5.217243837746708E-6,NO
126,78,1.3549364600608587E-6,NO
127,180,1.6150117518755152E-6,NO
128,57,1.361515574402757E-6,NO
129,50,1.3701930461369993E-6,NO
130,243,2.129567380710314E-6,NO
131,254,2.297663834942367E-6,NO
132,306,3.3027548601694114E-6,NO
133,139,1.446803014260064E-6,NO
134,372,5.682231419522282E-6,NO
135,75,1.3549364600608587E-6,NO
136,222,1.9421448308196744E-6,NO
137,572,1.0,NO
138,38,1.325710366874256E-4,NO
139,348,1.0,NO
140,121,0.26262151761903774,NO
141,62,4.894538412417179E-4,NO
142,52,2.585914092636247E-4,NO
143,158,0.9951504576620553,NO
144,778,1.0,NO
145,199,0.9999995233483411,NO
146,115,0.11801110056738622,NO
147,52,2.585914092636247E-4,NO
148,88,0.005136718475999499,NO
149,61,1.3585319815197903E-6,NO
150,98,1.3667582745948003E-6,NO
151,28,1.4081835200186526E-6,NO
152,55,1.3654000394858985E-6,NO
153,195,1.7250570208592401E-6,NO
154,28,1.4081835200186526E-6,NO
155,50,1.3701930461369993E-6,NO
156,55,1.3654000394858985E-6,NO
157,542,1.0,NO
158,130,1.4220822985740589E-6,NO
159,87,1.35934266213934E-6,NO
160,65,1.356443379987644E-6,NO
161,140,1.446803014260064E-6,NO
162,134,1.4339195715852922E-6,NO
163,117,1.3926174985980923E-6,NO
164,28,1.4081835200186526E-6,NO
165,57,1.361515574402757E-6,NO
166,60,1.361515574402757E-6,YES
167,62,1.3585319815197903E-6,NO
168,89,1.35934266213934E-6,NO
169,60,1.361515574402757E-6,NO
170,68,1.356443379987644E-6,NO
171,522,3.622234601005318E-5,NO
172,43,1.3759040774845163E-6,NO
173,247,2.182756065677713E-6,NO
174,35,1.3901274094305789E-6,NO
175,42,1.3825444616950785E-6,NO
176,57,1.361515574402757E-6,NO
177,125,1.4112671062952529E-6,NO
178,61,1.3585319815197903E-6,NO
179,92,1.362598963492178E-6,NO
180,92,1.362598963492178E-6,NO
181,80,1.355515177737661E-6,NO
182,101,1.3718288123425863E-6,NO
183,59,1.361515574402757E-6,NO
184,84,1.3569829491900153E-6,NO
185,81,1.355515177737661E-6,NO
186,173,1.5912196036993946E-6,NO
187,193,0.9999980195933925,NO
188,54,3.196685457311723E-4,NO
189,94,0.009586144128567581,NO
190,69,8.000545695093843E-4,NO
191,69,8.000545695093843E-4,NO
192,62,4.894538412417179E-4,NO
193,59,4.2121161093007904E-4,NO
194,85,0.003948533721232575,NO
195,106,0.04128023313713902,NO
196,65,7.117793420280242E-4,NO
197,182,0.9999710631314255,NO
198,145,0.9352027380559581,NO
199,128,0.9999895249578985,YES
200,63,4.98489499299515E-4,NO
201,159,1.5279203811232468E-6,NO
202,99,1.3667582745948003E-6,NO
203,73,1.3552456581521595E-6,NO
204,74,1.3549364600608587E-6,NO
205,330,3.950318337808258E-6,NO
206,81,1.355515177737661E-6,NO
207,66,1.356443379987644E-6,NO
208,245,2.182756065677713E-6,NO
209,91,1.35934266213934E-6,NO
210,57,1.361515574402757E-6,NO
211,85,1.3569829491900153E-6,NO
212,94,1.362598963492178E-6,NO
213,54,1.3654000394858985E-6,NO
214,75,1.3549364600608587E-6,NO
215,137,1.446803014260064E-6,NO
216,133,1.4339195715852922E-6,NO
217,79,1.355515177737661E-6,NO
218,76,1.3549364600608587E-6,NO
219,81,1.355515177737661E-6,NO
220,99,1.3667582745948003E-6,NO
221,115,1.3926174985980923E-6,NO
222,180,1.6150117518755152E-6,NO
223,118,1.3926174985980923E-6,NO
224,132,1.4339195715852922E-6,NO
225,94,1.362598963492178E-6,NO
226,88,1.35934266213934E-6,NO
227,51,1.3701930461369993E-6,NO
228,111,1.384745581538225E-6,NO
