ID, Size, Predicted, Actual
0,45,0.01901511503690211,YES
1,79,0.01873861837932014,YES
2,67,0.01875120924301497,NO
3,45,0.01901511503690211,YES
4,28,0.019452542508892254,NO
5,28,0.019452542508892254,NO
6,564,0.9989771326504591,YES
7,1492,1.0,YES
8,174,0.02192555570081591,NO
9,25,0.019452542508892254,NO
10,39,0.019105132562359274,NO
11,47,0.018937682670256556,NO
12,184,0.022585676381625282,NO
13,30,0.019323636451200426,NO
14,221,0.0266322163825913,NO
15,50,0.018937682670256556,NO
16,101,0.018959862268720474,NO
17,41,0.019105132562359274,NO
18,250,0.030575012236201977,NO
19,227,0.027209788853592525,NO
20,363,0.0684682089907562,NO
21,408,1.0,YES
22,145,0.02036778796851129,NO
23,49,0.018937682670256556,NO
24,85,0.018758528234589608,NO
25,64,0.018779539491750107,NO
26,42,0.019105132562359274,NO
27,36,0.01920790734591398,NO
28,37,0.01920790734591398,NO
29,83,0.018758528234589608,NO
30,32,0.019323636451200426,NO
31,26,0.019452542508892254,NO
32,883,0.999998912467378,YES
33,421,0.9928328692806571,YES
34,213,0.025561547061452913,YES
35,24,0.019594874399165126,NO
36,24,0.019594874399165126,NO
37,27,0.019452542508892254,NO
38,259,0.03217364822385066,NO
39,30,0.019323636451200426,NO
40,428,0.1294011087755307,NO
41,981,0.9999999318368754,YES
42,126,0.9535486954241764,YES
43,562,0.4861011418309556,NO
44,226,0.9665325024309848,YES
45,37,0.01920790734591398,NO
46,35,0.01920790734591398,NO
47,283,0.03693713744481954,NO
48,316,0.04751519107887642,NO
49,204,0.02459563274967755,NO
50,133,0.019801019335286763,NO
51,298,0.9782260668345761,YES
52,336,0.05463679925045621,NO
53,701,0.9999185923151948,YES
54,301,0.04304470694531149,NO
55,76,0.018730768035100754,NO
56,69,0.951761822414353,YES
57,266,0.03393877462980525,NO
58,253,0.031354525042494474,NO
59,217,0.02608321419381444,NO
60,100,0.018891106825787155,NO
61,191,0.023324828402630626,NO
62,476,0.2148120379269506,NO
63,95,0.01883470023269117,NO
64,551,0.45082636181558416,NO
65,136,0.019975373490554987,NO
66,33,0.019323636451200426,NO
67,496,1.0,YES
68,156,1.0,YES
69,113,0.019134967455821706,NO
70,34,0.01920790734591398,NO
71,39,0.019105132562359274,NO
72,36,0.01920790734591398,NO
73,288,0.9768110767197169,YES
74,75,0.018730768035100754,NO
75,57,0.018820006761991394,NO
76,124,0.01949430861154628,NO
77,59,0.018820006761991394,NO
78,32,0.019323636451200426,NO
79,25,0.019452542508892254,NO
80,53,0.018872687802247885,YES
81,53,0.018872687802247885,NO
82,88,0.01879053530060059,YES
83,107,0.019041097469934733,NO
84,134,0.019801019335286763,NO
85,169,0.02162338767587157,NO
86,94,0.01883470023269117,NO
87,35,0.01920790734591398,NO
88,695,0.9999107927697796,YES
89,162,0.02107172768666886,NO
90,39,0.019105132562359274,NO
91,79,0.01873861837932014,NO
92,85,0.018758528234589608,NO
93,110,0.019134967455821706,NO
94,122,0.019361355387991133,YES
95,53,0.018872687802247885,NO
96,52,0.018872687802247885,NO
97,177,0.022246097303583144,YES
98,533,0.3839264660240835,NO
99,183,0.022585676381625282,YES
100,215,0.025561547061452913,NO
101,76,0.018730768035100754,NO
102,563,0.4861011418309556,YES
103,257,0.03217364822385066,NO
104,55,0.018872687802247885,NO
105,102,0.018959862268720474,NO
106,403,0.09924574452733048,NO
107,35,0.01920790734591398,NO
108,145,0.02036778796851129,YES
109,119,0.019361355387991133,NO
110,108,0.019041097469934733,NO
111,91,0.01879053530060059,YES
112,69,0.01875120924301497,NO
113,80,0.01873861837932014,NO
114,63,0.018779539491750107,NO
115,160,0.02107172768666886,YES
116,102,0.018959862268720474,YES
117,54,0.018872687802247885,NO
118,267,0.03393877462980525,NO
119,55,0.018872687802247885,NO
120,46,0.01901511503690211,NO
121,226,0.027209788853592525,NO
122,54,0.018872687802247885,NO
123,270,0.03488910832457498,NO
124,74,0.018730768035100754,NO
125,359,0.0684682089907562,NO
126,78,0.018730768035100754,NO
127,180,0.022246097303583144,NO
128,57,0.018820006761991394,NO
129,50,0.018937682670256556,NO
130,243,0.029127446984780436,NO
131,254,0.031354525042494474,NO
132,306,0.04446049637323598,NO
133,139,0.019975373490554987,NO
134,372,0.07411819283257834,NO
135,75,0.018730768035100754,NO
136,222,0.0266322163825913,NO
137,572,0.5221688828111379,NO
138,38,0.019105132562359274,NO
139,348,0.06101902121831079,NO
140,121,0.019361355387991133,NO
141,62,0.018779539491750107,NO
142,52,0.018872687802247885,NO
143,158,0.02082111301996153,NO
144,778,0.9842024592055886,NO
145,199,0.024149259465122006,NO
146,115,0.01924165184323103,NO
147,52,0.018872687802247885,NO
148,88,0.01879053530060059,NO
149,61,0.018779539491750107,NO
150,98,0.018891106825787155,NO
151,28,0.019452542508892254,NO
152,55,0.018872687802247885,NO
153,195,0.023725962005348718,NO
154,28,0.019452542508892254,NO
155,50,0.018937682670256556,NO
156,55,0.018872687802247885,NO
157,542,0.41667589767100954,NO
158,130,0.019640768508140352,NO
159,87,0.01879053530060059,NO
160,65,0.01875120924301497,NO
161,140,0.019975373490554987,NO
162,134,0.019801019335286763,NO
163,117,0.01924165184323103,NO
164,28,0.019452542508892254,NO
165,57,0.018820006761991394,NO
166,60,0.018820006761991394,YES
167,62,0.018779539491750107,NO
168,89,0.01879053530060059,NO
169,60,0.018820006761991394,NO
170,68,0.01875120924301497,NO
171,522,0.3378874246864568,NO
172,43,0.01901511503690211,NO
173,247,0.02983324043853781,NO
174,35,0.01920790734591398,NO
175,42,0.019105132562359274,NO
176,57,0.018820006761991394,NO
177,125,0.01949430861154628,NO
178,61,0.018779539491750107,NO
179,92,0.01883470023269117,NO
180,92,0.01883470023269117,NO
181,80,0.01873861837932014,NO
182,101,0.018959862268720474,NO
183,59,0.018820006761991394,NO
184,84,0.018758528234589608,NO
185,81,0.01873861837932014,NO
186,173,0.02192555570081591,NO
187,193,0.023324828402630626,NO
188,54,0.018872687802247885,NO
189,94,0.01883470023269117,NO
190,69,0.01875120924301497,NO
191,69,0.01875120924301497,NO
192,62,0.018779539491750107,NO
193,59,0.018820006761991394,NO
194,85,0.018758528234589608,NO
195,106,0.019041097469934733,NO
196,65,0.01875120924301497,NO
197,182,0.022585676381625282,NO
198,145,0.02036778796851129,NO
199,128,0.9538856756135355,YES
200,63,0.018779539491750107,NO
201,159,0.02107172768666886,NO
202,99,0.018891106825787155,NO
203,73,0.018734962343636995,NO
204,74,0.018730768035100754,NO
205,330,0.05271823639111782,NO
206,81,0.01873861837932014,NO
207,66,0.01875120924301497,NO
208,245,0.02983324043853781,NO
209,91,0.01879053530060059,NO
210,57,0.018820006761991394,NO
211,85,0.018758528234589608,NO
212,94,0.01883470023269117,NO
213,54,0.018872687802247885,NO
214,75,0.018730768035100754,NO
215,137,0.019975373490554987,NO
216,133,0.019801019335286763,NO
217,79,0.01873861837932014,NO
218,76,0.018730768035100754,NO
219,81,0.01873861837932014,NO
220,99,0.018891106825787155,NO
221,115,0.01924165184323103,NO
222,180,0.022246097303583144,NO
223,118,0.01924165184323103,NO
224,132,0.019801019335286763,NO
225,94,0.01883470023269117,NO
226,88,0.01879053530060059,NO
227,51,0.018937682670256556,NO
228,111,0.019134967455821706,NO
