ID, Size, Predicted, Actual
0,45,0.2198758605182316,NO
1,28,0.22031492010001208,NO
2,28,0.22031492010001208,NO
3,449,0.6676685806163274,YES
4,1470,1.0,YES
5,25,0.22066208286376762,NO
6,39,0.2199220014626156,NO
7,47,0.21992983874968905,NO
8,30,0.22031492010001208,NO
9,215,0.28738573797240485,NO
10,50,0.21992983874968905,NO
11,82,0.22312783805834543,NO
12,41,0.2199220014626156,NO
13,245,0.3154180600432749,NO
14,227,0.2960773755634912,NO
15,363,0.49200585911322126,NO
16,407,0.5825594489179321,NO
17,145,0.24063406781381141,NO
18,49,0.21992983874968905,NO
19,85,0.22312783805834543,NO
20,64,0.2206935088676669,NO
21,36,0.22006830683982007,NO
22,37,0.2199220014626156,NO
23,83,0.22312783805834543,NO
24,32,0.22006830683982007,NO
25,26,0.22066208286376762,NO
26,834,0.9981697501095778,YES
27,365,0.49200585911322126,NO
28,206,0.2793178756425103,YES
29,24,0.22066208286376762,NO
30,24,0.22066208286376762,NO
31,27,0.22066208286376762,NO
32,260,0.3317174292208773,NO
33,30,0.22031492010001208,NO
34,428,0.6249951839493719,NO
35,972,0.9998950493291577,NO
36,123,0.2330230486117185,NO
37,562,0.8758047872546659,NO
38,205,0.2793178756425103,NO
39,37,0.2199220014626156,NO
40,35,0.22006830683982007,NO
41,276,0.34962383419180504,NO
42,316,0.405551104018104,NO
43,204,0.27551108073327313,NO
44,133,0.2365965741714139,NO
45,285,0.36247948265979457,NO
46,336,0.43801351546192313,NO
47,464,0.6992918383063951,YES
48,294,0.37608251605615134,YES
49,76,0.22170680664459919,NO
50,69,0.2211494750167743,NO
51,266,0.33750491443898867,NO
52,247,0.3154180600432749,NO
53,217,0.28738573797240485,NO
54,99,0.2260363895776096,YES
55,191,0.26833833262919865,NO
56,476,0.7301629310571891,NO
57,95,0.22496212411027783,NO
58,550,0.8619816249436685,YES
59,136,0.23855644575392124,NO
60,33,0.22006830683982007,NO
61,464,0.6992918383063951,YES
62,140,0.23855644575392124,NO
63,111,0.22990033167094315,NO
64,34,0.22006830683982007,NO
65,39,0.2199220014626156,NO
66,36,0.22006830683982007,NO
67,257,0.32610860185367296,YES
68,61,0.22033846270519253,NO
69,57,0.22033846270519253,NO
70,124,0.2330230486117185,NO
71,59,0.22033846270519253,NO
72,32,0.22006830683982007,NO
73,25,0.22066208286376762,NO
74,53,0.22008398910025215,NO
75,53,0.22008398910025215,NO
76,88,0.22399291818516423,YES
77,107,0.22850431822171816,NO
78,133,0.2365965741714139,NO
79,169,0.2528568256696914,NO
80,80,0.222366047217858,NO
81,29,0.22031492010001208,NO
82,588,0.9114621737646096,NO
83,162,0.25016072451841503,NO
84,39,0.2199220014626156,NO
85,79,0.222366047217858,NO
86,85,0.22312783805834543,NO
87,110,0.22850431822171816,NO
88,111,0.22990033167094315,NO
89,53,0.22008398910025215,NO
90,52,0.22008398910025215,NO
91,154,0.2451501263976679,YES
92,403,0.5720865134563685,YES
93,183,0.2617358273196779,NO
94,215,0.28738573797240485,NO
95,76,0.22170680664459919,NO
96,564,0.9998757649779445,YES
97,257,0.32610860185367296,NO
98,55,0.22008398910025215,NO
99,102,0.22721674523434038,NO
100,403,0.5720865134563685,NO
101,35,0.22006830683982007,NO
102,145,0.24063406781381141,NO
103,119,0.23140610408828408,NO
104,108,0.22850431822171816,NO
105,91,0.22496212411027783,NO
106,69,0.2211494750167743,NO
107,80,0.222366047217858,NO
108,63,0.2206935088676669,NO
109,160,0.25016072451841503,NO
110,98,0.2260363895776096,YES
111,54,0.22008398910025215,NO
112,267,0.33750491443898867,NO
113,55,0.22008398910025215,NO
114,46,0.2198758605182316,NO
115,226,0.2960773755634912,NO
116,54,0.22008398910025215,NO
117,270,0.3434730937295833,NO
118,74,0.22170680664459919,NO
119,359,0.48259541050658533,NO
120,78,0.222366047217858,NO
121,180,0.2617358273196779,NO
122,57,0.22033846270519253,NO
123,50,0.21992983874968905,NO
124,243,0.31033161832847833,NO
125,254,0.32610860185367296,NO
126,306,0.3904393117249573,NO
127,139,0.23855644575392124,NO
128,375,0.5112745956238025,NO
129,75,0.22170680664459919,NO
130,222,0.29165222778830546,NO
131,61,0.22033846270519253,NO
132,98,0.2260363895776096,NO
133,28,0.22031492010001208,NO
134,55,0.22008398910025215,NO
135,194,0.26833833262919865,NO
136,28,0.22031492010001208,NO
137,50,0.21992983874968905,NO
138,55,0.22008398910025215,NO
139,124,0.2330230486117185,NO
140,87,0.22399291818516423,NO
141,65,0.2206935088676669,NO
142,144,0.24063406781381141,NO
143,134,0.2365965741714139,NO
144,117,0.23140610408828408,NO
145,28,0.22031492010001208,NO
146,57,0.22033846270519253,NO
147,60,0.22033846270519253,NO
148,62,0.2206935088676669,NO
149,89,0.22399291818516423,NO
150,60,0.22033846270519253,NO
151,68,0.2211494750167743,NO
152,522,0.8148035543840974,YES
153,43,0.2198758605182316,NO
154,247,0.3154180600432749,NO
155,35,0.22006830683982007,NO
156,42,0.2198758605182316,NO
157,57,0.22033846270519253,NO
158,117,0.23140610408828408,YES
159,61,0.22033846270519253,NO
160,92,0.22496212411027783,NO
161,93,0.22496212411027783,NO
162,80,0.222366047217858,NO
163,101,0.22721674523434038,NO
164,59,0.22033846270519253,NO
165,84,0.22312783805834543,NO
166,82,0.22312783805834543,NO
167,172,0.2556831353069953,YES
168,143,0.24063406781381141,NO
169,78,0.222366047217858,NO
170,66,0.2206935088676669,NO
171,66,0.2206935088676669,NO
172,310,0.3979009814341087,NO
173,86,0.22312783805834543,NO
174,66,0.2206935088676669,NO
175,85,0.22312783805834543,NO
176,54,0.22008398910025215,NO
177,77,0.222366047217858,NO
178,137,0.23855644575392124,NO
179,130,0.23475267211976958,YES
180,79,0.222366047217858,NO
181,76,0.22170680664459919,NO
182,81,0.222366047217858,NO
183,98,0.2260363895776096,NO
184,115,0.22990033167094315,NO
185,180,0.2617358273196779,NO
186,118,0.23140610408828408,NO
187,132,0.2365965741714139,NO
188,95,0.22496212411027783,YES
189,88,0.22399291818516423,NO
190,51,0.21992983874968905,NO
191,120,0.23140610408828408,YES
