ID, Size, Predicted, Actual
0,45,6.418485237483953E-4,NO
1,28,2.3801589946208406E-5,NO
2,28,2.3801589946208406E-5,NO
3,449,1.6061676839061997E-4,YES
4,1470,0.6665952890792292,NO
5,25,3.780146669690784E-5,NO
6,39,0.1000514072741293,NO
7,47,6.418485237483953E-4,NO
8,30,0.5000000000000001,NO
9,215,6.418485237483953E-4,NO
10,50,4.9431537320810677E-5,NO
11,82,1.6061676839061997E-4,NO
12,41,3.211303789338472E-4,NO
13,245,3.211303789338472E-4,NO
14,227,3.211303789338472E-4,NO
15,363,6.418485237483953E-4,NO
16,407,6.418485237483953E-4,NO
17,145,0.12506024096385543,NO
18,49,3.211303789338472E-4,NO
19,85,0.05002891844997109,NO
20,64,7.139797229758674E-5,NO
21,36,2.6776629357896428E-5,NO
22,37,6.425909266161162E-5,NO
23,83,6.418485237483953E-4,NO
24,32,2.1413276231263382E-4,NO
25,26,5.8418039490594695E-5,NO
26,835,6.418485237483953E-4,YES
27,365,6.418485237483953E-4,NO
28,206,2.1413276231263382E-4,YES
29,24,5.35503909178537E-5,NO
30,24,5.35503909178537E-5,NO
31,27,4.284123040013709E-5,NO
32,260,6.418485237483953E-4,NO
33,30,2.1413276231263382E-4,NO
34,428,3.211303789338472E-4,NO
35,972,3.211303789338472E-4,NO
36,123,9.179364787956673E-5,NO
37,562,3.211303789338472E-4,NO
38,205,1.2850167052171679E-4,NO
39,37,6.425909266161162E-5,NO
40,35,4.9431537320810677E-5,NO
41,276,3.211303789338472E-4,NO
42,316,3.211303789338472E-4,NO
43,204,3.211303789338472E-4,NO
44,133,3.211303789338472E-4,NO
45,285,0.33340471092077095,NO
46,336,3.211303789338472E-4,NO
47,464,0.33340471092077095,NO
48,294,2.1413276231263382E-4,NO
49,76,3.780146669690784E-5,NO
50,69,0.08337795865909822,NO
51,266,2.1413276231263382E-4,NO
52,247,0.16673805954165777,NO
53,217,3.211303789338472E-4,NO
54,99,7.139797229758674E-5,NO
55,191,0.12506024096385543,NO
56,476,0.9993581514762517,NO
57,95,7.139797229758674E-5,NO
58,550,6.418485237483953E-4,NO
59,136,9.179364787956673E-5,NO
60,33,1.0708931248661383E-4,NO
61,483,3.211303789338472E-4,NO
62,140,6.418485237483953E-4,NO
63,111,1.2850167052171679E-4,NO
64,34,8.032128514056225E-5,NO
65,39,0.1000514072741293,NO
66,36,2.6776629357896428E-5,NO
67,257,6.418485237483953E-4,YES
68,61,6.418485237483953E-4,NO
69,57,4.9431537320810677E-5,NO
70,124,6.418485237483953E-4,NO
71,59,6.418485237483953E-4,NO
72,32,6.418485237483953E-4,NO
73,25,3.780146669690784E-5,NO
74,53,7.139797229758674E-5,NO
75,53,6.418485237483953E-4,NO
76,88,9.179364787956673E-5,YES
77,107,1.2850167052171679E-4,NO
78,133,6.418485237483953E-4,NO
79,169,2.1413276231263382E-4,NO
80,80,0.16673805954165777,NO
81,29,1.2850167052171679E-4,NO
82,588,0.9993581514762517,NO
83,162,6.418485237483953E-4,NO
84,39,0.1000514072741293,NO
85,79,4.590103736344441E-5,NO
86,85,0.05002891844997109,NO
87,110,3.211303789338472E-4,NO
88,111,1.2850167052171679E-4,NO
89,53,7.139797229758674E-5,NO
90,52,9.179364787956673E-5,NO
91,154,6.418485237483953E-4,NO
92,403,6.418485237483953E-4,NO
93,183,2.1413276231263382E-4,NO
94,215,3.211303789338472E-4,NO
95,76,3.780146669690784E-5,NO
96,554,6.418485237483953E-4,YES
97,257,6.418485237483953E-4,NO
98,55,4.0163868583821995E-5,NO
99,102,1.6061676839061997E-4,NO
100,403,6.418485237483953E-4,NO
101,35,4.9431537320810677E-5,NO
102,145,0.12506024096385543,NO
103,119,2.1413276231263382E-4,NO
104,108,0.33340471092077095,NO
105,91,3.211303789338472E-4,NO
106,69,0.08337795865909822,NO
107,80,0.16673805954165777,NO
108,63,2.1413276231263382E-4,NO
109,160,0.5000000000000001,NO
110,98,5.8418039490594695E-5,NO
111,54,3.3822634106744234E-5,NO
112,267,2.1413276231263382E-4,NO
113,55,4.0163868583821995E-5,NO
114,46,1.6061676839061997E-4,NO
115,226,2.1413276231263382E-4,NO
116,54,3.3822634106744234E-5,NO
117,270,1.0708931248661383E-4,NO
118,74,4.0163868583821995E-5,NO
119,359,2.1413276231263382E-4,NO
120,78,5.35503909178537E-5,NO
121,180,1.6061676839061997E-4,NO
122,57,4.9431537320810677E-5,NO
123,50,4.9431537320810677E-5,NO
124,243,2.1413276231263382E-4,NO
125,254,3.211303789338472E-4,NO
126,306,2.1413276231263382E-4,NO
127,139,2.1413276231263382E-4,NO
128,375,0.25008030838419537,NO
129,75,0.11116664286734258,NO
130,222,2.1413276231263382E-4,NO
131,61,1.6061676839061997E-4,NO
132,98,5.8418039490594695E-5,NO
133,28,2.3801589946208406E-5,NO
134,55,4.0163868583821995E-5,NO
135,194,3.211303789338472E-4,NO
136,28,2.3801589946208406E-5,NO
137,50,4.9431537320810677E-5,NO
138,55,4.0163868583821995E-5,NO
139,124,6.425909266161162E-5,NO
140,87,2.1413276231263382E-4,NO
141,65,6.418485237483953E-4,NO
142,144,3.211303789338472E-4,NO
143,134,3.211303789338472E-4,NO
144,117,2.1413276231263382E-4,NO
145,28,2.3801589946208406E-5,NO
146,57,4.9431537320810677E-5,NO
147,60,8.032128514056225E-5,NO
148,62,2.1413276231263382E-4,NO
149,89,6.418485237483953E-4,NO
150,60,8.032128514056225E-5,NO
151,68,6.418485237483953E-4,NO
152,522,6.418485237483953E-4,NO
153,43,5.8418039490594695E-5,NO
154,247,0.16673805954165777,NO
155,35,4.9431537320810677E-5,NO
156,42,1.2850167052171679E-4,NO
157,57,4.9431537320810677E-5,NO
158,117,2.1413276231263382E-4,NO
159,61,1.6061676839061997E-4,NO
160,92,6.418485237483953E-4,NO
161,93,2.1413276231263382E-4,NO
162,80,0.16673805954165777,NO
163,101,1.2850167052171679E-4,NO
164,59,1.0708931248661383E-4,NO
165,84,2.1413276231263382E-4,NO
166,82,1.6061676839061997E-4,NO
167,172,2.1413276231263382E-4,NO
168,143,3.211303789338472E-4,NO
169,78,5.35503909178537E-5,NO
170,66,3.211303789338472E-4,NO
171,66,3.211303789338472E-4,NO
172,85,0.05002891844997109,NO
173,54,3.3822634106744234E-5,NO
174,77,0.20007710100231305,NO
175,137,3.211303789338472E-4,NO
176,130,6.418485237483953E-4,NO
177,79,4.590103736344441E-5,NO
178,76,3.780146669690784E-5,NO
179,81,3.211303789338472E-4,NO
180,98,5.8418039490594695E-5,NO
181,115,3.211303789338472E-4,NO
182,180,1.6061676839061997E-4,NO
183,118,3.211303789338472E-4,NO
184,132,2.1413276231263382E-4,NO
185,95,7.139797229758674E-5,NO
186,88,9.179364787956673E-5,NO
187,51,8.032128514056225E-5,NO
188,120,0.33340471092077095,NO
