ID, Size, Predicted, Actual
0,25,0.01,NO
1,25,0.01,NO
2,354,0.06,YES
3,774,0.44,YES
4,25,0.01,NO
5,38,0.8,YES
6,235,0.94,YES
7,199,0.81,YES
8,34,0.05,NO
9,36,0.05,NO
10,36,0.05,NO
11,26,0.01,NO
12,441,0.88,YES
13,465,0.06,YES
14,191,0.04,YES
15,24,0.01,NO
16,24,0.01,NO
17,52,0.07,NO
18,54,0.03,NO
19,192,0.04,NO
20,300,0.05,NO
21,250,0.04,NO
22,618,0.1,NO
23,37,0.05,NO
24,35,0.05,NO
25,279,0.04,NO
26,274,0.04,NO
27,398,0.05,NO
28,238,0.77,YES
29,74,0.03,NO
30,69,0.03,NO
31,203,0.04,NO
32,229,0.04,NO
33,202,0.04,NO
34,101,0.69,YES
35,165,0.82,YES
36,337,0.05,NO
37,94,0.03,NO
38,381,0.64,YES
39,138,0.03,NO
40,40,0.03,NO
41,86,0.03,NO
42,90,0.03,NO
43,78,0.11,NO
44,84,0.21,NO
45,59,0.54,NO
46,111,0.55,NO
47,149,0.2,NO
48,74,0.02,NO
49,230,0.11,NO
50,208,0.26,NO
51,55,0.14,NO
52,29,0.89,NO
53,110,0.04,NO
54,96,0.04,NO
55,42,0.03,NO
56,36,0.05,NO
57,356,0.27,YES
58,100,0.27,YES
59,73,0.09,YES
60,111,0.05,NO
61,99,0.32,YES
62,79,0.25,NO
63,28,0.04,NO
64,309,0.83,YES
65,94,0.28,YES
66,45,0.07,YES
67,39,0.04,NO
68,40,0.03,YES
69,28,0.02,NO
70,27,0.01,NO
71,71,0.03,YES
72,80,0.01,NO
73,40,0.02,YES
74,87,0.03,NO
75,53,0.02,YES
76,47,0.02,NO
77,85,0.04,NO
78,174,0.2,NO
79,143,0.02,NO
80,115,0.27,NO
81,220,0.13,YES
82,142,0.12,YES
83,235,0.94,YES
84,39,0.22,NO
85,91,0.32,NO
86,42,0.19,NO
87,196,0.1,NO
88,42,0.03,NO
89,40,0.2,NO
90,39,0.03,YES
91,45,0.03,NO
92,175,0.99,YES
93,46,0.03,NO
94,149,0.25,YES
95,292,0.98,YES
96,78,0.04,NO
97,475,0.24,NO
98,163,0.04,NO
99,211,0.04,NO
100,120,0.15,NO
101,849,0.12,NO
