ID, Size, Predicted, Actual
0,40,0.28890443115224734,NO
1,28,0.29092956061243286,NO
2,28,0.29092956061243286,NO
3,449,0.7952261531463966,YES
4,1352,1.0,YES
5,25,0.29092956061243286,NO
6,39,0.2894109273870654,NO
7,50,0.2885657299061827,NO
8,76,0.2893829574283809,NO
9,40,0.28890443115224734,NO
10,245,0.42438952552168274,NO
11,227,0.3837730896203902,NO
12,363,0.6685174149637485,NO
13,375,0.6896369304540526,YES
14,145,0.31158982566952503,NO
15,49,0.2885657299061827,NO
16,85,0.2908854723168987,NO
17,64,0.2885537633771839,NO
18,36,0.2894109273870654,NO
19,37,0.2894109273870654,NO
20,32,0.29008573992279596,NO
21,26,0.29092956061243286,NO
22,660,0.9999892977187226,YES
23,398,0.7204673981684546,YES
24,206,0.3605667930021776,NO
25,24,0.29092956061243286,NO
26,24,0.29092956061243286,NO
27,27,0.29092956061243286,NO
28,30,0.29008573992279596,NO
29,428,0.7696252610300575,NO
30,972,0.9999859671358462,NO
31,123,2.534711429706305E-4,NO
32,562,0.29294722871022244,NO
33,205,0.3605667930021776,NO
34,37,0.2894109273870654,NO
35,35,0.2894109273870654,NO
36,276,0.502286222223812,NO
37,316,0.44578183941750654,NO
38,204,0.3805574002785699,NO
39,133,0.3062052589042993,NO
40,285,0.48814629950635335,NO
41,336,0.6161905020035371,NO
42,464,0.8604358866443033,NO
43,294,0.537643975085181,NO
44,76,0.2893829574283809,NO
45,69,0.2888844731972258,NO
46,266,0.4720006895670228,NO
47,247,0.4489396528734662,NO
48,217,0.4222984182871853,NO
49,99,0.29441588941251096,NO
50,191,0.3455055771378,NO
51,476,0.8613551601598295,NO
52,95,0.2930674504649259,NO
53,549,0.9344377997777181,YES
54,136,0.3088040779042174,NO
55,33,0.29008573992279596,NO
56,478,0.9998263957536924,YES
57,140,0.31158982566952503,NO
58,111,0.9978713916329657,YES
59,34,0.29008573992279596,NO
60,39,0.2894109273870654,NO
61,36,0.2894109273870654,NO
62,202,0.99821636975138,YES
63,106,0.2959377019207181,NO
64,57,0.9975757559940188,YES
65,43,0.28890443115224734,NO
66,27,0.29092956061243286,NO
67,25,0.29092956061243286,NO
68,53,0.2883944740733745,NO
69,88,0.29189103949048756,YES
70,107,0.2959377019207181,NO
71,132,0.34035957168000325,NO
72,169,0.3284115916182965,NO
73,80,0.29004972921704475,NO
74,29,0.29092956061243286,NO
75,430,0.7540767222184294,NO
76,79,0.29004972921704475,NO
77,85,0.2908854723168987,NO
78,110,0.9978713916329657,YES
79,111,0.2976343914104324,NO
80,53,0.2883944740733745,NO
81,52,0.2883944740733745,NO
82,155,0.3365978884123573,NO
83,270,0.4413300539194631,NO
84,183,0.34091764237785893,NO
85,215,0.998654545505505,YES
86,76,0.2893829574283809,NO
87,285,1.0,YES
88,258,1.0,YES
89,55,0.2883944740733745,NO
90,102,0.29441588941251096,NO
91,390,0.676649876609811,NO
92,35,0.2894109273870654,NO
93,145,0.31158982566952503,NO
94,119,0.30155917844761915,NO
95,71,0.2888844731972258,NO
96,75,0.2893829574283809,NO
97,69,0.9977798018503198,YES
98,80,0.29004972921704475,NO
99,63,0.9977762315472988,YES
100,120,0.30155917844761915,NO
101,98,0.9982202760479448,YES
102,54,0.2883944740733745,NO
103,267,0.4413300539194631,NO
104,55,0.2883944740733745,NO
105,46,0.2885657299061827,NO
106,226,0.3837730896203902,NO
107,54,0.2883944740733745,NO
108,270,0.4413300539194631,NO
109,74,0.2893829574283809,NO
110,359,0.608907657382455,NO
111,78,0.29004972921704475,NO
112,180,0.3365412504114872,NO
113,57,0.28839048660529604,NO
114,50,0.2885657299061827,NO
115,243,0.403596609992823,NO
116,254,0.4389732868694532,NO
117,306,0.5037724465844996,NO
118,139,0.3088040779042174,NO
119,375,0.6620907882200733,NO
120,75,0.2893829574283809,NO
121,222,0.37762963484663725,NO
122,28,0.29092956061243286,NO
123,55,0.2883944740733745,NO
124,187,0.9980996493575165,YES
125,28,0.29092956061243286,NO
126,50,0.9977763608787448,YES
127,41,0.28890443115224734,NO
128,113,0.9976813158469046,YES
129,87,0.9976049060365173,YES
130,51,0.2883944740733745,NO
131,144,0.9980068563326966,YES
132,117,0.2995076149550895,NO
133,28,0.29092956061243286,NO
134,57,0.28839048660529604,NO
135,60,0.28839048660529604,NO
136,62,0.2885537633771839,NO
137,83,0.2908854723168987,NO
138,60,0.28839048660529604,NO
139,63,0.2885537633771839,NO
140,522,0.999899904090399,YES
141,43,0.28890443115224734,NO
142,247,0.4106729615954147,NO
143,35,0.2894109273870654,NO
144,42,0.28890443115224734,NO
145,57,0.28839048660529604,NO
146,91,0.9904497551782754,YES
147,61,0.306465351621256,NO
148,92,0.30991954316426823,NO
149,93,0.2930674504649259,NO
150,80,0.29004972921704475,NO
151,101,0.29441588941251096,NO
152,59,0.28839048660529604,NO
153,84,0.2908854723168987,NO
154,82,0.2908854723168987,NO
155,132,0.32471245290543765,NO
156,143,0.31158982566952503,NO
157,78,0.30801397463777425,NO
158,66,0.2885537633771839,NO
159,66,0.2885537633771839,NO
160,85,0.30887895946229926,NO
161,54,0.2883944740733745,NO
162,77,0.3232416021340336,NO
163,137,0.327394224321355,NO
164,99,0.29441588941251096,NO
165,79,0.29004972921704475,NO
166,76,0.2893829574283809,NO
167,81,0.30801397463777425,NO
168,98,0.997838332972747,YES
169,115,0.2995076149550895,NO
170,180,0.3559413046108058,NO
171,118,0.31779542440553415,NO
172,64,0.2885537633771839,NO
173,95,0.9976299935998391,YES
174,88,0.29189103949048756,NO
175,51,0.2883944740733745,NO
176,120,0.3354458242890467,NO
