ID, Size, Predicted, Actual
0,28,0.576727565449946,NO
1,28,0.576727565449946,NO
2,387,0.8751815775606974,NO
3,1087,0.9999992166430262,NO
4,25,0.5765798457898886,NO
5,50,0.5784101014048181,NO
6,76,0.5853268325231431,NO
7,38,0.5770819544602119,NO
8,168,0.6357556052203279,NO
9,268,0.736515784357973,NO
10,374,0.8573352195883903,NO
11,145,0.6222912429019585,NO
12,85,0.5873221114355129,NO
13,64,0.5819460994534351,NO
14,36,0.5770819544602119,NO
15,36,0.5770819544602119,NO
16,36,0.5770819544602119,NO
17,26,0.5765798457898886,NO
18,491,0.9509935206396977,NO
19,354,0.8384462453208283,NO
20,196,0.6615253659796272,NO
21,24,0.5765798457898886,NO
22,27,0.576727565449946,NO
23,69,0.9993455501012958,YES
24,56,0.9993916629646504,YES
25,26,0.5765798457898886,NO
26,187,0.6560596708061327,NO
27,983,0.9999893500642056,NO
28,252,0.7230876655049109,NO
29,620,0.9904934665459733,NO
30,37,0.5770819544602119,NO
31,35,0.5770819544602119,NO
32,286,0.757027221724008,NO
33,232,0.6971526933680472,NO
34,203,0.6671363697110054,NO
35,270,0.7433132838426171,NO
36,425,0.9071156727459182,NO
37,244,0.7099433641720898,NO
38,74,0.5853268325231431,NO
39,69,0.5835345570868723,NO
40,228,0.6971526933680472,NO
41,231,0.6971526933680472,NO
42,202,0.6671363697110054,NO
43,99,0.5945159204726992,NO
44,191,0.6560596708061327,NO
45,447,0.925307535889369,YES
46,95,0.5919177969267404,NO
47,549,0.9753660447831264,NO
48,136,0.6142113131280375,NO
49,40,0.5776428738227228,NO
50,86,0.5895194562817312,NO
51,90,0.5895194562817312,NO
52,79,0.5853268325231431,NO
53,85,0.5873221114355129,NO
54,59,0.5805621592689906,NO
55,112,0.600305884763532,NO
56,52,0.579383329148709,NO
57,157,0.9995101092464669,YES
58,74,0.5853268325231431,NO
59,230,0.9996358957930955,YES
60,206,0.9995084040666693,YES
61,55,0.579383329148709,NO
62,29,0.576727565449946,NO
63,111,0.600305884763532,NO
64,98,0.5945159204726992,NO
65,43,0.5776428738227228,NO
66,54,0.579383329148709,NO
67,205,0.6728867962200707,NO
68,121,0.6034944844835616,NO
69,107,0.5973124603540703,NO
70,74,0.5853268325231431,NO
71,76,0.5853268325231431,NO
72,33,0.5770819544602119,NO
73,420,0.9110706443593276,YES
74,146,0.6222912429019585,NO
75,125,0.6068763602080324,NO
76,75,0.5853268325231431,NO
77,47,0.5784101014048181,NO
78,34,0.5770819544602119,NO
79,39,0.5776428738227228,NO
80,36,0.5770819544602119,NO
81,79,0.5853268325231431,NO
82,28,0.576727565449946,NO
83,422,0.902170210999597,NO
84,212,0.678770407846524,NO
85,88,0.5895194562817312,NO
86,57,0.5805621592689906,NO
87,43,0.5776428738227228,NO
88,27,0.576727565449946,NO
89,25,0.5765798457898886,NO
90,53,0.579383329148709,NO
91,108,0.9994350510037268,YES
92,102,0.999436979093197,YES
93,85,0.5873221114355129,NO
94,54,0.579383329148709,NO
95,78,0.5853268325231431,NO
96,98,0.5945159204726992,NO
97,78,0.5853268325231431,NO
98,77,0.5853268325231431,NO
99,97,0.5919177969267404,NO
100,176,0.6455860107747012,NO
101,123,0.6068763602080324,NO
102,51,0.579383329148709,NO
103,71,0.5835345570868723,NO
104,94,0.9993677920726043,YES
