ID, Size, Predicted, Actual
0,28,7.752529309618683E-5,NO
1,28,7.752529309618683E-5,NO
2,449,0.011284875629618342,NO
3,1087,0.05570503771916711,YES
4,25,7.70070429125811E-5,NO
5,50,7.98834144621203E-5,NO
6,76,8.27271238349769E-5,NO
7,38,7.864620197285814E-5,NO
8,168,1.0004461259503987E-4,YES
9,268,1.3636742804858944E-4,YES
10,371,0.7013469193767758,YES
11,145,9.46869739232821E-5,YES
12,85,8.43451977791545E-5,NO
13,64,8.124188862884328E-5,NO
14,36,7.807149924766299E-5,NO
15,36,7.807149924766299E-5,NO
16,39,6.509679585027022E-4,NO
17,26,7.752529309618683E-5,NO
18,504,0.0033823042870958033,NO
19,357,0.6215192653276362,YES
20,196,1.0792841078840897E-4,NO
21,24,7.70070429125811E-5,NO
22,27,7.752529309618683E-5,NO
23,69,8.196829526322374E-5,YES
24,56,8.054716322621805E-5,NO
25,26,7.752529309618683E-5,NO
26,187,1.0623683599266944E-4,NO
27,983,0.018945698347709535,NO
28,252,1.2859635268860185E-4,NO
29,620,8.286416723836686E-4,NO
30,37,7.807149924766299E-5,NO
31,35,7.807149924766299E-5,NO
32,286,1.450165497955209E-4,NO
33,232,1.2161065092190543E-4,NO
34,203,1.1149758074156804E-4,NO
35,270,1.3636742804858944E-4,NO
36,425,2.6252023774283597E-4,NO
37,244,1.261847475518227E-4,NO
38,74,8.27271238349769E-5,NO
39,69,8.196829526322374E-5,NO
40,247,0.5397524230554716,YES
41,231,1.1944229881832788E-4,NO
42,202,1.096812912637062E-4,NO
43,99,8.610280785020242E-5,NO
44,191,1.0623683599266944E-4,NO
45,447,2.949435115537622E-4,YES
46,95,8.610280785020242E-5,NO
47,549,5.299672290501224E-4,NO
48,136,9.346622016378533E-5,NO
49,40,7.864620197285814E-5,NO
50,86,8.43451977791545E-5,NO
51,90,8.520611677995396E-5,NO
52,79,8.351915241775946E-5,NO
53,85,8.43451977791545E-5,NO
54,59,8.054716322621805E-5,NO
55,105,9.841207649399328E-4,NO
56,52,7.98834144621203E-5,NO
57,157,9.726794158909409E-5,YES
58,74,8.27271238349769E-5,NO
59,243,0.0016388198056774713,YES
60,227,0.0016105916073296989,YES
61,55,8.054716322621805E-5,NO
62,29,7.752529309618683E-5,NO
63,111,7.266746576883092E-4,NO
64,113,7.76635596348813E-4,NO
65,71,8.515751115036642E-4,NO
66,54,7.98834144621203E-5,NO
67,205,1.1149758074156804E-4,NO
68,121,9.006680589033029E-5,NO
69,107,8.800731718749763E-5,NO
70,74,8.27271238349769E-5,NO
71,55,0.0017879686574775024,NO
72,104,0.026331335388657437,NO
73,61,0.002316829340024045,NO
74,148,0.6112771867115965,NO
75,66,0.0026774486639534064,NO
76,87,0.008217416064375314,NO
77,85,0.007981248656044378,NO
78,72,0.0036537151969438476,NO
79,54,0.0016322705433078875,NO
80,60,0.0020525724930841815,NO
81,76,8.27271238349769E-5,NO
82,33,7.807149924766299E-5,NO
83,430,0.7304921625459913,YES
84,146,9.595374272511898E-5,NO
85,125,9.115740244569985E-5,NO
86,75,8.27271238349769E-5,NO
87,47,7.924997266735343E-5,YES
88,34,7.807149924766299E-5,NO
89,39,7.864620197285814E-5,NO
90,36,7.807149924766299E-5,NO
91,79,8.351915241775946E-5,NO
92,28,7.752529309618683E-5,NO
93,426,0.0025736710760085996,NO
94,212,1.1337947714077214E-4,NO
95,88,8.43451977791545E-5,NO
96,57,8.054716322621805E-5,NO
97,43,7.924997266735343E-5,NO
98,27,7.752529309618683E-5,NO
99,25,7.70070429125811E-5,NO
100,53,7.98834144621203E-5,NO
101,108,8.800731718749763E-5,YES
102,102,8.70362125455232E-5,NO
103,85,8.43451977791545E-5,NO
104,54,7.98834144621203E-5,NO
105,78,8.351915241775946E-5,NO
106,98,8.610280785020242E-5,NO
107,78,8.351915241775946E-5,NO
108,77,8.27271238349769E-5,YES
109,97,8.610280785020242E-5,NO
110,176,1.0302963857371376E-4,NO
111,123,9.115740244569985E-5,NO
112,51,7.98834144621203E-5,NO
113,71,8.196829526322374E-5,NO
114,94,8.520611677995396E-5,NO
