ID, Size, Predicted, Actual
0,40,0.14294265533341316,NO
1,28,4.930237144406645E-5,NO
2,28,4.930237144406645E-5,NO
3,449,4.1876046901172525E-4,YES
4,1358,0.9991631799163181,NO
5,25,6.447037586229128E-5,NO
6,39,0.16675977653631285,NO
7,50,1.1971746677840296E-4,NO
8,82,0.9991631799163181,NO
9,41,8.368200836820084E-4,NO
10,245,2.0946795140343527E-4,NO
11,227,0.5,NO
12,363,8.368200836820084E-4,NO
13,375,8.368200836820084E-4,YES
14,145,0.2501047339757017,NO
15,49,1.1971746677840296E-4,NO
16,85,5.58752863608426E-5,NO
17,64,1.675884028825205E-4,NO
18,36,4.1907635571201067E-5,NO
19,37,1.3966480446927373E-4,NO
20,92,8.368200836820084E-4,NO
21,32,8.368200836820084E-4,NO
22,26,9.311853990129435E-5,NO
23,669,0.9991631799163181,YES
24,398,0.9991631799163181,YES
25,206,8.368200836820084E-4,YES
26,24,1.0475591870940707E-4,NO
27,24,1.0475591870940707E-4,NO
28,27,7.619047619047618E-5,NO
29,30,8.368200836820084E-4,NO
30,428,8.368200836820084E-4,NO
31,972,1.675884028825205E-4,NO
32,123,1.675884028825205E-4,NO
33,562,1.675884028825205E-4,NO
34,205,2.7925160569673273E-4,NO
35,37,1.3966480446927373E-4,NO
36,35,1.1971746677840296E-4,NO
37,276,8.368200836820084E-4,NO
38,316,4.1876046901172525E-4,NO
39,204,0.11118353664214546,NO
40,133,8.368200836820084E-4,NO
41,285,1.675884028825205E-4,NO
42,336,8.368200836820084E-4,NO
43,464,0.9991631799163181,NO
44,294,8.368200836820084E-4,NO
45,76,7.619047619047618E-5,NO
46,69,0.12507856693903208,NO
47,266,8.368200836820084E-4,NO
48,247,0.5,NO
49,217,8.368200836820084E-4,NO
50,99,1.1971746677840296E-4,NO
51,191,0.16675977653631285,NO
52,476,0.9991631799163181,NO
53,95,1.675884028825205E-4,NO
54,550,0.9991631799163181,YES
55,136,1.675884028825205E-4,NO
56,33,2.0946795140343527E-4,NO
57,479,0.9991631799163181,YES
58,140,8.368200836820084E-4,NO
59,111,0.9991631799163181,YES
60,34,1.3966480446927373E-4,NO
61,39,0.16675977653631285,NO
62,36,4.1907635571201067E-5,NO
63,202,0.9991631799163181,YES
64,106,2.7925160569673273E-4,NO
65,57,1.675884028825205E-4,NO
66,43,1.1971746677840296E-4,NO
67,27,7.619047619047618E-5,NO
68,25,6.447037586229128E-5,NO
69,53,1.675884028825205E-4,NO
70,88,2.0946795140343527E-4,YES
71,107,2.7925160569673273E-4,NO
72,132,8.368200836820084E-4,NO
73,169,8.368200836820084E-4,NO
74,80,8.368200836820084E-4,NO
75,29,2.7925160569673273E-4,NO
76,430,8.368200836820084E-4,NO
77,79,8.380824673147838E-5,NO
78,85,5.58752863608426E-5,NO
79,110,4.1876046901172525E-4,NO
80,111,4.1876046901172525E-4,NO
81,53,1.675884028825205E-4,NO
82,52,1.675884028825205E-4,NO
83,158,8.368200836820084E-4,NO
84,270,8.368200836820084E-4,YES
85,183,8.368200836820084E-4,NO
86,215,4.1876046901172525E-4,NO
87,76,7.619047619047618E-5,NO
88,285,1.675884028825205E-4,YES
89,258,8.368200836820084E-4,NO
90,55,9.311853990129435E-5,NO
91,102,4.1876046901172525E-4,NO
92,403,8.368200836820084E-4,NO
93,35,1.1971746677840296E-4,NO
94,145,0.2501047339757017,NO
95,119,8.368200836820084E-4,NO
96,71,0.16675977653631285,YES
97,75,1.3966480446927373E-4,YES
98,69,0.12507856693903208,NO
99,80,8.368200836820084E-4,YES
100,63,8.368200836820084E-4,NO
101,120,8.368200836820084E-4,YES
102,98,1.3966480446927373E-4,NO
103,54,6.447037586229128E-5,NO
104,267,8.368200836820084E-4,NO
105,55,9.311853990129435E-5,NO
106,46,4.1876046901172525E-4,NO
107,226,8.368200836820084E-4,NO
108,54,6.447037586229128E-5,NO
109,270,2.0946795140343527E-4,NO
110,74,5.986590038314176E-5,NO
111,359,8.368200836820084E-4,NO
112,78,9.311853990129435E-5,NO
113,180,8.368200836820084E-4,NO
114,57,1.675884028825205E-4,NO
115,50,1.1971746677840296E-4,NO
116,243,8.368200836820084E-4,NO
117,254,8.368200836820084E-4,NO
118,306,8.368200836820084E-4,NO
119,139,8.368200836820084E-4,NO
120,375,8.368200836820084E-4,NO
121,75,1.3966480446927373E-4,NO
122,222,8.368200836820084E-4,NO
123,61,4.1876046901172525E-4,NO
124,98,4.1876046901172525E-4,NO
125,28,4.930237144406645E-5,NO
126,55,9.311853990129435E-5,NO
127,194,8.368200836820084E-4,NO
128,28,4.930237144406645E-5,NO
129,50,1.1971746677840296E-4,NO
130,55,8.368200836820084E-4,NO
131,118,8.368200836820084E-4,NO
132,87,8.368200836820084E-4,NO
133,65,8.368200836820084E-4,NO
134,144,0.2501047339757017,NO
135,117,8.368200836820084E-4,NO
136,28,4.930237144406645E-5,NO
137,57,1.675884028825205E-4,NO
138,60,2.0946795140343527E-4,NO
139,62,8.368200836820084E-4,NO
140,89,8.368200836820084E-4,NO
141,60,2.0946795140343527E-4,NO
142,68,0.9991631799163181,NO
143,522,1.675884028825205E-4,NO
144,43,1.1971746677840296E-4,NO
145,247,0.5,NO
146,35,1.1971746677840296E-4,NO
147,42,2.7925160569673273E-4,NO
148,57,1.675884028825205E-4,NO
149,91,8.368200836820084E-4,NO
150,61,8.368200836820084E-4,NO
151,92,4.1876046901172525E-4,NO
152,93,8.368200836820084E-4,NO
153,80,8.368200836820084E-4,NO
154,101,2.7925160569673273E-4,NO
155,59,2.0946795140343527E-4,NO
156,84,8.368200836820084E-4,NO
157,82,8.368200836820084E-4,NO
158,132,8.368200836820084E-4,NO
159,143,0.2501047339757017,NO
160,78,8.368200836820084E-4,NO
161,66,0.9991631799163181,NO
162,66,0.9991631799163181,NO
163,85,5.58752863608426E-5,YES
164,54,6.447037586229128E-5,NO
165,77,0.3334264172018989,NO
166,137,1.675884028825205E-4,NO
167,130,0.9991631799163181,NO
168,79,8.380824673147838E-5,NO
169,76,7.619047619047618E-5,NO
170,81,4.1876046901172525E-4,NO
171,98,1.3966480446927373E-4,NO
172,115,0.9991631799163181,NO
173,180,8.368200836820084E-4,NO
174,118,8.368200836820084E-4,NO
175,64,1.675884028825205E-4,NO
176,95,1.675884028825205E-4,NO
177,88,8.368200836820084E-4,NO
178,51,1.3966480446927373E-4,NO
179,120,8.368200836820084E-4,NO
