ID, Size, Predicted, Actual
0,45,0.6249864325736665,NO
1,79,2.7136325347668517E-5,NO
2,67,0.8332850953404994,NO
3,45,0.6249864325736665,NO
4,28,1.3783898442464456E-5,NO
5,28,1.3783898442464456E-5,NO
6,564,4.338280306051933E-4,YES
7,1491,0.9999131741258823,YES
8,25,2.554015245261583E-5,NO
9,39,0.40000347351751087,NO
10,47,0.5555501955200166,NO
11,184,4.338280306051933E-4,NO
12,30,0.43478753314160673,NO
13,221,0.9999131741258823,YES
14,50,2.7136325347668517E-5,NO
15,101,6.67918105170742E-5,NO
16,41,0.5263133841269623,NO
17,250,0.9999131741258823,YES
18,227,0.5882262804066164,NO
19,363,1.2402773261145416E-4,NO
20,407,2.1700815952506867E-4,NO
21,145,0.35715171791508715,NO
22,49,1.0852763114402651E-4,NO
23,85,0.20001042055253196,NO
24,64,5.107769584095428E-5,NO
25,42,5.107769584095428E-5,NO
26,36,0.3333381576911386,NO
27,37,3.7754085652028985E-5,NO
28,83,1.0852763114402651E-4,NO
29,32,6.202155869902556E-5,NO
30,26,4.8240319850277326E-5,NO
31,882,0.9999131741258823,YES
32,413,0.9999131741258823,YES
33,213,2.893023587184837E-4,YES
34,24,2.8011641640624208E-5,NO
35,24,2.8011641640624208E-5,NO
36,27,3.7754085652028985E-5,NO
37,259,0.9999131741258823,YES
38,30,0.43478753314160673,NO
39,428,0.5882262804066164,NO
40,979,4.338280306051933E-4,NO
41,123,6.67918105170742E-5,NO
42,562,1.2402773261145416E-4,NO
43,205,7.893385892550633E-5,NO
44,37,3.7754085652028985E-5,NO
45,35,2.4121323545501702E-5,NO
46,283,4.338280306051933E-4,NO
47,316,1.2402773261145416E-4,NO
48,204,1.2402773261145416E-4,NO
49,133,7.23569892511111E-5,NO
50,285,0.5882262804066163,NO
51,336,1.2402773261145416E-4,NO
52,701,8.66903886798519E-4,NO
53,301,8.66903886798519E-4,NO
54,76,2.4121323545501702E-5,NO
55,69,0.31251017612200516,NO
56,266,9.647133208472234E-5,NO
57,253,2.1700815952506867E-4,NO
58,217,1.2402773261145416E-4,NO
59,100,0.9090263268426975,NO
60,191,0.45454904273136226,NO
61,476,1.2402773261145416E-4,NO
62,95,0.4000069467937232,NO
63,551,8.66903886798519E-4,NO
64,136,7.23569892511111E-5,NO
65,33,7.23569892511111E-5,NO
66,491,0.9999131741258823,YES
67,143,0.9999131741258823,YES
68,113,0.9999131741258823,YES
69,34,5.788726682022613E-5,NO
70,39,0.40000347351751087,NO
71,36,0.3333381576911386,NO
72,277,0.9999131741258823,YES
73,75,0.33334298176965815,NO
74,57,2.2265919747148384E-5,NO
75,124,7.893385892550633E-5,NO
76,59,4.8240319850277326E-5,NO
77,32,6.202155869902556E-5,NO
78,25,2.554015245261583E-5,NO
79,53,0.3030406691734713,NO
80,53,0.3030406691734713,NO
81,88,4.570158771702158E-5,YES
82,107,0.47619244521026194,NO
83,133,7.23569892511111E-5,YES
84,169,9.647133208472234E-5,NO
85,94,0.4999999999999999,NO
86,35,2.4121323545501702E-5,NO
87,689,8.66903886798519E-4,YES
88,162,1.7362159854147625E-4,NO
89,39,0.40000347351751087,NO
90,79,2.7136325347668517E-5,NO
91,85,0.20001042055253196,NO
92,110,8.682587411779722E-5,NO
93,122,4.338280306051933E-4,NO
94,53,0.3030406691734713,NO
95,52,6.202155869902556E-5,NO
96,177,4.338280306051933E-4,NO
97,527,0.9999131741258823,YES
98,183,8.682587411779722E-5,NO
99,215,0.5555501955200166,NO
100,76,2.4121323545501702E-5,NO
101,563,4.338280306051933E-4,NO
102,257,1.2402773261145416E-4,NO
103,55,0.19608878115303424,NO
104,102,0.476192445210262,NO
105,403,0.5882262804066163,NO
106,35,2.4121323545501702E-5,NO
107,145,0.35715171791508715,NO
108,119,9.647133208472234E-5,NO
109,108,0.6249864325736665,NO
110,91,8.682587411779722E-5,NO
111,69,0.31251017612200516,NO
112,80,0.3225905847760659,NO
113,63,9.647133208472234E-5,NO
114,160,2.1700815952506867E-4,NO
115,102,0.476192445210262,NO
116,54,0.19608878115303424,NO
117,267,9.647133208472234E-5,NO
118,55,0.19608878115303424,NO
119,46,7.893385892550633E-5,NO
120,226,9.647133208472234E-5,NO
121,54,0.19608878115303424,NO
122,270,0.4347875331416066,NO
123,74,3.216124754609714E-5,NO
124,359,9.647133208472234E-5,NO
125,78,2.894530897493687E-5,NO
126,180,6.202155869902556E-5,NO
127,57,2.2265919747148384E-5,NO
128,50,2.7136325347668517E-5,NO
129,243,0.5263133841269623,NO
130,254,1.2402773261145416E-4,NO
131,306,9.647133208472234E-5,NO
132,139,7.893385892550633E-5,NO
133,372,4.338280306051933E-4,NO
134,75,0.33334298176965815,NO
135,222,7.893385892550633E-5,NO
136,61,4.8240319850277326E-5,NO
137,98,0.322590584776066,NO
138,28,1.3783898442464456E-5,NO
139,55,0.19608878115303424,NO
140,195,8.66903886798519E-4,NO
141,28,1.3783898442464456E-5,NO
142,50,2.7136325347668517E-5,NO
143,55,0.19608878115303424,NO
144,130,0.8695373121975616,NO
145,87,8.682587411779722E-5,NO
146,65,1.4469303939682949E-4,NO
147,140,9.647133208472234E-5,NO
148,134,1.7362159854147625E-4,NO
149,117,0.476192445210262,NO
150,28,1.3783898442464456E-5,NO
151,57,2.2265919747148384E-5,NO
152,60,4.34167067524137E-5,NO
153,62,9.647133208472234E-5,NO
154,89,1.4469303939682949E-4,NO
155,60,4.34167067524137E-5,NO
156,68,1.4469303939682949E-4,NO
157,522,0.7142591336177004,NO
158,43,4.570158771702158E-5,NO
159,247,0.41667269685209685,NO
160,35,2.4121323545501702E-5,NO
161,42,5.107769584095428E-5,NO
162,57,2.2265919747148384E-5,NO
163,125,1.7362159854147625E-4,NO
164,61,4.8240319850277326E-5,NO
165,92,0.5,NO
166,92,0.5,NO
167,80,0.3225905847760659,NO
168,101,6.67918105170742E-5,NO
169,59,4.8240319850277326E-5,NO
170,84,7.893385892550633E-5,NO
171,81,7.23569892511111E-5,NO
172,173,8.66903886798519E-4,NO
173,159,8.66903886798519E-4,NO
174,99,0.9999131741258823,YES
175,73,0.7691948044097218,NO
176,74,3.216124754609714E-5,NO
177,330,0.9999131741258823,YES
178,81,7.23569892511111E-5,NO
179,66,6.202155869902556E-5,NO
180,245,0.9999131741258823,YES
181,91,8.682587411779722E-5,NO
182,57,2.2265919747148384E-5,NO
183,85,0.20001042055253196,NO
184,94,0.4999999999999999,NO
185,54,0.19608878115303424,NO
186,75,0.33334298176965815,NO
187,137,1.0852763114402651E-4,NO
188,133,7.23569892511111E-5,NO
189,79,2.7136325347668517E-5,NO
190,76,2.4121323545501702E-5,NO
191,81,7.23569892511111E-5,NO
192,99,0.555552875408495,NO
193,115,1.0852763114402651E-4,NO
194,180,6.202155869902556E-5,NO
195,118,0.5555501955200167,NO
196,132,7.23569892511111E-5,NO
197,94,0.4999999999999999,NO
198,88,4.570158771702158E-5,NO
199,51,5.426970533457612E-5,NO
200,111,4.34167067524137E-5,NO
