ID, Size, Predicted, Actual
0,25,0.06785824998677009,NO
1,25,0.2292389538007269,NO
2,354,0.13982228651389314,YES
3,774,0.12390249279063295,YES
4,25,0.06785824998677009,NO
5,38,0.9813802607273944,YES
6,235,0.9911198213767148,YES
7,199,0.9675400144385493,YES
8,34,0.22799737359341157,NO
9,36,0.22698842729090443,NO
10,36,0.22698842729090443,NO
11,26,0.2292389538007269,NO
12,441,0.9968609841402523,YES
13,465,0.3107513020047421,YES
14,191,0.25206607763194694,YES
15,24,0.2292389538007269,NO
16,24,0.2292389538007269,NO
17,52,0.08222632639396713,NO
18,54,0.22566035424838735,NO
19,192,0.2559016641169344,NO
20,300,0.3349266502811376,NO
21,250,0.2912547894336552,NO
22,618,0.6089315976858415,NO
23,37,0.22698842729090443,NO
24,35,0.22799737359341157,NO
25,279,0.3188735557809908,NO
26,274,0.3114201676009454,NO
27,398,0.47875727885789254,NO
28,238,0.9929211145570465,YES
29,74,0.22524340829310646,NO
30,69,0.22524340829310646,NO
31,203,0.260025253004051,NO
32,229,0.2742005421590547,NO
33,202,0.260025253004051,NO
34,101,0.9906419988307978,YES
35,165,0.986023228725473,YES
36,337,0.3820560448704606,NO
37,94,0.22632067051152457,NO
38,381,0.9959983197929182,YES
39,138,0.23472869051784748,NO
40,40,0.22698842729090443,NO
41,86,0.22573402096424564,NO
42,90,0.22632067051152457,NO
43,78,0.03266596556747226,NO
44,84,0.032104782130380115,NO
45,59,0.026998283451113558,NO
46,111,0.08384473136861344,NO
47,149,0.009517669084192696,NO
48,74,0.07832937107081632,NO
49,230,0.09565274011359924,NO
50,208,0.05253721533001272,NO
51,55,0.03505949763912648,NO
52,29,0.045451632290336434,NO
53,110,0.07983125043301353,NO
54,96,0.07420867915239168,NO
55,42,0.22698842729090443,NO
56,36,0.22698842729090443,NO
57,356,0.09578215493776349,YES
58,100,8.290312437967295E-4,YES
59,73,0.05547267121660603,YES
60,111,0.07983125043301353,NO
61,99,3.590579136283366E-5,YES
62,79,1.8585315744785064E-4,NO
63,28,0.07975387156582003,NO
64,309,1.0,YES
65,94,0.04635700335500097,YES
66,45,0.062421384650531396,YES
67,39,0.07326611730334215,NO
68,40,0.22698842729090443,YES
69,28,0.22799737359341157,NO
70,27,0.2292389538007269,NO
71,71,0.22524340829310646,YES
72,80,0.06647990751144477,NO
73,40,0.06705422642393995,YES
74,87,0.22573402096424564,NO
75,53,0.06658130454995223,YES
76,47,0.06677688317428256,NO
77,85,0.07881191193895395,NO
78,174,0.009952762196732662,NO
79,143,0.07626897386070508,NO
80,115,0.045651519624181576,NO
81,220,0.07501274272558911,YES
82,142,0.06915091951900636,YES
83,235,0.986002567575906,YES
84,39,0.04036349362202438,NO
85,91,0.045521755166377,NO
86,42,0.03964394237849782,NO
87,196,0.07002819967254433,NO
88,42,0.22698842729090443,NO
89,40,0.04421153193938395,NO
90,39,0.22698842729090443,YES
91,45,0.22620997357030947,NO
92,175,0.9944467671724304,YES
93,46,0.22620997357030947,NO
94,149,0.06289644917752175,YES
95,292,0.9938124945482133,YES
96,78,0.05867442161077472,NO
97,475,0.04756663401387162,NO
98,163,0.2422178798465801,NO
99,211,0.09457645733810754,NO
100,120,0.03649222011545922,NO
101,849,0.9763117153595637,NO
