ID, Size, Predicted, Actual
0,45,0.23861068246447192,NO
1,28,0.23936990273552378,NO
2,28,0.23936990273552378,NO
3,449,0.7242268210480451,YES
4,1470,1.0,NO
5,25,0.2398632096959113,NO
6,39,0.23874396143448526,NO
7,47,0.23861068246447192,NO
8,30,0.23936990273552378,NO
9,215,0.3113674646241931,NO
10,50,0.23859697353707113,NO
11,82,0.24103352777764492,NO
12,41,0.23874396143448526,NO
13,245,0.3429708838721723,NO
14,227,0.3263216010781004,NO
15,363,0.5402640043803025,NO
16,407,0.6372453386768872,NO
17,145,0.2617681034043359,NO
18,49,0.23859697353707113,NO
19,85,0.2418633122265289,NO
20,64,0.23927374224334988,NO
21,36,0.23899694793890794,NO
22,37,0.23899694793890794,NO
23,83,0.2418633122265289,NO
24,32,0.23936990273552378,NO
25,26,0.2398632096959113,NO
26,835,0.9990789306003725,YES
27,365,0.5402640043803025,NO
28,206,0.3023032919088419,YES
29,24,0.2398632096959113,NO
30,24,0.2398632096959113,NO
31,27,0.2398632096959113,NO
32,260,0.3613812767819107,NO
33,30,0.23936990273552378,NO
34,428,0.6811828170721995,NO
35,972,0.9999607963313215,NO
36,123,0.2530222838445394,NO
37,562,0.9134208540408115,NO
38,205,0.3023032919088419,NO
39,37,0.23899694793890794,NO
40,35,0.23899694793890794,NO
41,276,0.38160456820043803,NO
42,316,0.44453538519950836,NO
43,204,0.3023032919088419,NO
44,133,0.25711946800880187,NO
45,285,0.3961102021051287,NO
46,336,0.4807597417728835,NO
47,464,0.7553162168585952,NO
48,294,0.411438153963115,NO
49,76,0.24032579992468983,NO
50,69,0.23973940516133463,NO
51,266,0.3679189185647338,NO
52,247,0.3489090916679553,NO
53,217,0.31616829877213254,NO
54,99,0.24509406303594516,NO
55,191,0.29000739192753006,NO
56,476,0.7752544502686908,NO
57,95,0.24389255319491912,NO
58,550,0.8961363247823194,NO
59,136,0.25711946800880187,NO
60,33,0.23899694793890794,NO
61,483,0.7944412397104865,NO
62,140,0.25937381495059636,NO
63,111,0.2478768924606487,NO
64,34,0.23899694793890794,NO
65,39,0.23874396143448526,NO
66,36,0.23899694793890794,NO
67,257,0.3613812767819107,YES
68,61,0.2389283325752943,NO
69,57,0.23870282050534175,NO
70,124,0.2530222838445394,NO
71,59,0.2389283325752943,NO
72,32,0.23936990273552378,NO
73,25,0.2398632096959113,NO
74,53,0.23870282050534175,NO
75,53,0.23870282050534175,NO
76,88,0.24281599855028915,YES
77,107,0.24642173449085777,NO
78,133,0.25711946800880187,NO
79,169,0.2759191281220301,NO
80,80,0.24103352777764492,NO
81,29,0.23936990273552378,NO
82,588,0.9372919696419526,NO
83,162,0.2698131476142216,NO
84,39,0.23874396143448526,NO
85,79,0.24103352777764492,NO
86,85,0.2418633122265289,NO
87,110,0.2478768924606487,NO
88,111,0.2478768924606487,NO
89,53,0.23870282050534175,NO
90,52,0.23859697353707113,NO
91,154,0.2669854220666289,NO
92,403,0.6262416343619058,NO
93,183,0.28624392435554324,NO
94,215,0.3113674646241931,NO
95,76,0.24032579992468983,NO
96,554,0.9021545622368442,YES
97,257,0.3613812767819107,NO
98,55,0.23870282050534175,NO
99,102,0.24509406303594516,NO
100,403,0.6262416343619058,NO
101,35,0.23899694793890794,NO
102,145,0.2617681034043359,NO
103,119,0.2511755522299126,NO
104,108,0.2478768924606487,NO
105,91,0.24281599855028915,NO
106,69,0.23973940516133463,NO
107,80,0.24103352777764492,NO
108,63,0.23927374224334988,NO
109,160,0.2698131476142216,NO
110,98,0.24509406303594516,NO
111,54,0.23870282050534175,NO
112,267,0.374659625552047,NO
113,55,0.23870282050534175,NO
114,46,0.23861068246447192,NO
115,226,0.32115208717323024,NO
116,54,0.23870282050534175,NO
117,270,0.374659625552047,NO
118,74,0.24032579992468983,NO
119,359,0.5299706273766815,NO
120,78,0.24103352777764492,NO
121,180,0.2826432587725675,NO
122,57,0.23870282050534175,NO
123,50,0.23859697353707113,NO
124,243,0.3429708838721723,NO
125,254,0.3550452404774552,NO
126,306,0.42758398727358843,NO
127,139,0.25937381495059636,NO
128,375,0.5612256492041464,NO
129,75,0.24032579992468983,NO
130,222,0.32115208717323024,NO
131,61,0.2389283325752943,NO
132,98,0.24509406303594516,NO
133,28,0.23936990273552378,NO
134,55,0.23870282050534175,NO
135,194,0.2939365162636522,NO
136,28,0.23936990273552378,NO
137,50,0.23859697353707113,NO
138,55,0.23870282050534175,NO
139,124,0.2530222838445394,NO
140,87,0.2418633122265289,NO
141,65,0.23927374224334988,NO
142,144,0.2617681034043359,NO
143,134,0.25711946800880187,NO
144,117,0.24946097907711223,NO
145,28,0.23936990273552378,NO
146,57,0.23870282050534175,NO
147,60,0.2389283325752943,NO
148,62,0.2389283325752943,NO
149,89,0.24281599855028915,NO
150,60,0.2389283325752943,NO
151,68,0.23973940516133463,NO
152,522,0.8621146981844551,NO
153,43,0.23861068246447192,NO
154,247,0.3489090916679553,NO
155,35,0.23899694793890794,NO
156,42,0.23874396143448526,NO
157,57,0.23870282050534175,NO
158,117,0.24946097907711223,NO
159,61,0.2389283325752943,NO
160,92,0.24281599855028915,NO
161,93,0.24389255319491912,NO
162,80,0.24103352777764492,NO
163,101,0.24509406303594516,NO
164,59,0.2389283325752943,NO
165,84,0.2418633122265289,NO
166,82,0.24103352777764492,NO
167,172,0.2759191281220301,NO
168,143,0.2617681034043359,NO
169,78,0.24103352777764492,NO
170,66,0.23927374224334988,NO
171,66,0.23927374224334988,NO
172,85,0.2418633122265289,NO
173,54,0.23870282050534175,NO
174,77,0.24032579992468983,NO
175,137,0.25711946800880187,NO
176,130,0.25500295787957933,NO
177,79,0.24103352777764492,NO
178,76,0.24032579992468983,NO
179,81,0.24103352777764492,NO
180,98,0.24509406303594516,NO
181,115,0.24946097907711223,NO
182,180,0.2826432587725675,NO
183,118,0.2511755522299126,NO
184,132,0.25500295787957933,NO
185,95,0.24389255319491912,NO
186,88,0.24281599855028915,NO
187,51,0.23859697353707113,NO
188,120,0.2511755522299126,NO
