ID, Size, Predicted, Actual
0,45,7.872775940796726E-5,NO
1,79,1.5747535510692576E-5,NO
2,67,3.9339103068450045E-4,NO
3,45,7.872775940796726E-5,NO
4,28,7.5710543450280886E-6,NO
5,28,7.5710543450280886E-6,NO
6,564,1.9677292404565134E-4,YES
7,1491,0.9996066089693155,YES
8,173,3.9339103068450045E-4,NO
9,25,1.4581085415998366E-5,NO
10,39,0.040014487732669836,NO
11,47,0.1428973118884265,NO
12,184,1.9677292404565134E-4,NO
13,30,3.280624630929729E-5,NO
14,221,4.920775514221041E-5,NO
15,50,1.3575520621215822E-5,NO
16,101,4.374070510016622E-5,NO
17,41,5.6236643797098194E-5,NO
18,250,1.9677292404565134E-4,NO
19,227,5.6236643797098194E-5,NO
20,363,6.560818790185015E-5,NO
21,407,7.872775940796726E-5,YES
22,145,0.05557499671930361,NO
23,49,5.6236643797098194E-5,NO
24,85,0.028582034149962878,NO
25,64,2.811990326753276E-5,NO
26,42,3.280624630929729E-5,NO
27,36,1.1579166763159722E-5,NO
28,37,1.9684264399039406E-5,NO
29,83,6.560818790185015E-5,NO
30,32,3.280624630929729E-5,NO
31,26,2.460508833226711E-5,NO
32,883,0.9996066089693155,YES
33,413,7.872775940796726E-5,YES
34,213,3.9339103068450045E-4,YES
35,24,1.7894849862209654E-5,NO
36,24,1.7894849862209654E-5,NO
37,27,1.9684264399039406E-5,NO
38,259,3.9339103068450045E-4,NO
39,30,3.280624630929729E-5,NO
40,428,5.6236643797098194E-5,NO
41,979,1.9677292404565134E-4,YES
42,123,3.280624630929729E-5,YES
43,562,5.6236643797098194E-5,NO
44,205,3.9366978978033224E-5,YES
45,37,1.9684264399039406E-5,NO
46,35,1.3123015143959476E-5,NO
47,283,1.9677292404565134E-4,NO
48,316,5.6236643797098194E-5,NO
49,204,5.6236643797098194E-5,NO
50,133,3.0282841741869056E-5,NO
51,285,0.12503690581635665,YES
52,336,5.6236643797098194E-5,NO
53,701,1.9677292404565134E-4,YES
54,301,1.9677292404565134E-4,NO
55,76,1.2302846878767746E-5,NO
56,69,0.04547081349987473,YES
57,266,4.920775514221041E-5,NO
58,253,1.311991603253739E-4,NO
59,217,5.6236643797098194E-5,NO
60,100,1.9677292404565134E-4,NO
61,191,0.07694870086608928,NO
62,476,6.560818790185015E-5,NO
63,95,0.06252152945229073,NO
64,551,1.9677292404565134E-4,NO
65,136,3.280624630929729E-5,NO
66,33,3.5788418867654425E-5,NO
67,491,1.9677292404565134E-4,YES
68,143,9.840582562487701E-5,YES
69,113,0.3333770663867751,NO
70,34,3.0282841741869056E-5,NO
71,39,0.040014487732669836,NO
72,36,1.1579166763159722E-5,NO
73,277,9.840582562487701E-5,YES
74,75,0.05557499671930361,NO
75,57,1.1248340869721716E-5,NO
76,124,4.920775514221041E-5,NO
77,59,2.624534145189229E-5,NO
78,32,3.280624630929729E-5,NO
79,25,1.4581085415998366E-5,NO
80,53,1.7116839546746088E-5,NO
81,53,1.7116839546746088E-5,NO
82,88,2.3157797230327448E-5,YES
83,107,3.9366978978033224E-5,NO
84,133,0.9996066089693155,YES
85,169,4.920775514221041E-5,NO
86,94,4.374070510016622E-5,NO
87,35,1.3123015143959476E-5,NO
88,689,3.9339103068450045E-4,YES
89,162,7.872775940796726E-5,NO
90,39,0.040014487732669836,NO
91,79,1.5747535510692576E-5,NO
92,85,0.028582034149962878,NO
93,110,5.6236643797098194E-5,NO
94,122,3.9339103068450045E-4,NO
95,53,1.7116839546746088E-5,NO
96,52,3.280624630929729E-5,NO
97,177,3.9339103068450045E-4,YES
98,533,0.9996066089693155,YES
99,183,4.920775514221041E-5,YES
100,215,0.12503690581635665,NO
101,76,1.2302846878767746E-5,NO
102,563,1.9677292404565134E-4,NO
103,257,9.840582562487701E-5,NO
104,55,1.0935893790599505E-5,NO
105,102,3.5788418867654425E-5,NO
106,403,0.12503690581635665,NO
107,35,1.3123015143959476E-5,NO
108,145,0.05557499671930361,NO
109,119,4.920775514221041E-5,NO
110,108,0.12503690581635665,NO
111,91,4.374070510016622E-5,NO
112,69,0.04547081349987473,NO
113,80,0.05557499671930361,NO
114,63,4.920775514221041E-5,NO
115,160,7.872775940796726E-5,NO
116,102,3.5788418867654425E-5,NO
117,54,1.1579166763159722E-5,NO
118,267,4.920775514221041E-5,NO
119,55,1.0935893790599505E-5,NO
120,46,4.374070510016622E-5,NO
121,226,4.920775514221041E-5,NO
122,54,1.1579166763159722E-5,NO
123,270,3.5788418867654425E-5,NO
124,74,1.8746953620036744E-5,NO
125,359,4.920775514221041E-5,NO
126,78,0.04763600914851336,NO
127,180,2.811990326753276E-5,NO
128,57,1.1248340869721716E-5,NO
129,50,1.3575520621215822E-5,NO
130,243,4.920775514221041E-5,NO
131,254,5.6236643797098194E-5,NO
132,306,4.920775514221041E-5,NO
133,139,4.920775514221041E-5,NO
134,372,1.9677292404565134E-4,NO
135,75,0.05557499671930361,NO
136,222,4.920775514221041E-5,NO
137,61,2.624534145189229E-5,NO
138,98,0.05001771583795913,NO
139,28,7.5710543450280886E-6,NO
140,55,1.0935893790599505E-5,NO
141,195,3.9339103068450045E-4,NO
142,28,7.5710543450280886E-6,NO
143,50,1.3575520621215822E-5,NO
144,55,1.0935893790599505E-5,NO
145,130,0.3333770663867751,NO
146,87,4.920775514221041E-5,NO
147,65,6.560818790185015E-5,NO
148,140,0.1428973118884265,NO
149,134,7.872775940796726E-5,NO
150,117,0.10003149358318243,NO
151,28,7.5710543450280886E-6,NO
152,57,1.1248340869721716E-5,NO
153,60,2.1871309216569702E-5,NO
154,62,4.920775514221041E-5,NO
155,89,6.560818790185015E-5,NO
156,60,2.1871309216569702E-5,NO
157,68,6.560818790185015E-5,NO
158,522,0.2000472366556448,NO
159,43,2.460508833226711E-5,NO
160,247,0.07694870086608928,NO
161,35,1.3123015143959476E-5,NO
162,42,3.280624630929729E-5,NO
163,57,1.1248340869721716E-5,NO
164,125,7.872775940796726E-5,NO
165,61,2.624534145189229E-5,NO
166,92,4.920775514221041E-5,NO
167,92,4.920775514221041E-5,NO
168,80,0.05557499671930361,NO
169,101,4.374070510016622E-5,NO
170,59,2.624534145189229E-5,NO
171,84,4.920775514221041E-5,NO
172,81,3.5788418867654425E-5,NO
173,173,1.9677292404565134E-4,NO
174,159,3.9339103068450045E-4,NO
175,99,0.07694870086608928,NO
176,73,1.9677292404565134E-4,NO
177,74,1.8746953620036744E-5,NO
178,330,3.9339103068450045E-4,NO
179,81,3.5788418867654425E-5,NO
180,66,4.374070510016622E-5,NO
181,245,0.16671040545860125,NO
182,91,4.374070510016622E-5,NO
183,57,1.1248340869721716E-5,NO
184,85,0.028582034149962878,NO
185,94,4.374070510016622E-5,NO
186,54,1.1579166763159722E-5,NO
187,75,0.05557499671930361,NO
188,137,5.6236643797098194E-5,NO
189,133,3.0282841741869056E-5,NO
190,79,1.5747535510692576E-5,NO
191,76,1.2302846878767746E-5,NO
192,81,3.5788418867654425E-5,NO
193,99,0.07694870086608928,NO
194,115,5.6236643797098194E-5,NO
195,180,2.811990326753276E-5,NO
196,118,5.6236643797098194E-5,NO
197,132,4.920775514221041E-5,NO
198,94,4.374070510016622E-5,NO
199,88,2.3157797230327448E-5,NO
200,51,3.0282841741869056E-5,NO
201,111,0.0666894126292583,NO
