ID, Size, Predicted, Actual
0,45,0.16194882519924217,YES
1,79,0.15993279024989931,YES
2,67,0.1600247807138424,NO
3,45,0.16194882519924217,YES
4,28,0.16512087417665283,NO
5,28,0.16512087417665283,NO
6,564,0.999897305178244,YES
7,1492,1.0,YES
8,174,0.18266296304028354,NO
9,25,0.16512087417665283,NO
10,39,0.162603332779885,NO
11,47,0.1613851001182868,NO
12,184,0.18723604477653993,NO
13,30,0.16418830368549747,NO
14,221,0.21431378158080897,NO
15,50,0.1613851001182868,NO
16,101,0.1615466409866794,NO
17,41,0.162603332779885,NO
18,250,0.23921356838357896,NO
19,227,0.21804980144258104,NO
20,363,0.42288611811995686,NO
21,408,1.0,YES
22,145,0.17168978174848634,NO
23,49,0.1613851001182868,NO
24,85,0.16007824603036996,NO
25,64,0.16023170012279828,NO
26,42,0.162603332779885,NO
27,36,0.16334949469785248,NO
28,37,0.16334949469785248,NO
29,83,0.16007824603036996,NO
30,32,0.16418830368549747,NO
31,26,0.16512087417665283,NO
32,883,0.9999998909132265,YES
33,421,0.999276423924882,YES
34,213,0.20730488070439324,YES
35,24,0.16614844317725586,NO
36,24,0.16614844317725586,NO
37,27,0.16512087417665283,NO
38,259,0.2489199539060417,NO
39,30,0.16418830368549747,NO
40,428,0.5970671541623839,NO
41,981,0.9999999931627904,YES
42,126,0.9951374120261087,YES
43,562,0.9041243031555026,NO
44,226,0.9965387708236918,YES
45,37,0.16334949469785248,NO
46,35,0.16334949469785248,NO
47,283,0.2766025568151293,NO
48,316,0.3321447477877964,NO
49,204,0.20088710647231298,NO
50,133,0.16763276199959445,NO
51,298,0.9977722909361901,YES
52,336,0.36555416078314407,NO
53,701,0.9999918336762719,YES
54,301,0.3095992905710264,NO
55,76,0.1598754256255124,NO
56,69,0.9949418733484204,YES
57,266,0.25938932350632193,NO
58,253,0.24397365112853586,NO
59,217,0.2107334875849871,NO
60,100,0.16104569496392662,NO
61,191,0.19230347981880208,NO
62,476,0.7317195371125902,NO
63,95,0.16063432686530002,NO
64,551,0.8911160152455311,NO
65,136,0.16888454204969794,NO
66,33,0.16418830368549747,NO
67,496,1.0,YES
68,156,1.0,YES
69,113,0.16282005998971025,NO
70,34,0.16334949469785248,NO
71,39,0.162603332779885,NO
72,36,0.16334949469785248,NO
73,288,0.9976244374750751,YES
74,75,0.1598754256255124,NO
75,57,0.16052711026608502,NO
76,124,0.1654226372119651,NO
77,59,0.16052711026608502,NO
78,32,0.16418830368549747,NO
79,25,0.16512087417665283,NO
80,53,0.160911405861519,YES
81,53,0.160911405861519,NO
82,88,0.16031198743300162,YES
83,107,0.16213783330471657,NO
84,134,0.16763276199959445,NO
85,169,0.1805545174528849,NO
86,94,0.16063432686530002,NO
87,35,0.16334949469785248,NO
88,695,0.9999910512105211,YES
89,162,0.17668039183966305,NO
90,39,0.162603332779885,NO
91,79,0.15993279024989931,NO
92,85,0.16007824603036996,NO
93,110,0.16282005998971025,NO
94,122,0.16446137138368655,YES
95,53,0.160911405861519,NO
96,52,0.160911405861519,NO
97,177,0.18488919996835856,YES
98,533,0.8613572420289966,NO
99,183,0.18723604477653993,YES
100,215,0.20730488070439324,NO
101,76,0.1598754256255124,NO
102,563,0.9041243031555026,YES
103,257,0.2489199539060417,NO
104,55,0.160911405861519,NO
105,102,0.1615466409866794,NO
106,403,0.5234554351614772,NO
107,35,0.16334949469785248,NO
108,145,0.17168978174848634,YES
109,119,0.16446137138368655,NO
110,108,0.16213783330471657,NO
111,91,0.16031198743300162,YES
112,69,0.1600247807138424,NO
113,80,0.15993279024989931,NO
114,63,0.16023170012279828,NO
115,160,0.17668039183966305,YES
116,102,0.1615466409866794,YES
117,54,0.160911405861519,NO
118,267,0.25938932350632193,NO
119,55,0.160911405861519,NO
120,46,0.16194882519924217,NO
121,226,0.21804980144258104,NO
122,54,0.160911405861519,NO
123,270,0.2649214057199792,NO
124,74,0.1598754256255124,NO
125,359,0.42288611811995686,NO
126,78,0.1598754256255124,NO
127,180,0.18488919996835856,NO
128,57,0.16052711026608502,NO
129,50,0.1613851001182868,NO
130,243,0.2302340343424387,NO
131,254,0.24397365112853586,NO
132,306,0.3168792290778356,NO
133,139,0.16888454204969794,NO
134,372,0.4438475046596892,NO
135,75,0.1598754256255124,NO
136,222,0.21431378158080897,NO
137,572,0.9159275078131206,NO
138,38,0.162603332779885,NO
139,348,0.39315117559888607,NO
140,121,0.16446137138368655,NO
141,62,0.16023170012279828,NO
142,52,0.160911405861519,NO
143,158,0.1749097361719066,NO
144,778,0.9983925563673189,NO
145,199,0.19789041128870694,NO
146,115,0.16359422948939853,NO
147,52,0.160911405861519,NO
148,88,0.16031198743300162,NO
149,61,0.16023170012279828,NO
150,98,0.16104569496392662,NO
151,28,0.16512087417665283,NO
152,55,0.160911405861519,NO
153,195,0.19503035646388048,NO
154,28,0.16512087417665283,NO
155,50,0.1613851001182868,NO
156,55,0.160911405861519,NO
157,542,0.8768669538249764,NO
158,130,0.16647930136081285,NO
159,87,0.16031198743300162,NO
160,65,0.1600247807138424,NO
161,140,0.16888454204969794,NO
162,134,0.16763276199959445,NO
163,117,0.16359422948939853,NO
164,28,0.16512087417665283,NO
165,57,0.16052711026608502,NO
166,60,0.16052711026608502,YES
167,62,0.16023170012279828,NO
168,89,0.16031198743300162,NO
169,60,0.16052711026608502,NO
170,68,0.1600247807138424,NO
171,522,0.8357309731949165,NO
172,43,0.16194882519924217,NO
173,247,0.2346351910099043,NO
174,35,0.16334949469785248,NO
175,42,0.162603332779885,NO
176,57,0.16052711026608502,NO
177,125,0.1654226372119651,NO
178,61,0.16023170012279828,NO
179,92,0.16063432686530002,NO
180,92,0.16063432686530002,NO
181,80,0.15993279024989931,NO
182,101,0.1615466409866794,NO
183,59,0.16052711026608502,NO
184,84,0.16007824603036996,NO
185,81,0.15993279024989931,NO
186,173,0.18266296304028354,NO
187,193,0.19230347981880208,NO
188,54,0.160911405861519,NO
189,94,0.16063432686530002,NO
190,69,0.1600247807138424,NO
191,69,0.1600247807138424,NO
192,62,0.16023170012279828,NO
193,59,0.16052711026608502,NO
194,85,0.16007824603036996,NO
195,106,0.16213783330471657,NO
196,65,0.1600247807138424,NO
197,182,0.18723604477653993,NO
198,145,0.17168978174848634,NO
199,128,0.9951742144746113,YES
200,63,0.16023170012279828,NO
201,159,0.17668039183966305,NO
202,99,0.16104569496392662,NO
203,73,0.15990607545206525,NO
204,74,0.1598754256255124,NO
205,330,0.3568388446517658,NO
206,81,0.15993279024989931,NO
207,66,0.1600247807138424,NO
208,245,0.2346351910099043,NO
209,91,0.16031198743300162,NO
210,57,0.16052711026608502,NO
211,85,0.16007824603036996,NO
212,94,0.16063432686530002,NO
213,54,0.160911405861519,NO
214,75,0.1598754256255124,NO
215,137,0.16888454204969794,NO
216,133,0.16763276199959445,NO
217,79,0.15993279024989931,NO
218,76,0.1598754256255124,NO
219,81,0.15993279024989931,NO
220,99,0.16104569496392662,NO
221,115,0.16359422948939853,NO
222,180,0.18488919996835856,NO
223,118,0.16359422948939853,NO
224,132,0.16763276199959445,NO
225,94,0.16063432686530002,NO
226,88,0.16031198743300162,NO
227,51,0.1613851001182868,NO
228,111,0.16282005998971025,NO
