ID, Size, Predicted, Actual
0,40,0.5594357857641679,NO
1,28,0.0,NO
2,28,0.0,NO
3,449,0.19,YES
4,1470,0.6533963536463536,NO
5,25,0.0,NO
6,39,0.578839822850457,NO
7,50,0.0,NO
8,82,0.0,NO
9,41,0.6781511544011545,NO
10,245,0.24557359307359314,NO
11,227,0.8670357142857144,NO
12,363,0.01,NO
13,407,1.0,YES
14,145,0.5910635475635477,NO
15,49,0.01,NO
16,85,0.0,NO
17,64,0.0,NO
18,36,0.4014361104863968,NO
19,37,0.0,NO
20,83,0.0,NO
21,32,0.0,NO
22,26,0.0,NO
23,686,0.41,YES
24,398,0.843773088023088,NO
25,206,0.0,YES
26,24,0.0,NO
27,24,0.0,NO
28,27,0.0,NO
29,30,0.7285826118326119,NO
30,428,0.8458412698412698,NO
31,972,0.027980769230769233,NO
32,123,0.0,NO
33,562,0.2843962426462427,NO
34,205,0.0,NO
35,37,0.0,NO
36,35,0.0,NO
37,276,0.0,NO
38,316,0.07000000000000002,NO
39,204,0.014095238095238095,NO
40,133,0.0,NO
41,285,0.02,NO
42,336,0.17,NO
43,464,0.8027063492063491,NO
44,294,0.2,NO
45,76,0.0,NO
46,69,0.44565839552604253,NO
47,266,0.03166666666666666,NO
48,247,0.6510949328449328,NO
49,217,0.3894444444444445,NO
50,99,0.4572511516261516,NO
51,191,0.5880516150516152,NO
52,476,0.15,NO
53,95,0.028492063492063485,NO
54,550,0.6663999056499058,NO
55,136,0.0,NO
56,33,0.0,NO
57,483,1.0,YES
58,140,0.02,NO
59,111,0.0,NO
60,34,0.0,NO
61,39,0.578839822850457,NO
62,36,0.4014361104863968,NO
63,210,1.0,YES
64,111,0.0,NO
65,57,0.0,NO
66,43,0.0,NO
67,27,0.0,NO
68,25,0.0,NO
69,53,0.5475259070994366,NO
70,88,0.0,YES
71,107,0.6317849927849928,NO
72,132,0.0575,NO
73,169,0.21573440448440442,NO
74,80,0.0,NO
75,29,0.04405555555555555,NO
76,430,0.24066666666666664,NO
77,162,0.5,NO
78,39,0.578839822850457,NO
79,79,0.0,NO
80,85,0.0,NO
81,110,0.0,NO
82,111,0.0,NO
83,53,0.5475259070994366,NO
84,52,0.008166666666666668,NO
85,154,0.04,NO
86,403,1.0,YES
87,183,0.0,NO
88,215,0.05,NO
89,76,0.0,NO
90,554,1.0,YES
91,257,0.056619047619047604,NO
92,55,0.32368007907984686,NO
93,102,0.6458676046176046,NO
94,403,0.3758015873015873,NO
95,35,0.0,NO
96,145,0.5910635475635477,NO
97,119,0.0,NO
98,108,1.0,YES
99,91,1.0,YES
100,69,0.44565839552604253,NO
101,80,1.0,YES
102,63,0.0,NO
103,160,1.0,YES
104,98,0.0,NO
105,54,0.28828136001724297,NO
106,267,0.17514285714285716,NO
107,55,0.32368007907984686,NO
108,46,0.051531746031746026,NO
109,226,0.17240476190476195,NO
110,54,0.28828136001724297,NO
111,270,0.025555555555555554,NO
112,74,0.0,NO
113,359,0.05,NO
114,78,0.0,NO
115,180,0.0,NO
116,57,0.0,NO
117,50,0.0,NO
118,243,0.7356638361638362,NO
119,254,0.13203418803418804,NO
120,306,0.17500000000000002,NO
121,139,0.01,NO
122,375,0.132,NO
123,75,0.0,NO
124,222,0.04,NO
125,61,0.0,NO
126,98,0.0,NO
127,28,0.0,NO
128,55,0.32368007907984686,NO
129,194,0.17,NO
130,28,0.0,NO
131,50,0.0,NO
132,55,0.32368007907984686,NO
133,124,0.0,NO
134,87,0.0,NO
135,65,0.0,NO
136,144,0.9090909090909091,NO
137,134,0.0,NO
138,117,0.17185714285714285,NO
139,28,0.0,NO
140,57,0.0,NO
141,60,0.0,NO
142,62,0.0,NO
143,89,0.0,NO
144,60,0.0,NO
145,68,0.31768869855634563,NO
146,522,0.61,NO
147,43,0.0,NO
148,247,0.6510949328449328,NO
149,35,0.0,NO
150,42,0.0,NO
151,57,0.0,NO
152,117,0.17185714285714285,NO
153,61,0.0,NO
154,92,0.7358762626262626,NO
155,93,0.14001010101010103,NO
156,80,0.0,NO
157,101,0.020285714285714285,NO
158,59,0.0,NO
159,84,0.0,NO
160,82,0.0,NO
161,172,0.01,NO
162,143,0.22137662337662337,NO
163,78,0.0,NO
164,66,0.1,NO
165,66,0.1,NO
166,85,1.0,YES
167,54,0.28828136001724297,NO
168,77,0.6642099012099013,NO
169,137,0.0,NO
170,130,0.8890250305250305,NO
171,79,0.0,NO
172,76,0.0,NO
173,81,0.0,NO
174,98,0.0,NO
175,115,0.23978571428571427,NO
176,180,0.0,NO
177,118,0.7645183982683984,NO
178,64,0.0,NO
179,95,0.028492063492063485,NO
180,88,0.0,NO
181,51,0.0,NO
182,120,0.0,NO
