ID, Size, Predicted, Actual
0,45,1.8620326715144014E-6,YES
1,79,1.8371343532889079E-6,YES
2,67,1.8379211998014644E-6,NO
3,45,1.8620326715144014E-6,YES
4,28,1.9025279234889813E-6,NO
5,28,1.9025279234889813E-6,NO
6,564,1.0993647547166097E-4,YES
7,1492,1.0,NO
8,174,2.1694316909957735E-6,NO
9,25,1.9157365401480505E-6,NO
10,39,1.8798540059308953E-6,NO
11,47,1.8620326715144014E-6,NO
12,184,2.2352732799674706E-6,NO
13,30,1.9025279234889813E-6,NO
14,221,2.6363551066904804E-6,NO
15,50,1.8548985804120783E-6,NO
16,101,1.8585807363214442E-6,NO
17,41,1.870345969148517E-6,NO
18,250,3.1026375589369872E-6,NO
19,227,2.693427053091347E-6,NO
20,363,7.399431261758896E-6,NO
21,408,1.2115346213826174E-5,NO
22,145,1.992171331319148E-6,NO
23,49,1.8548985804120783E-6,NO
24,85,1.839136547365861E-6,NO
25,64,1.8404495748751032E-6,NO
26,42,1.870345969148517E-6,NO
27,36,1.8905746025595635E-6,NO
28,37,1.8798540059308953E-6,NO
29,83,1.839136547365861E-6,NO
30,32,1.8905746025595635E-6,NO
31,26,1.9157365401480505E-6,NO
32,883,0.9992025474102457,YES
33,429,1.5458673924958729E-4,NO
34,213,2.4480699778147605E-5,YES
35,24,1.9157365401480505E-6,NO
36,24,1.9157365401480505E-6,NO
37,27,1.9157365401480505E-6,NO
38,259,3.268485007160313E-6,NO
39,30,1.9025279234889813E-6,NO
40,428,1.5537152887795157E-5,YES
41,981,0.6901845101388077,YES
42,126,1.923349939273517E-6,NO
43,562,1.0243346120090871E-4,NO
44,226,2.693427053091347E-6,NO
45,37,1.8798540059308953E-6,NO
46,35,1.8905746025595635E-6,NO
47,283,3.878049685930772E-6,NO
48,316,4.868893260021788E-6,NO
49,204,2.4348594134809875E-6,NO
50,133,1.9385371048529504E-6,NO
51,298,4.259497226413777E-6,NO
52,336,5.834979540411555E-6,NO
53,701,0.0014598579433927027,NO
54,301,4.400226558251548E-6,NO
55,76,1.8362651200855685E-6,NO
56,69,1.8379211998014644E-6,NO
57,266,3.4516919962822836E-6,NO
58,253,3.1026375589369872E-6,NO
59,217,2.58208253219503E-6,NO
60,100,1.8585807363214442E-6,NO
61,191,2.3087949522790873E-6,NO
62,476,3.958839873808253E-4,NO
63,95,1.8465567402069865E-6,NO
64,551,8.316597733216197E-5,NO
65,136,1.9550481193580405E-6,NO
66,33,1.8905746025595635E-6,NO
67,551,1.0,YES
68,168,1.0668374060120209E-4,NO
69,113,1.8854543250913694E-6,NO
70,34,1.8905746025595635E-6,NO
71,39,1.8798540059308953E-6,NO
72,36,1.8905746025595635E-6,NO
73,291,0.1753269112567354,YES
74,75,1.8362651200855685E-6,NO
75,57,1.8489304029290026E-6,NO
76,124,1.9094576083191354E-6,NO
77,59,1.8441170445698415E-6,NO
78,32,1.8905746025595635E-6,NO
79,25,1.9157365401480505E-6,NO
80,53,0.017934391129004818,YES
81,53,1.8548985804120783E-6,NO
82,88,1.8422754058489063E-6,YES
83,107,1.866345755203986E-6,NO
84,134,1.9385371048529504E-6,NO
85,169,2.139217491009882E-6,NO
86,94,1.8465567402069865E-6,NO
87,35,1.8905746025595635E-6,NO
88,695,0.0012194239755972927,NO
89,162,2.0838930731290766E-6,NO
90,39,1.8798540059308953E-6,NO
91,79,1.8371343532889079E-6,NO
92,85,1.839136547365861E-6,NO
93,110,1.8752980335109953E-6,NO
94,133,1.9385371048529504E-6,NO
95,53,1.8548985804120783E-6,NO
96,52,1.8548985804120783E-6,NO
97,217,3.363995998839395E-5,NO
98,555,0.5708791353927473,YES
99,202,0.030066217499888873,YES
100,215,2.58208253219503E-6,NO
101,76,1.8362651200855685E-6,NO
102,563,1.0243346120090871E-4,YES
103,257,3.183501145407235E-6,NO
104,55,1.8489304029290026E-6,NO
105,102,1.8585807363214442E-6,NO
106,403,1.1548650193841364E-5,NO
107,35,1.8905746025595635E-6,NO
108,145,1.992171331319148E-6,YES
109,119,1.8968337008261545E-6,NO
110,108,1.866345755203986E-6,NO
111,91,1.8422754058489063E-6,YES
112,69,1.8379211998014644E-6,NO
113,80,1.8371343532889079E-6,NO
114,63,1.8404495748751032E-6,NO
115,160,2.0838930731290766E-6,YES
116,102,1.8585807363214442E-6,YES
117,54,1.8489304029290026E-6,NO
118,267,3.4516919962822836E-6,NO
119,55,1.8489304029290026E-6,NO
120,46,1.8620326715144014E-6,NO
121,226,2.693427053091347E-6,NO
122,54,1.8489304029290026E-6,NO
123,270,3.4516919962822836E-6,NO
124,74,1.8365272407401897E-6,NO
125,359,7.101275803010378E-6,NO
126,78,1.8362651200855685E-6,NO
127,180,2.2014282838417974E-6,NO
128,57,1.8489304029290026E-6,NO
129,50,1.8548985804120783E-6,NO
130,243,2.952471277533226E-6,NO
131,254,3.183501145407235E-6,NO
132,306,4.548406342447882E-6,NO
133,139,1.9729146925911957E-6,NO
134,372,8.048682711192944E-6,NO
135,75,1.8362651200855685E-6,NO
136,222,2.6363551066904804E-6,NO
137,572,1.1806169788153837E-4,NO
138,38,1.8798540059308953E-6,NO
139,348,6.55262041907968E-6,NO
140,124,2.3559518005063197E-5,NO
141,62,1.8404495748751032E-6,NO
142,53,1.787340874716148E-5,NO
143,158,2.0586710648779797E-6,NO
144,778,0.00820100018944707,YES
145,203,2.3696373953655576E-5,NO
146,115,1.8854543250913694E-6,NO
147,53,1.787340874716148E-5,NO
148,88,1.8422754058489063E-6,NO
149,61,1.8441170445698415E-6,NO
150,98,1.851988487782559E-6,NO
151,28,1.9025279234889813E-6,NO
152,55,1.8489304029290026E-6,NO
153,195,2.3486268258624727E-6,NO
154,28,1.9025279234889813E-6,NO
155,50,1.8548985804120783E-6,NO
156,55,1.8489304029290026E-6,NO
157,546,7.768102570801039E-5,NO
158,130,1.9385371048529504E-6,NO
159,87,1.839136547365861E-6,NO
160,65,1.8404495748751032E-6,NO
161,140,1.9729146925911957E-6,NO
162,134,1.9385371048529504E-6,NO
163,117,1.8854543250913694E-6,NO
164,28,1.9025279234889813E-6,NO
165,57,1.8489304029290026E-6,NO
166,60,1.8441170445698415E-6,YES
167,62,1.8404495748751032E-6,NO
168,88,0.017803472647923136,YES
169,60,1.8441170445698415E-6,NO
170,67,0.017762141581479166,YES
171,522,5.574060808902099E-5,YES
172,43,1.870345969148517E-6,NO
173,247,3.0256912022912435E-6,NO
174,35,1.8905746025595635E-6,NO
175,42,1.870345969148517E-6,NO
176,57,1.8489304029290026E-6,NO
177,125,1.9094576083191354E-6,NO
178,61,1.8441170445698415E-6,NO
179,92,1.8465567402069865E-6,NO
180,92,1.8465567402069865E-6,NO
181,80,1.8371343532889079E-6,NO
182,101,1.8585807363214442E-6,NO
183,59,1.8441170445698415E-6,NO
184,84,1.839136547365861E-6,NO
185,81,1.8371343532889079E-6,NO
186,173,2.1694316909957735E-6,NO
187,197,2.3486268258624727E-6,NO
188,54,1.8489304029290026E-6,NO
189,94,1.8465567402069865E-6,NO
190,69,1.8379211998014644E-6,NO
191,69,1.8379211998014644E-6,NO
192,62,1.8404495748751032E-6,NO
193,59,1.8441170445698415E-6,NO
194,85,1.839136547365861E-6,NO
195,106,1.7987250833816444E-5,NO
196,522,5.574060808902099E-5,YES
197,76,1.8362651200855685E-6,NO
198,182,2.2352732799674706E-6,NO
199,145,1.992171331319148E-6,NO
200,128,1.923349939273517E-6,NO
201,63,1.8404495748751032E-6,NO
202,159,2.0586710648779797E-6,NO
203,99,1.851988487782559E-6,NO
204,73,1.8365272407401897E-6,NO
205,74,1.8365272407401897E-6,NO
206,330,5.620597460901959E-6,NO
207,81,1.8371343532889079E-6,NO
208,66,1.8379211998014644E-6,NO
209,245,3.0256912022912435E-6,NO
210,91,1.8422754058489063E-6,NO
211,57,1.8489304029290026E-6,NO
212,85,1.839136547365861E-6,NO
213,94,1.8465567402069865E-6,NO
214,54,1.8489304029290026E-6,NO
215,75,1.8362651200855685E-6,NO
216,137,1.9550481193580405E-6,NO
217,133,1.9385371048529504E-6,NO
218,79,1.8371343532889079E-6,NO
219,76,1.8362651200855685E-6,NO
220,81,1.8371343532889079E-6,NO
221,102,1.7793340553943126E-5,NO
222,115,1.8854543250913694E-6,NO
223,180,2.2014282838417974E-6,NO
224,118,1.8968337008261545E-6,NO
225,132,1.9385371048529504E-6,NO
226,94,1.8465567402069865E-6,NO
227,88,1.8422754058489063E-6,NO
228,51,1.8548985804120783E-6,NO
229,67,7.394906016986737E-4,NO
230,115,0.6035646539049556,NO
231,179,0.999999968271427,NO
232,83,0.006616784958165069,NO
233,111,1.8752980335109953E-6,NO
234,218,0.9999999999999741,NO
235,173,0.9999998032229142,NO
236,166,0.9999978268442001,NO
237,104,0.1896411431596435,NO
238,114,0.5371669972594059,NO
239,51,1.4701158129470452E-4,NO
240,45,8.183847942712549E-5,NO
241,49,1.1395261577700143E-4,NO
242,41,6.444859718376162E-5,NO
243,44,7.76295790720622E-5,NO
244,96,0.04005774481387211,NO
245,31,3.482433004329058E-5,NO
246,150,0.9998536969934788,NO
247,171,0.9999997317918549,NO
248,122,0.8840849123420967,NO
249,120,0.8034606019385492,NO
250,150,0.9998115404809454,NO
251,39,5.5121927809452235E-5,NO
252,76,0.0020548730459189622,NO
253,30,3.482433004329058E-5,NO
254,340,1.0,NO
255,46,9.490204444603742E-5,NO
256,48,1.1439083750546107E-4,NO
257,145,0.9993694090578173,NO
258,31,3.482433004329058E-5,NO
259,34,4.1417304204069975E-5,NO
260,296,1.0,NO
261,45,8.183847942712549E-5,NO
262,28,3.172174011479828E-5,NO
263,34,4.1417304204069975E-5,NO
