ID, Size, Predicted, Actual
0,28,1.3932099184237024E-4,NO
1,28,1.3932099184237024E-4,NO
2,449,0.00112668721778383,NO
3,1339,0.9999999965526506,YES
4,25,1.3932099184237024E-4,NO
5,50,1.397002158038289E-4,NO
6,76,1.4248221780964771E-4,NO
7,38,1.3930823085949633E-4,NO
8,178,8.781632900783777E-4,NO
9,326,3.999587216195281E-4,NO
10,370,5.59727133621574E-4,YES
11,145,1.6326106221046334E-4,NO
12,49,0.001224137148360466,NO
13,85,1.4434150424285703E-4,NO
14,64,1.4105554870554035E-4,NO
15,36,1.3930823085949633E-4,NO
16,36,1.3930823085949633E-4,NO
17,32,1.3926409368011222E-4,NO
18,26,1.3932099184237024E-4,NO
19,543,0.9656717025130528,YES
20,395,6.737575591534854E-4,NO
21,209,0.0011778203621644343,NO
22,24,1.3947904919858514E-4,NO
23,24,1.3947904919858514E-4,NO
24,27,1.3932099184237024E-4,NO
25,73,1.4171568216494847E-4,NO
26,56,1.40048917679185E-4,NO
27,30,1.3926409368011222E-4,NO
28,294,3.2044939161083116E-4,NO
29,983,0.8904235067581704,NO
30,262,0.0014896830696466289,NO
31,626,0.05520238995321174,NO
32,37,1.3930823085949633E-4,NO
33,35,1.3926409368011222E-4,NO
34,286,2.993590364659617E-4,NO
35,232,2.284156092392392E-4,NO
36,203,1.970541926709952E-4,YES
37,286,0.0015071999197252951,NO
38,425,9.093235822964384E-4,NO
39,249,0.0012177742781311356,NO
40,74,1.4248221780964771E-4,NO
41,69,1.4171568216494847E-4,NO
42,247,2.4133774625052646E-4,YES
43,237,2.284156092392392E-4,NO
44,214,9.284756528795096E-4,NO
45,99,1.4664992620230352E-4,NO
46,191,1.8867973440455055E-4,NO
47,464,0.001333233707516376,YES
48,95,1.4543838076687122E-4,NO
49,549,0.0036487920968719225,NO
50,136,1.5860682107598633E-4,NO
51,40,1.3930823085949633E-4,NO
52,86,1.4434150424285703E-4,NO
53,105,1.4797886091611962E-4,NO
54,79,1.4248221780964771E-4,NO
55,85,1.4434150424285703E-4,NO
56,72,1.4171568216494847E-4,NO
57,105,1.4797886091611962E-4,NO
58,52,1.40048917679185E-4,NO
59,151,1.658194582887591E-4,NO
60,264,2.6353373805506106E-4,NO
61,183,1.8482788548417146E-4,NO
62,195,1.9275159745396777E-4,NO
63,76,1.4248221780964771E-4,NO
64,250,2.483403852485182E-4,NO
65,237,2.284156092392392E-4,NO
66,55,1.40048917679185E-4,NO
67,102,0.023273300194732,NO
68,389,1.0,NO
69,35,1.3926409368011222E-4,NO
70,130,0.0014563874039697517,YES
71,114,1.5100119227864627E-4,YES
72,71,1.4171568216494847E-4,NO
73,54,1.40048917679185E-4,NO
74,267,2.71770914671441E-4,NO
75,55,1.40048917679185E-4,NO
76,46,1.3945349945248365E-4,NO
77,226,2.1681333427544874E-4,NO
78,54,1.40048917679185E-4,NO
79,266,2.71770914671441E-4,NO
80,74,1.4248221780964771E-4,NO
81,359,5.123879334247482E-4,NO
82,78,1.4248221780964771E-4,NO
83,181,1.8118602895567356E-4,NO
84,57,1.40048917679185E-4,NO
85,50,1.397002158038289E-4,NO
86,243,2.4133774625052646E-4,NO
87,253,2.483403852485182E-4,NO
88,306,3.440215977761484E-4,NO
89,139,1.5860682107598633E-4,NO
90,375,5.856480632825954E-4,NO
91,75,1.4248221780964771E-4,NO
92,222,2.1681333427544874E-4,NO
93,28,1.3932099184237024E-4,NO
94,55,1.40048917679185E-4,NO
95,154,7.409010502567088E-4,NO
96,25,1.3932099184237024E-4,NO
97,50,1.397002158038289E-4,NO
98,41,1.3945349945248365E-4,NO
99,101,1.4797886091611962E-4,NO
100,84,9.958168151913117E-4,NO
101,51,1.397002158038289E-4,NO
102,135,1.5860682107598633E-4,NO
103,117,1.5100119227864627E-4,NO
104,25,1.3932099184237024E-4,NO
105,54,1.40048917679185E-4,NO
106,60,1.4050036621862931E-4,NO
107,62,1.4050036621862931E-4,NO
108,83,1.4335684635689248E-4,NO
109,60,1.4050036621862931E-4,NO
110,63,1.4105554870554035E-4,NO
111,452,0.0011908525225906843,NO
112,43,0.0010374557031935206,NO
113,247,0.9999999440011794,NO
114,35,8.482760095994714E-4,NO
115,42,1.3945349945248365E-4,NO
116,57,1.40048917679185E-4,NO
117,156,1.6854014370876926E-4,NO
118,61,1.4050036621862931E-4,NO
119,91,1.4543838076687122E-4,NO
120,93,1.4543838076687122E-4,NO
121,80,1.4335684635689248E-4,NO
122,101,1.4797886091611962E-4,NO
123,59,1.4050036621862931E-4,NO
124,84,1.4335684635689248E-4,NO
125,82,1.4335684635689248E-4,NO
126,132,1.5649987058798445E-4,NO
127,76,1.4248221780964771E-4,NO
128,33,1.3926409368011222E-4,NO
129,430,9.583395311340583E-4,NO
130,153,1.658194582887591E-4,NO
131,122,1.5270147731744714E-4,NO
132,75,1.4248221780964771E-4,NO
133,60,1.4050036621862931E-4,NO
134,34,1.3926409368011222E-4,NO
135,39,1.3930823085949633E-4,NO
136,36,1.3930823085949633E-4,NO
137,79,1.4248221780964771E-4,NO
138,28,1.3932099184237024E-4,NO
139,438,0.0010107271902785651,YES
140,194,1.9275159745396777E-4,NO
141,99,1.4664992620230352E-4,NO
142,55,1.40048917679185E-4,NO
143,43,1.3945349945248365E-4,NO
144,27,1.3932099184237024E-4,NO
145,25,1.3932099184237024E-4,NO
146,53,1.40048917679185E-4,NO
147,108,1.4942818554462863E-4,NO
148,103,1.4797886091611962E-4,NO
149,85,1.4434150424285703E-4,NO
150,54,1.40048917679185E-4,NO
151,79,7.132068850921721E-4,NO
152,137,0.0018922970411849563,NO
153,99,1.4664992620230352E-4,NO
154,79,1.4248221780964771E-4,NO
155,78,1.4248221780964771E-4,NO
156,101,1.4797886091611962E-4,NO
157,177,1.7774479640548575E-4,NO
158,123,1.5453295455737537E-4,NO
159,88,1.4434150424285703E-4,NO
160,51,1.397002158038289E-4,NO
161,119,1.5270147731744714E-4,NO
162,132,9.30978738348909E-4,NO
163,169,1.7449543297131789E-4,NO
