ID, Size, Predicted, Actual
0,40,1.9945800521938074E-4,NO
1,28,2.0120017007415158E-4,NO
2,28,2.0120017007415158E-4,NO
3,449,0.002025403901652705,YES
4,1358,1.0,NO
5,25,2.0230235852328733E-4,NO
6,39,1.9945800521938074E-4,NO
7,50,1.983196352767577E-4,NO
8,82,7.183370409757937E-4,NO
9,41,7.435646644908939E-4,NO
10,245,3.301967701546412E-4,NO
11,227,2.974375577478891E-4,NO
12,363,7.932221983187869E-4,NO
13,375,9.120556031154773E-4,YES
14,145,2.205562382554143E-4,NO
15,49,1.983196352767577E-4,NO
16,85,1.989908690394489E-4,NO
17,64,1.977233372110209E-4,NO
18,36,2.002527636000312E-4,NO
19,37,1.9945800521938074E-4,NO
20,92,0.005056657611193814,NO
21,32,2.002527636000312E-4,NO
22,26,2.0230235852328733E-4,NO
23,669,0.9967424211003151,YES
24,398,0.8343802220573436,YES
25,206,2.7113245124753504E-4,YES
26,24,2.0230235852328733E-4,NO
27,24,2.0230235852328733E-4,NO
28,27,2.0120017007415158E-4,NO
29,30,2.0120017007415158E-4,NO
30,428,0.0016108788039267566,NO
31,972,0.9872722088746931,NO
32,123,2.088704149504382E-4,NO
33,562,0.009470443573310106,NO
34,205,2.7113245124753504E-4,NO
35,37,1.9945800521938074E-4,NO
36,35,2.002527636000312E-4,NO
37,276,4.0794652431245604E-4,NO
38,316,5.431287901091035E-4,NO
39,204,2.7113245124753504E-4,NO
40,133,2.12993133152133E-4,NO
41,285,4.2170824560486313E-4,NO
42,336,6.379535363376455E-4,NO
43,464,0.002423539281661656,NO
44,294,4.5164508514509435E-4,NO
45,76,1.9845186021873315E-4,NO
46,69,1.9781880112845244E-4,NO
47,266,3.709470107123319E-4,NO
48,247,3.3956558929819136E-4,NO
49,217,2.835588979835474E-4,NO
50,99,2.015133143736605E-4,NO
51,191,2.549230521103908E-4,NO
52,476,0.0027415759600397257,NO
53,95,2.005198796994933E-4,NO
54,550,0.9704614584636028,YES
55,136,2.153248174910215E-4,NO
56,33,2.002527636000312E-4,NO
57,479,1.0,YES
58,140,2.1784386646001746E-4,NO
59,111,0.4695375589276719,YES
60,34,2.002527636000312E-4,NO
61,39,1.9945800521938074E-4,NO
62,36,2.002527636000312E-4,NO
63,202,0.5309173026620094,YES
64,106,2.0396924924219988E-4,NO
65,57,1.9777485695928856E-4,NO
66,43,1.9881410999954925E-4,NO
67,27,2.0120017007415158E-4,NO
68,25,2.0230235852328733E-4,NO
69,53,1.9797347526979403E-4,NO
70,88,1.996796940820086E-4,YES
71,107,2.0396924924219988E-4,NO
72,132,2.12993133152133E-4,NO
73,169,2.3726336989247633E-4,NO
74,80,1.9845186021873315E-4,NO
75,29,2.0120017007415158E-4,NO
76,430,0.0016108788039267566,NO
77,79,1.9845186021873315E-4,NO
78,85,1.989908690394489E-4,NO
79,110,2.0543731744915354E-4,NO
80,111,2.0543731744915354E-4,NO
81,53,1.9797347526979403E-4,NO
82,52,1.9797347526979403E-4,NO
83,158,8.852709340946502E-4,NO
84,270,0.0015374621589446622,YES
85,183,2.455695081764718E-4,NO
86,215,2.835588979835474E-4,NO
87,76,1.9845186021873315E-4,NO
88,285,4.2170824560486313E-4,YES
89,258,3.5990942067517894E-4,NO
90,55,1.9797347526979403E-4,NO
91,102,2.026622377881492E-4,NO
92,403,0.005485441075331308,NO
93,35,2.002527636000312E-4,NO
94,145,2.205562382554143E-4,NO
95,119,2.070697917712495E-4,NO
96,71,1.9806146162566575E-4,YES
97,75,1.9806146162566575E-4,YES
98,69,1.9781880112845244E-4,NO
99,80,1.9845186021873315E-4,YES
100,63,1.977233372110209E-4,NO
101,120,2.088704149504382E-4,YES
102,98,2.015133143736605E-4,NO
103,54,1.9797347526979403E-4,NO
104,267,3.8260717565335924E-4,NO
105,55,1.9797347526979403E-4,NO
106,46,1.9881410999954925E-4,NO
107,226,2.974375577478891E-4,NO
108,54,1.9797347526979403E-4,NO
109,270,3.8260717565335924E-4,NO
110,74,1.9806146162566575E-4,NO
111,359,7.932221983187869E-4,NO
112,78,1.9845186021873315E-4,NO
113,180,2.455695081764718E-4,NO
114,57,1.9777485695928856E-4,NO
115,50,1.983196352767577E-4,NO
116,243,3.301967701546412E-4,NO
117,254,3.4945973435846487E-4,NO
118,306,5.033770939358242E-4,NO
119,139,2.153248174910215E-4,NO
120,375,9.120556031154773E-4,NO
121,75,1.9806146162566575E-4,NO
122,222,2.9030746519788906E-4,NO
123,61,0.0011892261706287776,NO
124,98,0.0036135149637461063,NO
125,28,2.0120017007415158E-4,NO
126,55,1.9797347526979403E-4,NO
127,194,9.456441648588833E-4,NO
128,28,2.0120017007415158E-4,NO
129,50,1.983196352767577E-4,NO
130,55,8.846230722774648E-4,NO
131,118,8.10221255427453E-4,NO
132,87,1.996796940820086E-4,NO
133,65,9.314531957385426E-4,NO
134,144,2.1784386646001746E-4,NO
135,117,2.070697917712495E-4,NO
136,28,2.0120017007415158E-4,NO
137,57,1.9777485695928856E-4,NO
138,60,1.9777485695928856E-4,NO
139,62,1.977233372110209E-4,NO
140,89,7.782593326937422E-4,NO
141,60,1.9777485695928856E-4,NO
142,68,7.141081784732498E-4,NO
143,522,0.005305137122038587,NO
144,43,1.9881410999954925E-4,NO
145,247,3.3956558929819136E-4,NO
146,35,2.002527636000312E-4,NO
147,42,1.9881410999954925E-4,NO
148,57,1.9777485695928856E-4,NO
149,91,2.005198796994933E-4,NO
150,61,1.9777485695928856E-4,NO
151,92,2.005198796994933E-4,NO
152,93,2.005198796994933E-4,NO
153,80,1.9845186021873315E-4,NO
154,101,2.026622377881492E-4,NO
155,59,1.9777485695928856E-4,NO
156,84,1.989908690394489E-4,NO
157,82,1.989908690394489E-4,NO
158,132,2.12993133152133E-4,NO
159,143,2.1784386646001746E-4,NO
160,78,7.978992585902809E-4,NO
161,66,7.953554905835843E-4,NO
162,66,7.953554905835843E-4,NO
163,85,1.989908690394489E-4,YES
164,54,1.9797347526979403E-4,NO
165,77,1.9845186021873315E-4,NO
166,137,2.153248174910215E-4,NO
167,130,0.0018715301971145475,NO
168,79,1.9845186021873315E-4,NO
169,76,1.9845186021873315E-4,NO
170,81,1.989908690394489E-4,NO
171,98,2.015133143736605E-4,NO
172,115,2.070697917712495E-4,NO
173,180,2.455695081764718E-4,NO
174,118,2.070697917712495E-4,NO
175,64,1.977233372110209E-4,NO
176,95,2.005198796994933E-4,NO
177,88,9.045210352248965E-4,NO
178,51,1.983196352767577E-4,NO
179,120,2.088704149504382E-4,NO
