ID, Size, Predicted, Actual
0,50,0.0,NO
1,79,0.0,NO
2,67,0.62,NO
3,45,0.16497222222222224,NO
4,28,0.0,NO
5,28,0.0,NO
6,459,0.1394419191919192,YES
7,1479,1.0,YES
8,25,0.0,NO
9,39,0.0833252698780125,NO
10,47,0.18751298701298702,NO
11,184,0.0,NO
12,30,0.11691422874511108,NO
13,215,0.0,YES
14,50,0.0,NO
15,82,0.0,NO
16,41,0.1164283216783217,NO
17,245,0.0,NO
18,227,0.1726350038850038,NO
19,363,0.0,NO
20,407,0.0,NO
21,145,0.0819449558993576,NO
22,49,0.0,NO
23,85,0.028421249319422522,NO
24,64,0.0,NO
25,42,0.0,NO
26,36,0.05350623422600694,NO
27,37,0.0,NO
28,83,0.0,NO
29,32,0.0,NO
30,26,0.0,NO
31,866,0.0,YES
32,376,0.21914737876502585,YES
33,207,0.0,YES
34,24,0.0,NO
35,24,0.0,NO
36,27,0.0,NO
37,260,0.0,YES
38,30,0.11691422874511108,NO
39,428,0.1763044455544456,NO
40,979,0.0,NO
41,123,0.0,NO
42,562,0.0,NO
43,205,0.0,NO
44,37,0.0,NO
45,35,0.0,NO
46,283,0.1816747402923873,NO
47,316,0.0,NO
48,204,0.0,NO
49,133,0.0,NO
50,285,0.1816747402923873,NO
51,336,0.0,NO
52,701,1.0,YES
53,301,1.0,YES
54,76,0.0,NO
55,69,0.054509868322999304,NO
56,266,0.0,NO
57,253,0.0,NO
58,217,0.0,NO
59,100,1.0,YES
60,191,0.10047230444134476,NO
61,476,0.01,NO
62,95,0.0,NO
63,551,1.0,YES
64,136,0.0,NO
65,33,0.0,NO
66,474,1.0,YES
67,140,0.0,NO
68,111,0.0,NO
69,34,0.0,NO
70,39,0.0833252698780125,NO
71,36,0.05350623422600694,NO
72,271,0.08547118765307622,YES
73,75,0.06624559670859645,NO
74,57,0.0,NO
75,124,0.0,NO
76,59,0.0,NO
77,32,0.0,NO
78,25,0.0,NO
79,53,0.05778649250309971,NO
80,53,0.05778649250309971,NO
81,88,0.0,YES
82,107,0.0924987871605519,NO
83,133,0.0,NO
84,169,0.0016666666666666663,NO
85,94,0.19354761904761913,NO
86,35,0.0,NO
87,685,0.03,NO
88,162,0.01,NO
89,39,0.0833252698780125,NO
90,79,0.0,NO
91,85,0.028421249319422522,NO
92,110,0.0,NO
93,111,0.0,NO
94,53,0.05778649250309971,NO
95,52,0.0,NO
96,159,1.0,YES
97,524,1.0,YES
98,183,0.0,NO
99,215,0.0,NO
100,76,0.0,NO
101,563,0.0,NO
102,257,0.0,NO
103,55,0.031249745380127255,NO
104,102,0.10346930846930848,NO
105,403,0.0,NO
106,35,0.0,NO
107,145,0.0819449558993576,NO
108,119,0.0,NO
109,108,0.21125793650793645,NO
110,91,0.0,NO
111,69,0.054509868322999304,NO
112,80,0.05794083771891352,NO
113,63,0.0,NO
114,160,0.0075,NO
115,102,1.0,YES
116,54,0.028159982265661184,NO
117,267,0.0,NO
118,55,0.031249745380127255,NO
119,46,0.0,NO
120,226,0.0,NO
121,54,0.028159982265661184,NO
122,270,0.08547118765307622,NO
123,74,0.0,NO
124,359,0.0,NO
125,78,0.0,NO
126,180,0.0,NO
127,57,0.0,NO
128,50,0.0,NO
129,243,0.09881017593517594,NO
130,254,0.0,NO
131,306,0.0,NO
132,139,0.0,NO
133,372,0.3533730158730159,NO
134,75,0.06624559670859645,NO
135,222,0.0,NO
136,61,0.0,NO
137,98,0.0,NO
138,28,0.0,NO
139,55,0.031249745380127255,NO
140,194,0.0,NO
141,28,0.0,NO
142,50,0.0,NO
143,55,0.031249745380127255,NO
144,124,0.0,NO
145,87,0.0,NO
146,65,0.0,NO
147,140,0.0,NO
148,134,0.0,NO
149,117,0.0,NO
150,28,0.0,NO
151,57,0.0,NO
152,60,0.0,NO
153,62,0.0,NO
154,89,0.0,NO
155,60,0.0,NO
156,68,0.0,NO
157,522,1.0,YES
158,43,0.0,NO
159,247,0.08544220902076942,NO
160,35,0.0,NO
161,42,0.0,NO
162,57,0.0,NO
163,125,1.0,YES
164,61,0.0,NO
165,92,0.12667640692640697,NO
166,92,0.12667640692640697,NO
167,80,0.05794083771891352,NO
168,101,0.0,NO
169,59,0.0,NO
170,84,0.0,NO
171,81,0.0,NO
172,173,1.0,YES
173,151,0.01995238095238095,NO
174,78,0.0,NO
175,72,0.012222222222222223,NO
176,73,0.3925,NO
177,324,0.0,NO
178,81,0.0,NO
179,66,0.0,NO
180,239,1.0,YES
181,91,0.0,NO
182,57,0.0,NO
183,85,0.028421249319422522,NO
184,94,0.19354761904761913,NO
185,54,0.028159982265661184,NO
186,75,0.06624559670859645,NO
187,137,0.0,NO
188,133,1.0,YES
189,79,0.0,NO
190,76,0.0,NO
191,81,0.0,NO
192,99,0.06502614262242745,NO
193,115,0.0,NO
194,180,0.0,NO
195,118,0.12402103452103448,NO
196,132,0.0,NO
197,94,1.0,YES
198,88,0.0,NO
199,51,0.0,NO
200,111,1.0,YES
