ID, Size, Predicted, Actual
0,28,9.026900162484202E-5,NO
1,28,9.026900162484202E-5,NO
2,449,0.0011709601873536302,NO
3,1339,0.9988290398126464,YES
4,25,1.303780964797914E-4,NO
5,50,2.932551319648094E-4,NO
6,76,1.4667057788207686E-4,NO
7,38,2.932551319648094E-4,NO
8,178,0.0011709601873536302,NO
9,326,0.0011709601873536302,NO
10,370,0.5,YES
11,145,0.33346364347146207,NO
12,49,0.0011709601873536302,NO
13,85,9.778994719342852E-5,NO
14,64,2.932551319648094E-4,NO
15,36,6.903216899074968E-5,NO
16,36,6.903216899074968E-5,NO
17,32,3.9093041438623924E-4,NO
18,26,1.4667057788207686E-4,NO
19,543,0.9988290398126464,YES
20,395,0.0011709601873536302,NO
21,209,0.0011709601873536302,NO
22,24,1.9554165037152912E-4,NO
23,24,1.9554165037152912E-4,NO
24,27,1.303780964797914E-4,NO
25,73,9.778994719342852E-5,NO
26,56,3.9093041438623924E-4,NO
27,30,3.9093041438623924E-4,NO
28,294,0.0011709601873536302,NO
29,983,2.932551319648094E-4,NO
30,262,0.0011709601873536302,NO
31,626,0.0011709601873536302,NO
32,37,2.346316283435007E-4,NO
33,35,2.346316283435007E-4,NO
34,286,2.932551319648094E-4,NO
35,232,2.932551319648094E-4,NO
36,203,2.346316283435007E-4,YES
37,286,0.9988290398126464,NO
38,425,2.932551319648094E-4,NO
39,249,0.0011709601873536302,NO
40,74,9.778994719342852E-5,NO
41,69,0.1429768689239021,NO
42,247,0.0011709601873536302,YES
43,237,2.932551319648094E-4,NO
44,214,0.0011709601873536302,NO
45,99,2.932551319648094E-4,NO
46,191,0.20014077897700608,NO
47,464,0.0011709601873536302,YES
48,95,2.932551319648094E-4,NO
49,549,2.932551319648094E-4,NO
50,136,2.932551319648094E-4,NO
51,40,0.16679702776691432,NO
52,86,2.346316283435007E-4,NO
53,105,0.0011709601873536302,NO
54,79,1.6761649346295674E-4,NO
55,85,9.778994719342852E-5,NO
56,72,0.20014077897700608,NO
57,105,0.0011709601873536302,NO
58,52,2.932551319648094E-4,NO
59,151,3.9093041438623924E-4,NO
60,264,0.5,NO
61,183,3.9093041438623924E-4,NO
62,195,3.9093041438623924E-4,NO
63,76,1.4667057788207686E-4,NO
64,250,0.0011709601873536302,NO
65,237,2.932551319648094E-4,NO
66,55,2.346316283435007E-4,NO
67,102,0.0011709601873536302,NO
68,389,0.0011709601873536302,NO
69,35,2.346316283435007E-4,NO
70,130,0.0011709601873536302,YES
71,114,5.86166471277843E-4,YES
72,71,0.20014077897700608,NO
73,54,1.303780964797914E-4,NO
74,267,0.5,NO
75,55,2.346316283435007E-4,NO
76,46,0.0011709601873536302,NO
77,226,0.5,NO
78,54,1.303780964797914E-4,NO
79,266,0.5,NO
80,74,9.778994719342852E-5,NO
81,359,0.5,NO
82,78,1.6761649346295674E-4,NO
83,181,3.9093041438623924E-4,NO
84,57,3.9093041438623924E-4,NO
85,50,2.932551319648094E-4,NO
86,243,2.932551319648094E-4,NO
87,253,2.932551319648094E-4,NO
88,306,0.0011709601873536302,NO
89,139,0.0011709601873536302,NO
90,375,0.5,NO
91,75,2.932551319648094E-4,NO
92,222,0.5,NO
93,28,9.026900162484202E-5,NO
94,55,2.346316283435007E-4,NO
95,154,0.0011709601873536302,NO
96,25,1.303780964797914E-4,NO
97,50,2.932551319648094E-4,NO
98,41,0.12511000293341154,NO
99,101,5.86166471277843E-4,NO
100,84,0.0011709601873536302,NO
101,51,2.932551319648094E-4,NO
102,135,2.932551319648094E-4,NO
103,117,3.9093041438623924E-4,NO
104,25,1.303780964797914E-4,NO
105,54,1.303780964797914E-4,NO
106,60,0.0011709601873536302,NO
107,62,0.0011709601873536302,NO
108,83,9.778994719342852E-5,NO
109,60,0.0011709601873536302,NO
110,63,2.932551319648094E-4,NO
111,452,0.0011709601873536302,NO
112,43,0.0011709601873536302,NO
113,247,0.0011709601873536302,NO
114,35,0.0011709601873536302,NO
115,42,5.86166471277843E-4,NO
116,57,3.9093041438623924E-4,NO
117,156,0.5,NO
118,61,0.0011709601873536302,NO
119,91,2.932551319648094E-4,NO
120,93,3.9093041438623924E-4,NO
121,80,1.6761649346295674E-4,NO
122,101,5.86166471277843E-4,NO
123,59,3.9093041438623924E-4,NO
124,84,9.778994719342852E-5,NO
125,82,6.176652254478072E-5,NO
126,132,2.932551319648094E-4,NO
127,76,1.4667057788207686E-4,NO
128,33,3.9093041438623924E-4,NO
129,430,2.932551319648094E-4,NO
130,153,0.5,NO
131,122,3.9093041438623924E-4,NO
132,75,2.932551319648094E-4,NO
133,60,0.0011709601873536302,NO
134,34,2.346316283435007E-4,NO
135,39,0.20014077897700608,NO
136,36,6.903216899074968E-5,NO
137,79,1.6761649346295674E-4,NO
138,28,9.026900162484202E-5,NO
139,438,0.9996090695856138,YES
140,194,0.0011709601873536302,NO
141,99,2.932551319648094E-4,NO
142,55,2.346316283435007E-4,NO
143,43,1.9554165037152912E-4,NO
144,27,1.303780964797914E-4,NO
145,25,1.303780964797914E-4,NO
146,53,2.932551319648094E-4,NO
147,108,0.5,NO
148,103,5.86166471277843E-4,NO
149,85,9.778994719342852E-5,NO
150,54,1.303780964797914E-4,NO
151,79,0.0011709601873536302,NO
152,137,0.0011709601873536302,NO
153,99,2.932551319648094E-4,NO
154,79,1.6761649346295674E-4,NO
155,78,1.6761649346295674E-4,NO
156,101,5.86166471277843E-4,NO
157,177,3.9093041438623924E-4,NO
158,123,2.932551319648094E-4,NO
159,88,3.9093041438623924E-4,NO
160,51,2.932551319648094E-4,NO
161,119,3.9093041438623924E-4,NO
162,132,0.0011709601873536302,NO
163,169,0.33346364347146207,NO
