ID, Size, Predicted, Actual
0,28,4.0350604221772734E-4,NO
1,28,4.0350604221772734E-4,NO
2,449,0.0013424921900775677,NO
3,1311,0.9995964939577823,YES
4,25,5.762379041886718E-4,NO
5,50,0.0013424921900775677,NO
6,76,6.721484490822495E-4,NO
7,38,0.0013424921900775677,NO
8,175,0.9995964939577823,YES
9,326,0.9995964939577823,YES
10,370,0.9995964939577823,YES
11,145,0.9995964939577823,YES
12,85,4.4829984875354204E-4,NO
13,64,0.0013424921900775677,NO
14,36,2.882850728805415E-4,NO
15,36,2.882850728805415E-4,NO
16,32,0.9995964939577823,NO
17,26,5.762379041886718E-4,NO
18,527,0.9995964939577823,YES
19,395,0.9995964939577823,YES
20,213,0.9995964939577823,NO
21,24,0.0020110384816607765,NO
22,24,8.063613410887742E-4,NO
23,27,5.762379041886718E-4,NO
24,73,0.9995964939577823,YES
25,56,0.0020110384816607765,NO
26,30,0.0040059646651260696,NO
27,294,0.0040059646651260696,NO
28,983,0.0013424921900775677,NO
29,252,0.0013424921900775677,NO
30,620,0.0013424921900775677,NO
31,37,0.9995964939577823,NO
32,35,0.001007545453509418,NO
33,286,0.0013424921900775677,NO
34,232,0.0013424921900775677,NO
35,203,0.001007545453509418,NO
36,270,0.0013424921900775677,NO
37,425,0.0013424921900775677,NO
38,244,0.0013424921900775677,NO
39,74,4.0350604221772734E-4,NO
40,69,6.721484490822495E-4,NO
41,247,0.001007545453509418,NO
42,237,0.0040059646651260696,NO
43,202,0.001007545453509418,NO
44,99,0.0013424921900775677,NO
45,191,0.7690636054190494,NO
46,464,0.9995964939577823,YES
47,95,0.0013424921900775677,NO
48,549,0.0013424921900775677,NO
49,136,0.0013424921900775677,NO
50,40,0.714162163540194,NO
51,86,0.001007545453509418,NO
52,105,0.0040059646651260696,NO
53,79,0.0040059646651260696,NO
54,85,4.4829984875354204E-4,NO
55,72,0.0040059646651260696,NO
56,105,0.0013424921900775677,NO
57,52,0.0013424921900775677,NO
58,151,0.9995964939577823,YES
59,264,0.0040059646651260696,NO
60,183,0.0040059646651260696,NO
61,195,0.9995964939577823,YES
62,76,0.0040059646651260696,NO
63,250,0.9995964939577823,YES
64,237,0.9995964939577823,YES
65,55,0.0013424921900775677,NO
66,35,0.0040059646651260696,NO
67,110,0.0040059646651260696,NO
68,114,0.0040059646651260696,NO
69,71,0.7690636054190494,NO
70,54,5.762379041886718E-4,NO
71,267,0.0040059646651260696,NO
72,55,0.9995964939577823,NO
73,46,0.0020110384816607765,NO
74,226,0.0040059646651260696,NO
75,54,0.0013424921900775677,NO
76,266,0.0040059646651260696,NO
77,74,4.0350604221772734E-4,NO
78,359,0.0040059646651260696,NO
79,78,0.0040059646651260696,NO
80,181,0.9995964939577823,YES
81,57,0.0040059646651260696,NO
82,50,0.0040059646651260696,NO
83,243,0.0040059646651260696,NO
84,253,0.9995964939577823,NO
85,306,0.0040059646651260696,NO
86,139,0.0040059646651260696,NO
87,375,0.0040059646651260696,NO
88,75,0.0040059646651260696,NO
89,222,0.0040059646651260696,NO
90,28,0.0040059646651260696,NO
91,55,0.0013424921900775677,NO
92,149,0.0040059646651260696,NO
93,25,0.0040059646651260696,NO
94,50,0.0040059646651260696,NO
95,41,0.0040059646651260696,NO
96,101,0.9995964939577823,NO
97,81,0.0040059646651260696,NO
98,51,0.9995964939577823,NO
99,135,0.0040059646651260696,NO
100,117,0.0040059646651260696,NO
101,25,0.0040059646651260696,NO
102,54,0.9995964939577823,NO
103,60,0.0013424921900775677,NO
104,62,0.0040059646651260696,NO
105,83,0.0040059646651260696,NO
106,60,0.0040059646651260696,NO
107,63,0.0040059646651260696,NO
108,452,0.0040059646651260696,NO
109,42,0.0020110384816607765,NO
110,57,0.0040059646651260696,NO
111,156,0.9995964939577823,NO
112,61,0.0040059646651260696,NO
113,91,0.0040059646651260696,NO
114,93,0.0040059646651260696,NO
115,80,0.0040059646651260696,NO
116,101,0.0040059646651260696,NO
117,59,0.0040059646651260696,NO
118,84,0.0040059646651260696,NO
119,82,0.0040059646651260696,NO
120,132,0.9995964939577823,NO
121,76,6.721484490822495E-4,NO
122,33,0.0020110384816607765,NO
123,430,0.9995964939577823,YES
124,153,0.9995964939577823,NO
125,122,0.9995964939577823,NO
126,75,0.0013424921900775677,NO
127,60,0.9995964939577823,YES
128,34,0.001007545453509418,NO
129,39,0.7690636054190494,NO
130,36,2.882850728805415E-4,NO
131,79,6.721484490822495E-4,NO
132,28,4.0350604221772734E-4,NO
133,438,0.9995964939577823,NO
134,194,0.9995964939577823,NO
135,99,0.0040059646651260696,NO
136,55,0.0040059646651260696,NO
137,43,8.063613410887742E-4,NO
138,27,5.762379041886718E-4,NO
139,25,5.762379041886718E-4,NO
140,53,0.0013424921900775677,NO
141,108,0.9995964939577823,YES
142,103,0.0040059646651260696,NO
143,85,4.4829984875354204E-4,NO
144,54,5.762379041886718E-4,NO
145,78,6.721484490822495E-4,NO
146,98,8.063613410887742E-4,NO
147,99,0.0040059646651260696,NO
148,79,0.0040059646651260696,NO
149,78,0.9995964939577823,YES
150,101,0.9995964939577823,NO
151,177,0.0040059646651260696,NO
152,123,0.0013424921900775677,NO
153,88,0.0040059646651260696,NO
154,51,0.0013424921900775677,NO
155,119,0.0040059646651260696,NO
156,124,0.0040059646651260696,NO
157,169,0.0040059646651260696,NO
