ID, Size, Predicted, Actual
0,50,0.0,NO
1,79,0.0,NO
2,67,0.0,NO
3,45,0.0,NO
4,28,0.0,NO
5,28,0.0,NO
6,459,0.8864439644033298,YES
7,1472,0.52,YES
8,25,0.0,NO
9,39,0.3486146847476569,NO
10,47,0.7207350819115526,NO
11,184,0.0,NO
12,30,0.0,NO
13,220,0.97,YES
14,50,0.0,NO
15,82,0.0,NO
16,41,0.005,NO
17,245,0.008888888888888889,YES
18,227,0.105995670995671,NO
19,363,0.03,NO
20,407,0.1522142857142857,NO
21,145,0.4237429893378035,NO
22,49,0.0,NO
23,85,0.26608063755317074,NO
24,64,0.0,NO
25,42,0.0,NO
26,36,0.0,NO
27,37,0.0,NO
28,83,0.0,NO
29,32,0.0,NO
30,26,0.0,NO
31,895,0.73,YES
32,376,0.6606944444444445,YES
33,213,0.19,YES
34,24,0.0,NO
35,24,0.0,NO
36,27,0.0,NO
37,260,0.95,YES
38,30,0.0,NO
39,428,0.0,NO
40,979,0.008888888888888889,NO
41,123,0.0,NO
42,562,0.09,NO
43,205,0.0,NO
44,37,0.0,NO
45,35,0.0,NO
46,283,0.6918643301143301,NO
47,316,0.0,NO
48,204,0.0,NO
49,133,0.0,NO
50,285,0.6918643301143301,NO
51,336,0.0575,NO
52,701,0.0,NO
53,301,0.011363636363636362,NO
54,76,0.0,NO
55,69,0.36978782234277596,NO
56,266,0.0,NO
57,253,0.0,NO
58,217,0.0,NO
59,100,0.01808080808080808,NO
60,191,0.5319394771894772,NO
61,476,0.06770490620490623,NO
62,95,0.41830390769361336,NO
63,551,0.8468722943722943,NO
64,136,0.0,NO
65,33,0.0,NO
66,474,0.06770490620490623,YES
67,140,0.0,YES
68,111,0.0,YES
69,34,0.0,NO
70,39,0.3486146847476569,NO
71,36,0.0,NO
72,271,0.02,YES
73,75,0.48086847397528504,NO
74,57,0.0,NO
75,124,0.0,NO
76,59,0.0,NO
77,32,0.0,NO
78,25,0.0,NO
79,53,0.0,NO
80,53,0.0,NO
81,88,0.0,YES
82,107,0.015777777777777776,NO
83,133,0.0,NO
84,169,0.025166666666666667,NO
85,94,0.1003983663395428,NO
86,35,0.0,NO
87,685,0.0,NO
88,162,0.035,NO
89,39,0.3486146847476569,NO
90,79,0.0,NO
91,85,0.26608063755317074,NO
92,110,0.0,NO
93,111,0.0,NO
94,53,0.0,NO
95,52,0.0,NO
96,159,0.18771356421356422,NO
97,524,0.860787074037074,YES
98,183,0.0,NO
99,215,0.0,NO
100,76,0.0,NO
101,563,0.09,NO
102,257,0.0,NO
103,55,0.0,NO
104,102,0.0,NO
105,403,0.6784103951603953,NO
106,35,0.0,NO
107,145,0.4237429893378035,NO
108,119,0.05917243867243867,NO
109,108,0.681250666000666,NO
110,91,0.0,NO
111,69,0.36978782234277596,NO
112,80,0.41658517054840594,NO
113,63,0.0,NO
114,160,0.035,NO
115,102,0.0,NO
116,54,0.0,NO
117,267,0.065,NO
118,55,0.0,NO
119,46,0.022500000000000003,NO
120,226,0.008333333333333333,NO
121,54,0.0,NO
122,270,0.03,NO
123,74,0.0,NO
124,359,0.024166666666666663,NO
125,78,0.0,NO
126,180,0.0,NO
127,57,0.0,NO
128,50,0.0,NO
129,243,0.0,NO
130,254,0.0,NO
131,306,0.0,NO
132,139,0.0,NO
133,372,0.9208207070707071,NO
134,75,0.48086847397528504,NO
135,222,0.0,NO
136,61,0.0,NO
137,98,0.38484192643815407,NO
138,28,0.0,NO
139,55,0.0,NO
140,194,0.002857142857142857,NO
141,28,0.0,NO
142,50,0.0,NO
143,55,0.0,NO
144,124,0.0,NO
145,87,0.0,NO
146,65,0.0,NO
147,140,0.0,NO
148,134,0.0,NO
149,117,0.6039198717948718,NO
150,28,0.0,NO
151,57,0.0,NO
152,60,0.0,NO
153,62,0.0,NO
154,89,0.0,NO
155,60,0.0,NO
156,68,0.03959324009324009,NO
157,522,0.860787074037074,NO
158,43,0.0,NO
159,247,0.5151791460173812,NO
160,35,0.0,NO
161,42,0.0,NO
162,57,0.0,NO
163,125,0.0,NO
164,61,0.0,NO
165,92,0.0,NO
166,92,0.0,NO
167,80,0.41658517054840594,NO
168,101,0.0,NO
169,59,0.0,NO
170,84,0.008291666666666666,NO
171,81,0.0,NO
172,173,0.9232886002886004,NO
173,151,0.3772738095238095,NO
174,78,0.0,YES
175,72,0.2974208707958708,NO
176,73,0.045605769230769234,NO
177,324,0.0,YES
178,81,0.0,NO
179,66,0.0,NO
180,239,0.0,YES
181,91,0.0,NO
182,57,0.0,NO
183,85,0.26608063755317074,NO
184,94,0.1003983663395428,NO
185,54,0.0,NO
186,75,0.48086847397528504,NO
187,137,0.0,NO
188,133,0.0,NO
189,79,0.0,NO
190,76,0.0,NO
191,81,0.0,NO
192,99,0.5228763042513043,NO
193,115,0.11666666666666664,NO
194,180,0.0,NO
195,118,0.0,NO
196,132,0.0,NO
197,94,0.1003983663395428,NO
198,88,0.0,NO
199,51,0.0,NO
200,111,0.0,NO
