ID, Size, Predicted, Actual
0,50,0.0010728617830090504,NO
1,79,0.0010728617830090504,NO
2,67,0.0010728617830090504,NO
3,45,5.370070258197345E-4,NO
4,28,2.905692745494357E-5,NO
5,28,2.905692745494357E-5,NO
6,459,0.9998925062349847,YES
7,1479,0.9998925062349847,YES
8,25,5.119327215326988E-5,NO
9,39,0.40000860061061577,NO
10,47,0.7691862429770294,NO
11,184,0.0010728617830090504,NO
12,30,1.7913060112837183E-4,NO
13,215,2.149413203268792E-4,YES
14,50,5.65814278349964E-5,NO
15,82,1.3435998483870475E-4,NO
16,41,2.686477786544756E-4,NO
17,245,2.686477786544756E-4,NO
18,227,2.686477786544756E-4,NO
19,363,3.581328971344486E-4,NO
20,407,5.370070258197345E-4,NO
21,145,0.47619291396534075,NO
22,49,2.686477786544756E-4,NO
23,85,0.28572745023770174,NO
24,64,9.772351449901789E-5,NO
25,42,2.686477786544756E-4,NO
26,36,3.839593692177662E-5,NO
27,37,7.678597730447112E-5,NO
28,83,3.581328971344486E-4,NO
29,32,1.7913060112837183E-4,NO
30,26,8.26916140884454E-5,NO
31,866,0.0010728617830090504,YES
32,376,0.9998925062349847,YES
33,207,0.0010728617830090504,YES
34,24,6.71890199350522E-5,NO
35,24,6.71890199350522E-5,NO
36,27,6.32372245091242E-5,NO
37,260,0.0010728617830090504,YES
38,30,1.7913060112837183E-4,NO
39,428,2.686477786544756E-4,NO
40,979,0.0010728617830090504,NO
41,123,1.1943466368764916E-4,NO
42,562,2.686477786544756E-4,NO
43,205,1.5354837388503764E-4,NO
44,37,7.678597730447112E-5,NO
45,35,5.65814278349964E-5,NO
46,283,0.0010728617830090504,NO
47,316,2.686477786544756E-4,NO
48,204,2.686477786544756E-4,NO
49,133,2.149413203268792E-4,NO
50,285,0.7142528060097267,NO
51,336,2.686477786544756E-4,NO
52,701,0.9998925062349847,YES
53,301,0.9998925062349847,YES
54,76,4.6742099423597164E-5,NO
55,69,0.40000860061061577,NO
56,266,2.149413203268792E-4,NO
57,253,0.0010728617830090504,NO
58,217,2.686477786544756E-4,NO
59,100,0.9998925062349847,YES
60,191,0.5263128115037983,NO
61,476,3.581328971344486E-4,NO
62,95,8.26916140884454E-5,NO
63,551,0.9998925062349847,YES
64,136,1.1943466368764916E-4,NO
65,33,1.3435998483870475E-4,NO
66,474,0.9998925062349847,YES
67,140,3.581328971344486E-4,NO
68,111,1.1943466368764916E-4,NO
69,34,1.0749376501521888E-4,NO
70,39,0.40000860061061577,NO
71,36,3.839593692177662E-5,NO
72,271,0.0010728617830090504,YES
73,75,0.0010728617830090504,NO
74,57,5.119327215326988E-5,NO
75,124,3.581328971344486E-4,NO
76,59,1.1943466368764916E-4,NO
77,32,1.7913060112837183E-4,NO
78,25,5.119327215326988E-5,NO
79,53,7.678597730447112E-5,NO
80,53,7.678597730447112E-5,NO
81,88,9.772351449901789E-5,YES
82,107,1.5354837388503764E-4,NO
83,133,2.149413203268792E-4,NO
84,169,2.149413203268792E-4,NO
85,94,0.0010728617830090504,NO
86,35,0.0010728617830090504,NO
87,685,0.0010728617830090504,NO
88,162,5.370070258197345E-4,NO
89,39,0.40000860061061577,NO
90,79,5.9724465015217616E-5,NO
91,85,0.28572745023770174,NO
92,110,2.686477786544756E-4,NO
93,111,1.1943466368764916E-4,NO
94,53,7.678597730447112E-5,NO
95,52,1.1943466368764916E-4,NO
96,159,0.9998925062349847,YES
97,524,0.9998925062349847,YES
98,183,2.149413203268792E-4,NO
99,215,0.9998925062349847,NO
100,76,4.6742099423597164E-5,NO
101,563,0.0010728617830090504,NO
102,257,0.0010728617830090504,NO
103,55,4.4794686430754514E-5,NO
104,102,1.7913060112837183E-4,NO
105,403,2.149413203268792E-4,NO
106,35,5.65814278349964E-5,NO
107,145,0.47619291396534075,NO
108,119,2.149413203268792E-4,NO
109,108,0.7142528060097267,NO
110,91,2.686477786544756E-4,NO
111,69,0.40000860061061577,NO
112,80,0.47619291396534075,NO
113,63,2.149413203268792E-4,NO
114,160,5.370070258197345E-4,NO
115,102,0.9998925062349847,YES
116,54,4.300305307818659E-5,NO
117,267,2.149413203268792E-4,NO
118,55,4.4794686430754514E-5,NO
119,46,1.7913060112837183E-4,NO
120,226,2.149413203268792E-4,NO
121,54,4.300305307818659E-5,NO
122,270,1.3435998483870475E-4,NO
123,74,5.9724465015217616E-5,NO
124,359,2.149413203268792E-4,NO
125,78,6.71890199350522E-5,NO
126,180,1.3435998483870475E-4,NO
127,57,5.119327215326988E-5,NO
128,50,5.65814278349964E-5,NO
129,243,2.149413203268792E-4,NO
130,254,2.686477786544756E-4,NO
131,306,2.149413203268792E-4,NO
132,139,2.149413203268792E-4,NO
133,372,0.9998925062349847,NO
134,75,0.5000000000000001,NO
135,222,2.149413203268792E-4,NO
136,61,1.1943466368764916E-4,NO
137,98,6.32372245091242E-5,NO
138,28,2.905692745494357E-5,NO
139,55,4.4794686430754514E-5,NO
140,194,2.686477786544756E-4,NO
141,28,2.905692745494357E-5,NO
142,50,5.65814278349964E-5,NO
143,55,4.4794686430754514E-5,NO
144,124,3.581328971344486E-4,NO
145,87,2.149413203268792E-4,NO
146,65,3.581328971344486E-4,NO
147,140,0.0010728617830090504,NO
148,134,5.370070258197345E-4,NO
149,117,1.5354837388503764E-4,NO
150,28,2.905692745494357E-5,NO
151,57,5.119327215326988E-5,NO
152,60,8.95813473247821E-5,NO
153,62,2.149413203268792E-4,NO
154,89,3.581328971344486E-4,NO
155,60,8.95813473247821E-5,NO
156,68,3.581328971344486E-4,NO
157,522,0.9998925062349847,YES
158,43,8.26916140884454E-5,NO
159,247,0.5263128115037983,NO
160,35,5.65814278349964E-5,NO
161,42,1.5354837388503764E-4,NO
162,57,5.119327215326988E-5,NO
163,125,0.9998925062349847,YES
164,61,1.1943466368764916E-4,NO
165,92,3.581328971344486E-4,NO
166,92,0.0010728617830090504,NO
167,80,0.47619291396534075,NO
168,101,0.0010728617830090504,NO
169,59,1.1943466368764916E-4,NO
170,84,2.149413203268792E-4,NO
171,81,0.0010728617830090504,NO
172,173,0.9998925062349847,YES
173,151,5.370070258197345E-4,NO
174,78,6.71890199350522E-5,NO
175,72,5.370070258197345E-4,NO
176,73,5.370070258197345E-4,NO
177,324,0.9998925062349847,NO
178,81,0.0010728617830090504,NO
179,66,1.7913060112837183E-4,NO
180,239,0.9998925062349847,YES
181,91,0.0010728617830090504,NO
182,57,3.581328971344486E-4,NO
183,85,0.28572745023770174,NO
184,94,5.370070258197345E-4,NO
185,54,4.300305307818659E-5,NO
186,75,0.0010728617830090504,NO
187,137,2.686477786544756E-4,NO
188,133,0.9998925062349847,YES
189,79,5.9724465015217616E-5,NO
190,76,4.6742099423597164E-5,NO
191,81,2.686477786544756E-4,NO
192,99,0.0010728617830090504,NO
193,115,2.686477786544756E-4,NO
194,180,1.3435998483870475E-4,NO
195,118,2.686477786544756E-4,NO
196,132,2.149413203268792E-4,NO
197,94,0.9998925062349847,YES
198,88,9.772351449901789E-5,NO
199,51,1.0749376501521888E-4,NO
200,111,0.9998925062349847,YES
