ID, Size, Predicted, Actual
0,28,2.541954966725809E-4,NO
1,28,2.541954966725809E-4,NO
2,449,0.0032845037114891946,NO
3,1339,0.9996695962466134,YES
4,25,3.6708832879367437E-4,NO
5,50,8.251914444151044E-4,NO
6,76,4.129364738528625E-4,NO
7,38,8.251914444151044E-4,NO
8,178,0.0032845037114891946,NO
9,326,0.0032845037114891946,NO
10,370,0.9088451394687991,YES
11,145,0.8331497554742917,NO
12,49,0.0032845037114891946,NO
13,85,2.7536678856236507E-4,NO
14,64,8.251914444151044E-4,NO
15,36,1.944080469378788E-4,NO
16,36,1.944080469378788E-4,NO
17,32,0.0010996503112010382,NO
18,26,4.129364738528625E-4,NO
19,543,0.9996695962466134,YES
20,395,0.0032845037114891946,NO
21,209,0.0032845037114891946,NO
22,24,5.504304366014224E-4,NO
23,24,5.504304366014224E-4,NO
24,27,3.6708832879367437E-4,NO
25,73,2.7536678856236507E-4,NO
26,56,0.0010996503112010382,NO
27,30,0.0010996503112010382,NO
28,294,0.0032845037114891946,NO
29,983,8.251914444151044E-4,NO
30,262,0.0032845037114891946,NO
31,626,0.0032845037114891946,NO
32,37,6.603711285742589E-4,NO
33,35,6.603711285742589E-4,NO
34,286,8.251914444151044E-4,NO
35,232,8.251914444151044E-4,NO
36,203,6.603711285742589E-4,YES
37,286,0.9996695962466134,NO
38,425,8.251914444151044E-4,NO
39,249,0.0032845037114891946,NO
40,74,2.7536678856236507E-4,NO
41,69,0.6249483616173968,NO
42,247,0.0032845037114891946,YES
43,237,8.251914444151044E-4,NO
44,214,0.0032845037114891946,NO
45,99,8.251914444151044E-4,NO
46,191,0.714184551179764,NO
47,464,0.0032845037114891946,YES
48,95,8.251914444151044E-4,NO
49,549,8.251914444151044E-4,NO
50,136,8.251914444151044E-4,NO
51,40,0.6665932274339595,NO
52,86,6.603711285742589E-4,NO
53,105,0.0032845037114891946,NO
54,79,4.718717263898982E-4,NO
55,85,2.7536678856236507E-4,NO
56,72,0.714184551179764,NO
57,105,0.0032845037114891946,NO
58,52,8.251914444151044E-4,NO
59,151,0.0010996503112010382,NO
60,264,0.9088451394687991,NO
61,183,0.0010996503112010382,NO
62,195,0.0010996503112010382,NO
63,76,4.129364738528625E-4,NO
64,250,0.0032845037114891946,NO
65,237,8.251914444151044E-4,NO
66,55,6.603711285742589E-4,NO
67,102,0.0032845037114891946,NO
68,389,0.0032845037114891946,NO
69,35,6.603711285742589E-4,NO
70,130,0.0032845037114891946,YES
71,114,0.001647663612996771,YES
72,71,0.714184551179764,NO
73,54,3.6708832879367437E-4,NO
74,267,0.9088451394687991,NO
75,55,6.603711285742589E-4,NO
76,46,0.0032845037114891946,NO
77,226,0.9088451394687991,NO
78,54,3.6708832879367437E-4,NO
79,266,0.9088451394687991,NO
80,74,2.7536678856236507E-4,NO
81,359,0.9088451394687991,NO
82,78,4.718717263898982E-4,NO
83,181,0.0010996503112010382,NO
84,57,0.0010996503112010382,NO
85,50,8.251914444151044E-4,NO
86,243,8.251914444151044E-4,NO
87,253,8.251914444151044E-4,NO
88,306,0.0032845037114891946,NO
89,139,0.0032845037114891946,NO
90,375,0.9088451394687991,NO
91,75,8.251914444151044E-4,NO
92,222,0.9088451394687991,NO
93,28,2.541954966725809E-4,NO
94,55,6.603711285742589E-4,NO
95,154,0.0032845037114891946,NO
96,25,3.6708832879367437E-4,NO
97,50,8.251914444151044E-4,NO
98,41,0.588200986815246,NO
99,101,0.001647663612996771,NO
100,84,0.0032845037114891946,NO
101,51,8.251914444151044E-4,NO
102,135,8.251914444151044E-4,NO
103,117,0.0010996503112010382,NO
104,25,3.6708832879367437E-4,NO
105,54,3.6708832879367437E-4,NO
106,60,0.0032845037114891946,NO
107,62,0.0032845037114891946,NO
108,83,2.7536678856236507E-4,NO
109,60,0.0032845037114891946,NO
110,63,8.251914444151044E-4,NO
111,452,0.0032845037114891946,NO
112,43,0.0032845037114891946,NO
113,247,0.0032845037114891946,NO
114,35,0.0032845037114891946,NO
115,42,0.001647663612996771,NO
116,57,0.0010996503112010382,NO
117,156,0.9088451394687991,NO
118,61,0.0032845037114891946,NO
119,91,8.251914444151044E-4,NO
120,93,0.0010996503112010382,NO
121,80,4.718717263898982E-4,NO
122,101,0.001647663612996771,NO
123,59,0.0010996503112010382,NO
124,84,2.7536678856236507E-4,NO
125,82,1.7395116147190506E-4,NO
126,132,8.251914444151044E-4,NO
127,76,4.129364738528625E-4,NO
128,33,0.0010996503112010382,NO
129,430,8.251914444151044E-4,NO
130,153,0.9088451394687991,NO
131,122,0.0010996503112010382,NO
132,75,8.251914444151044E-4,NO
133,60,0.0032845037114891946,NO
134,34,6.603711285742589E-4,NO
135,39,0.714184551179764,NO
136,36,1.944080469378788E-4,NO
137,79,4.718717263898982E-4,NO
138,28,2.541954966725809E-4,NO
139,438,0.9998898168756473,YES
140,194,0.0032845037114891946,NO
141,99,8.251914444151044E-4,NO
142,55,6.603711285742589E-4,NO
143,43,5.504304366014224E-4,NO
144,27,3.6708832879367437E-4,NO
145,25,3.6708832879367437E-4,NO
146,53,8.251914444151044E-4,NO
147,108,0.9088451394687991,NO
148,103,0.001647663612996771,NO
149,85,2.7536678856236507E-4,NO
150,54,3.6708832879367437E-4,NO
151,79,0.0032845037114891946,NO
152,137,0.0032845037114891946,NO
153,99,8.251914444151044E-4,NO
154,79,4.718717263898982E-4,NO
155,78,4.718717263898982E-4,NO
156,101,0.001647663612996771,NO
157,177,0.0010996503112010382,NO
158,123,8.251914444151044E-4,NO
159,88,0.0010996503112010382,NO
160,51,8.251914444151044E-4,NO
161,119,0.0010996503112010382,NO
162,132,0.0032845037114891946,NO
163,169,0.8331497554742917,NO
