ID, Size, Predicted, Actual
0,50,0.024915534848378627,NO
1,79,0.02528023262788545,NO
2,67,0.025104640858738668,NO
3,45,0.02490156388701079,NO
4,28,0.02493915329323033,NO
5,28,0.02493915329323033,NO
6,459,0.15822088218271677,YES
7,1479,1.0,YES
8,25,0.024978248835341058,NO
9,39,0.02490084062332487,NO
10,47,0.024915534848378627,NO
11,184,0.03138669140028063,NO
12,30,0.02493915329323033,NO
13,215,0.03479241664048896,YES
14,50,0.024915534848378627,NO
15,82,0.02538871302665849,NO
16,41,0.02490084062332487,NO
17,245,0.03928743727023802,NO
18,227,0.03688700082720163,NO
19,363,0.0787325348670829,NO
20,407,0.10804234428886313,NO
21,145,0.028168236515100538,NO
22,49,0.024915534848378627,NO
23,85,0.02538871302665849,NO
24,64,0.025037254630283008,NO
25,42,0.02490156388701079,NO
26,36,0.02491336393251619,NO
27,37,0.02490084062332487,NO
28,83,0.02538871302665849,NO
29,32,0.02491336393251619,NO
30,26,0.024978248835341058,NO
31,866,0.9848209354379341,YES
32,376,0.08424642516811622,YES
33,207,0.03415601491993158,YES
34,24,0.024978248835341058,NO
35,24,0.024978248835341058,NO
36,27,0.02493915329323033,NO
37,260,0.04203452250562194,YES
38,30,0.02493915329323033,NO
39,428,0.12546201637376517,NO
40,979,0.9984122639915832,NO
41,123,0.02678005766576576,NO
42,562,0.3609343351822886,NO
43,205,0.03354852950591897,NO
44,37,0.02490084062332487,NO
45,35,0.02491336393251619,NO
46,283,0.04751652214127172,NO
47,316,0.05757152908757993,NO
48,204,0.03354852950591897,NO
49,133,0.027283701684249675,NO
50,285,0.04876752162859265,NO
51,336,0.06490752509333048,NO
52,701,0.9997563338824593,YES
53,301,0.9835441343411248,YES
54,76,0.02528023262788545,NO
55,69,0.025104640858738668,NO
56,266,0.04408174288835911,NO
57,253,0.04107751908822956,NO
58,217,0.035458890693479295,NO
59,100,0.9661470894306298,YES
60,191,0.03188890234770091,NO
61,476,0.18535106292682574,NO
62,95,0.025799005085817766,NO
63,551,0.9981478257738919,YES
64,136,0.02756088328649222,NO
65,33,0.02491336393251619,NO
66,474,0.9957089310962927,YES
67,140,0.02785556651384233,NO
68,111,0.026341357401076758,NO
69,34,0.02491336393251619,NO
70,39,0.02490084062332487,NO
71,36,0.02491336393251619,NO
72,271,0.045175974163647215,YES
73,75,0.025185591330797712,NO
74,57,0.024983327447723604,NO
75,124,0.02678005766576576,NO
76,59,0.024983327447723604,NO
77,32,0.02491336393251619,NO
78,25,0.024978248835341058,NO
79,53,0.02494277523844083,NO
80,53,0.02494277523844083,NO
81,88,0.025511202864342004,YES
82,107,0.026145460586633144,NO
83,133,0.027283701684249675,NO
84,169,0.030020714981958227,NO
85,94,0.025647894958972003,NO
86,35,0.02491336393251619,NO
87,685,0.7547516624147351,NO
88,162,0.029219513176257966,NO
89,39,0.02490084062332487,NO
90,79,0.02528023262788545,NO
91,85,0.02538871302665849,NO
92,110,0.026341357401076758,NO
93,111,0.026341357401076758,NO
94,53,0.02494277523844083,NO
95,52,0.02494277523844083,NO
96,159,0.9699019394252271,YES
97,524,0.9975549030945832,YES
98,183,0.03138669140028063,NO
99,215,0.03479241664048896,NO
100,76,0.02528023262788545,NO
101,563,0.3745091980495404,NO
102,257,0.04203452250562194,NO
103,55,0.02494277523844083,NO
104,102,0.025964772511389164,NO
105,403,0.10416010278812662,NO
106,35,0.02491336393251619,NO
107,145,0.028168236515100538,NO
108,119,0.02655277649985859,NO
109,108,0.026145460586633144,NO
110,91,0.025647894958972003,NO
111,69,0.025104640858738668,NO
112,80,0.02528023262788545,NO
113,63,0.025037254630283008,NO
114,160,0.029219513176257966,NO
115,102,0.9661470894306298,YES
116,54,0.02494277523844083,NO
117,267,0.04408174288835911,NO
118,55,0.02494277523844083,NO
119,46,0.02490156388701079,NO
120,226,0.03615665665854997,NO
121,54,0.02494277523844083,NO
122,270,0.04408174288835911,NO
123,74,0.025185591330797712,NO
124,359,0.07615861709260428,NO
125,78,0.02528023262788545,NO
126,180,0.0309084704666411,NO
127,57,0.024983327447723604,NO
128,50,0.024915534848378627,NO
129,243,0.03928743727023802,NO
130,254,0.04107751908822956,NO
131,306,0.05437023449376653,NO
132,139,0.02785556651384233,NO
133,372,0.08142656633304696,NO
134,75,0.025185591330797712,NO
135,222,0.03615665665854997,NO
136,61,0.025037254630283008,NO
137,98,0.025799005085817766,NO
138,28,0.02493915329323033,NO
139,55,0.02494277523844083,NO
140,194,0.0324159834498773,NO
141,28,0.02493915329323033,NO
142,50,0.024915534848378627,NO
143,55,0.02494277523844083,NO
144,124,0.02678005766576576,NO
145,87,0.025511202864342004,NO
146,65,0.025037254630283008,NO
147,140,0.02785556651384233,NO
148,134,0.02756088328649222,NO
149,117,0.02655277649985859,NO
150,28,0.02493915329323033,NO
151,57,0.024983327447723604,NO
152,60,0.024983327447723604,NO
153,62,0.025037254630283008,NO
154,89,0.025511202864342004,NO
155,60,0.024983327447723604,NO
156,68,0.025104640858738668,NO
157,522,0.9974195172698002,YES
158,43,0.02490156388701079,NO
159,247,0.04016241162248575,NO
160,35,0.02491336393251619,NO
161,42,0.02490156388701079,NO
162,57,0.024983327447723604,NO
163,125,0.9674645138083916,YES
164,61,0.025037254630283008,NO
165,92,0.025647894958972003,NO
166,92,0.025647894958972003,NO
167,80,0.02528023262788545,NO
168,101,0.025964772511389164,NO
169,59,0.024983327447723604,NO
170,84,0.02538871302665849,NO
171,81,0.02538871302665849,NO
172,173,0.9711218645689863,YES
173,151,0.028499410876547747,NO
174,78,0.02528023262788545,NO
175,72,0.025185591330797712,NO
176,73,0.025185591330797712,NO
177,324,0.061074154817802026,NO
178,81,0.02538871302665849,NO
179,66,0.025104640858738668,NO
180,239,0.9771755714255138,YES
181,91,0.025647894958972003,NO
182,57,0.024983327447723604,NO
183,85,0.02538871302665849,NO
184,94,0.025647894958972003,NO
185,54,0.02494277523844083,NO
186,75,0.025185591330797712,NO
187,137,0.02756088328649222,NO
188,133,0.9677730614243454,YES
189,79,0.02528023262788545,NO
190,76,0.02528023262788545,NO
191,81,0.02538871302665849,NO
192,99,0.025799005085817766,NO
193,115,0.02655277649985859,NO
194,180,0.0309084704666411,NO
195,118,0.02655277649985859,NO
196,132,0.027283701684249675,NO
197,94,0.9657324048352016,YES
198,88,0.025511202864342004,NO
199,51,0.024915534848378627,NO
200,111,0.9666273812418179,YES
