ID, Size, Predicted, Actual
0,28,3.3852403520649965E-4,NO
1,28,3.3852403520649965E-4,NO
2,387,0.002695417789757412,NO
3,1087,0.002695417789757412,NO
4,25,5.414185165132648E-4,NO
5,50,0.002695417789757412,NO
6,76,0.002695417789757412,NO
7,38,0.12525389302640486,NO
8,168,0.002695417789757412,NO
9,268,0.002695417789757412,NO
10,374,0.9973045822102424,NO
11,145,0.002695417789757412,NO
12,85,0.002695417789757412,NO
13,64,0.002695417789757412,NO
14,36,0.12525389302640486,NO
15,36,0.12525389302640486,NO
16,36,0.12525389302640486,NO
17,26,9.017132551848513E-4,NO
18,491,0.002695417789757412,NO
19,354,0.002695417789757412,NO
20,196,0.002695417789757412,NO
21,24,3.3852403520649965E-4,NO
22,27,0.0013513513513513514,NO
23,69,0.9973045822102424,YES
24,56,0.9973045822102424,YES
25,26,9.017132551848513E-4,NO
26,187,0.9973045822102424,NO
27,983,0.002695417789757412,NO
28,252,0.002695417789757412,NO
29,620,0.9973045822102424,NO
30,37,9.017132551848513E-4,NO
31,35,6.765899864682003E-4,NO
32,286,0.002695417789757412,NO
33,232,0.002695417789757412,NO
34,203,0.0013513513513513514,NO
35,270,0.002695417789757412,NO
36,425,0.002695417789757412,NO
37,244,0.002695417789757412,NO
38,74,4.512635379061372E-4,NO
39,69,9.017132551848513E-4,NO
40,228,0.002695417789757412,NO
41,231,0.002695417789757412,NO
42,202,0.002695417789757412,NO
43,99,0.9973045822102424,NO
44,191,0.9973045822102424,NO
45,447,0.9973045822102424,YES
46,95,0.002695417789757412,NO
47,549,0.002695417789757412,NO
48,136,0.002695417789757412,NO
49,40,0.20032485110990794,NO
50,86,0.0013513513513513514,NO
51,90,0.0013513513513513514,NO
52,79,0.002695417789757412,NO
53,85,0.002695417789757412,NO
54,59,0.002695417789757412,NO
55,112,0.002695417789757412,NO
56,52,0.002695417789757412,NO
57,157,0.9973045822102424,YES
58,74,4.512635379061372E-4,NO
59,230,0.9973045822102424,YES
60,206,0.9973045822102424,YES
61,55,9.017132551848513E-4,NO
62,29,0.0013513513513513514,NO
63,111,0.002695417789757412,NO
64,98,0.002695417789757412,NO
65,43,0.002695417789757412,NO
66,54,5.414185165132648E-4,NO
67,205,0.002695417789757412,NO
68,121,0.002695417789757412,NO
69,107,0.002695417789757412,NO
70,74,4.512635379061372E-4,NO
71,76,0.002695417789757412,NO
72,33,0.002695417789757412,NO
73,420,0.002695417789757412,YES
74,146,0.002695417789757412,NO
75,125,0.002695417789757412,NO
76,75,0.002695417789757412,NO
77,47,0.002695417789757412,NO
78,34,0.0013513513513513514,NO
79,39,0.20032485110990794,NO
80,36,0.12525389302640486,NO
81,79,0.002695417789757412,NO
82,28,3.3852403520649965E-4,NO
83,422,0.002695417789757412,NO
84,212,0.002695417789757412,NO
85,88,0.002695417789757412,NO
86,57,0.0013513513513513514,NO
87,43,0.002695417789757412,NO
88,27,0.0013513513513513514,NO
89,25,5.414185165132648E-4,NO
90,53,0.002695417789757412,NO
91,108,0.9973045822102424,YES
92,102,0.9973045822102424,YES
93,85,0.002695417789757412,NO
94,54,5.414185165132648E-4,NO
95,78,9.017132551848513E-4,NO
96,98,0.002695417789757412,NO
97,78,9.017132551848513E-4,NO
98,77,0.002695417789757412,NO
99,97,0.002695417789757412,NO
100,176,0.002695417789757412,NO
101,123,0.0013513513513513514,NO
102,51,0.002695417789757412,NO
103,71,0.5,NO
104,94,0.9973045822102424,YES
