ID, Size, Predicted, Actual
0,24,9.242144177449167E-4,NO
1,25,9.242144177449167E-4,NO
2,341,0.9864864864864865,YES
3,728,0.9864864864864865,YES
4,24,9.242144177449167E-4,NO
5,218,9.242144177449167E-4,YES
6,206,0.9864864864864865,YES
7,34,9.242144177449167E-4,NO
8,36,0.9864864864864865,YES
9,36,0.0012594458438287151,NO
10,26,9.242144177449167E-4,NO
11,428,0.013513513513513514,YES
12,462,0.9864864864864865,YES
13,191,0.9864864864864865,YES
14,24,9.242144177449167E-4,NO
15,24,0.013513513513513514,NO
16,57,9.242144177449167E-4,NO
17,54,9.242144177449167E-4,NO
18,192,0.013513513513513514,NO
19,300,0.9864864864864865,YES
20,250,9.242144177449167E-4,NO
21,627,0.9864864864864865,YES
22,37,9.242144177449167E-4,NO
23,35,9.242144177449167E-4,NO
24,279,0.9864864864864865,YES
25,274,9.242144177449167E-4,NO
26,398,0.013513513513513514,NO
27,240,0.00684931506849315,YES
28,74,0.0013850415512465372,NO
29,69,0.00684931506849315,NO
30,203,0.013513513513513514,NO
31,229,0.013513513513513514,NO
32,202,0.013513513513513514,NO
33,102,0.0013850415512465372,YES
34,144,0.013513513513513514,YES
35,337,0.00684931506849315,NO
36,94,0.013513513513513514,NO
37,382,0.0013850415512465372,YES
38,138,0.00684931506849315,NO
39,40,9.242144177449167E-4,NO
40,86,9.242144177449167E-4,NO
41,90,9.242144177449167E-4,NO
42,149,9.242144177449167E-4,NO
43,74,9.242144177449167E-4,NO
44,231,0.013513513513513514,NO
45,221,0.013513513513513514,NO
46,110,9.242144177449167E-4,NO
47,94,9.242144177449167E-4,NO
48,42,9.242144177449167E-4,NO
49,36,0.9864864864864865,YES
50,304,0.9864864864864865,YES
51,117,0.9864864864864865,YES
52,65,0.9864864864864865,YES
53,113,0.00684931506849315,NO
54,128,0.013513513513513514,YES
55,105,9.242144177449167E-4,NO
56,28,9.242144177449167E-4,NO
57,287,0.00684931506849315,YES
58,70,0.013513513513513514,YES
59,47,0.9864864864864865,YES
60,35,0.9864864864864865,YES
61,40,0.0012594458438287151,NO
62,28,9.242144177449167E-4,NO
63,27,0.013513513513513514,NO
64,71,0.013513513513513514,NO
65,80,0.9864864864864865,YES
66,40,0.9864864864864865,YES
67,87,0.013513513513513514,NO
68,53,0.9864864864864865,YES
69,47,0.9864864864864865,YES
70,85,0.9864864864864865,YES
71,176,9.242144177449167E-4,NO
72,139,9.242144177449167E-4,NO
73,222,0.013513513513513514,NO
74,141,9.242144177449167E-4,NO
75,176,0.9864864864864865,YES
76,139,9.242144177449167E-4,NO
77,192,0.013513513513513514,NO
78,42,9.242144177449167E-4,NO
79,39,9.242144177449167E-4,YES
80,45,9.242144177449167E-4,NO
81,167,0.013513513513513514,YES
82,46,9.242144177449167E-4,NO
83,155,0.9864864864864865,YES
84,292,0.013513513513513514,YES
85,78,9.242144177449167E-4,NO
86,483,0.013513513513513514,NO
87,163,0.9864864864864865,YES
88,213,0.013513513513513514,NO
89,120,0.0013850415512465372,NO
90,844,0.013513513513513514,NO
