ID, Size, Predicted, Actual
0,25,0.061476275272537746,NO
1,25,0.061476275272537746,NO
2,354,0.10769537243801953,YES
3,774,0.1,YES
4,25,0.061476275272537746,NO
5,38,1.0,YES
6,235,1.0,YES
7,199,1.0,YES
8,34,0.061476275272537746,NO
9,36,0.061476275272537746,NO
10,36,0.061476275272537746,NO
11,26,0.061476275272537746,NO
12,441,1.0,YES
13,465,0.10769537243801953,YES
14,191,0.061476275272537746,YES
15,24,0.061476275272537746,NO
16,24,0.061476275272537746,NO
17,52,0.19241652791652794,NO
18,54,0.061476275272537746,NO
19,192,0.061476275272537746,NO
20,300,0.061476275272537746,NO
21,250,0.061476275272537746,NO
22,618,0.53,NO
23,37,0.061476275272537746,NO
24,35,0.061476275272537746,NO
25,279,0.061476275272537746,NO
26,274,0.061476275272537746,NO
27,398,0.061476275272537746,NO
28,238,1.0,YES
29,74,0.061476275272537746,NO
30,69,0.061476275272537746,NO
31,203,0.061476275272537746,NO
32,229,0.061476275272537746,NO
33,202,0.061476275272537746,NO
34,101,1.0,YES
35,165,1.0,YES
36,337,0.061476275272537746,NO
37,94,0.061476275272537746,NO
38,381,1.0,YES
39,138,0.061476275272537746,NO
40,40,0.061476275272537746,NO
41,86,0.061476275272537746,NO
42,90,0.061476275272537746,NO
43,78,0.061476275272537746,NO
44,84,0.061476275272537746,NO
45,59,0.4770000000000001,NO
46,111,0.2,NO
47,149,0.0,NO
48,74,0.0,NO
49,230,0.04,NO
50,208,0.0,NO
51,55,0.061476275272537746,NO
52,29,0.061476275272537746,NO
53,110,0.10769537243801953,NO
54,96,0.0,NO
55,42,0.061476275272537746,NO
56,36,0.061476275272537746,NO
57,356,0.0,YES
58,100,0.0,YES
59,73,0.061476275272537746,YES
60,111,0.0,NO
61,99,0.7483333333333333,YES
62,79,0.5270000000000001,NO
63,28,0.10769537243801953,NO
64,309,1.0,YES
65,94,0.0,YES
66,45,0.2,YES
67,39,0.10769537243801953,NO
68,40,0.061476275272537746,YES
69,28,0.061476275272537746,NO
70,27,0.061476275272537746,NO
71,71,0.061476275272537746,YES
72,80,0.0,NO
73,40,0.0,YES
74,87,0.061476275272537746,NO
75,53,0.0,YES
76,47,0.0,NO
77,85,0.10769537243801953,NO
78,174,0.0,NO
79,143,0.19241652791652794,NO
80,115,0.0,NO
81,220,0.4431666666666667,YES
82,142,0.10769537243801953,YES
83,235,1.0,YES
84,39,0.061476275272537746,NO
85,91,0.2,NO
86,42,0.061476275272537746,NO
87,196,0.0,NO
88,42,0.061476275272537746,NO
89,40,0.0,NO
90,39,0.061476275272537746,YES
91,45,0.061476275272537746,NO
92,175,1.0,YES
93,46,0.061476275272537746,NO
94,149,0.0,YES
95,292,1.0,YES
96,78,0.53,NO
97,475,0.0,NO
98,163,0.061476275272537746,NO
99,211,0.19241652791652794,NO
100,120,0.061476275272537746,NO
101,849,0.2,NO
