ID, Size, Predicted, Actual
0,50,0.1980707134344742,NO
1,79,0.19837738843400748,NO
2,67,0.19789497751728974,NO
3,45,0.1983523912686393,NO
4,28,0.20043923581293238,NO
5,28,0.20043923581293238,NO
6,459,0.6984663725026575,YES
7,1472,1.0,YES
8,25,0.20120379641244315,NO
9,39,0.1987296224805778,NO
10,47,0.1983523912686393,NO
11,184,0.2333411075368902,NO
12,30,0.19977248156018793,NO
13,220,0.9972801021832526,YES
14,50,0.1980707134344742,NO
15,82,0.1987618080971724,NO
16,41,0.1987296224805778,NO
17,245,0.28728050634042146,YES
18,227,0.26877333163547634,NO
19,363,0.47119820324937167,NO
20,407,0.5760754704510432,NO
21,145,0.21460085655574934,NO
22,49,0.1980707134344742,NO
23,85,0.19924222428301536,NO
24,64,0.19779646344884155,NO
25,42,0.1987296224805778,NO
26,36,0.19920281539812945,NO
27,37,0.19920281539812945,NO
28,83,0.1987618080971724,NO
29,32,0.19977248156018793,NO
30,26,0.20043923581293238,NO
31,895,0.999809803992892,YES
32,376,0.5012471303799763,YES
33,213,0.2565948536774512,YES
34,24,0.20120379641244315,NO
35,24,0.20120379641244315,NO
36,27,0.20043923581293238,NO
37,260,0.9977946005784616,YES
38,30,0.19977248156018793,NO
39,428,0.6318422191773932,NO
40,979,0.9999758202445196,NO
41,123,0.20662546410263022,NO
42,562,0.8992632133078736,NO
43,205,0.24923874174321758,NO
44,37,0.19920281539812945,NO
45,35,0.19920281539812945,NO
46,283,0.33281993095897083,NO
47,316,0.38283694359396575,NO
48,204,0.24923874174321758,NO
49,133,0.2094916522283245,NO
50,285,0.33281993095897083,NO
51,336,0.4158512900685331,NO
52,701,0.9881598334038674,NO
53,301,0.3601958418888844,NO
54,76,0.19837738843400748,NO
55,69,0.19789497751728974,NO
56,266,0.3085664342893256,NO
57,253,0.29233373658935435,NO
58,217,0.2565948536774512,NO
59,100,0.20126516156115332,NO
60,191,0.2392874853112432,NO
61,476,0.7411375735167458,NO
62,95,0.20049322670057232,NO
63,551,0.8802871099887533,NO
64,136,0.2110850731995387,NO
65,33,0.19977248156018793,NO
66,474,0.7411375735167458,YES
67,140,0.21278755462563284,YES
68,111,0.20310604638927438,YES
69,34,0.19977248156018793,NO
70,39,0.1987296224805778,NO
71,36,0.19920281539812945,NO
72,271,0.31434478828749124,YES
73,75,0.19808854922066768,NO
74,57,0.19788428377744427,NO
75,124,0.20662546410263022,NO
76,59,0.19779290015744705,NO
77,32,0.19977248156018793,NO
78,25,0.20120379641244315,NO
79,53,0.19788428377744427,NO
80,53,0.19788428377744427,NO
81,88,0.19924222428301536,YES
82,107,0.20213579040644172,NO
83,133,0.2094916522283245,NO
84,169,0.22539834717547005,NO
85,94,0.20049322670057232,NO
86,35,0.19920281539812945,NO
87,685,0.9848812869698953,NO
88,162,0.2207248073769594,NO
89,39,0.1987296224805778,NO
90,79,0.19837738843400748,NO
91,85,0.19924222428301536,NO
92,110,0.20310604638927438,NO
93,111,0.20310604638927438,NO
94,53,0.19788428377744427,NO
95,52,0.1980707134344742,NO
96,159,0.2207248073769594,NO
97,524,0.843424149362707,YES
98,183,0.2333411075368902,NO
99,215,0.2565948536774512,NO
100,76,0.19837738843400748,NO
101,563,0.8992632133078736,NO
102,257,0.29756379684827294,NO
103,55,0.19788428377744427,NO
104,102,0.20126516156115332,NO
105,403,0.5650760473504314,NO
106,35,0.19920281539812945,NO
107,145,0.21460085655574934,NO
108,119,0.2053496908251625,NO
109,108,0.20310604638927438,NO
110,91,0.19981915628228902,NO
111,69,0.19789497751728974,NO
112,80,0.19837738843400748,NO
113,63,0.19779646344884155,NO
114,160,0.2207248073769594,NO
115,102,0.20126516156115332,NO
116,54,0.19788428377744427,NO
117,267,0.3085664342893256,NO
118,55,0.19788428377744427,NO
119,46,0.1983523912686393,NO
120,226,0.26455706989849265,NO
121,54,0.19788428377744427,NO
122,270,0.31434478828749124,NO
123,74,0.19808854922066768,NO
124,359,0.46151475037397416,NO
125,78,0.19837738843400748,NO
126,180,0.23056590277783365,NO
127,57,0.19788428377744427,NO
128,50,0.1980707134344742,NO
129,243,0.28240101058088074,NO
130,254,0.29756379684827294,NO
131,306,0.36754054424173055,NO
132,139,0.2110850731995387,NO
133,372,0.4910715600543637,NO
134,75,0.19808854922066768,NO
135,222,0.26455706989849265,NO
136,61,0.19779290015744705,NO
137,98,0.20049322670057232,NO
138,28,0.20043923581293238,NO
139,55,0.19788428377744427,NO
140,194,0.2392874853112432,NO
141,28,0.20043923581293238,NO
142,50,0.1980707134344742,NO
143,55,0.19788428377744427,NO
144,124,0.20662546410263022,NO
145,87,0.19924222428301536,NO
146,65,0.19779646344884155,NO
147,140,0.21278755462563284,NO
148,134,0.2094916522283245,NO
149,117,0.2053496908251625,NO
150,28,0.20043923581293238,NO
151,57,0.19788428377744427,NO
152,60,0.19779290015744705,NO
153,62,0.19779646344884155,NO
154,89,0.19924222428301536,NO
155,60,0.19779290015744705,NO
156,68,0.19789497751728974,NO
157,522,0.8352744774467515,NO
158,43,0.1987296224805778,NO
159,247,0.28728050634042146,NO
160,35,0.19920281539812945,NO
161,42,0.1987296224805778,NO
162,57,0.19788428377744427,NO
163,125,0.20662546410263022,NO
164,61,0.19779290015744705,NO
165,92,0.19981915628228902,NO
166,92,0.19981915628228902,NO
167,80,0.19837738843400748,NO
168,101,0.20126516156115332,NO
169,59,0.19779290015744705,NO
170,84,0.1987618080971724,NO
171,81,0.1987618080971724,NO
172,173,0.22791916147989938,NO
173,151,0.2165268408223579,NO
174,78,0.19837738843400748,YES
175,72,0.19808854922066768,NO
176,73,0.19808854922066768,NO
177,324,0.3989426788949763,YES
178,81,0.1987618080971724,NO
179,66,0.19779646344884155,NO
180,239,0.277692104402291,YES
181,91,0.19981915628228902,NO
182,57,0.19788428377744427,NO
183,85,0.19924222428301536,NO
184,94,0.20049322670057232,NO
185,54,0.19788428377744427,NO
186,75,0.19808854922066768,NO
187,137,0.2110850731995387,NO
188,133,0.2094916522283245,NO
189,79,0.19837738843400748,NO
190,76,0.19837738843400748,NO
191,81,0.1987618080971724,NO
192,99,0.20126516156115332,NO
193,115,0.20417696634390248,NO
194,180,0.23056590277783365,NO
195,118,0.2053496908251625,NO
196,132,0.2094916522283245,NO
197,94,0.20049322670057232,NO
198,88,0.19924222428301536,NO
199,51,0.1980707134344742,NO
200,111,0.20310604638927438,NO
