ID, Size, Predicted, Actual
0,40,0.6249667552636876,NO
1,28,1.251586124062555E-4,NO
2,28,1.251586124062555E-4,NO
3,449,0.0010618547015378487,YES
4,1358,0.9997872676343121,NO
5,25,1.6365634976101256E-4,NO
6,39,0.6666193861022206,NO
7,50,3.0384797529813267E-4,NO
8,82,0.9997872676343121,NO
9,41,0.002119208819378902,NO
10,245,5.314917177482438E-4,NO
11,227,0.9089326722853068,NO
12,363,0.002119208819378902,NO
13,375,0.002119208819378902,YES
14,145,0.7691426465808979,NO
15,49,3.0384797529813267E-4,NO
16,85,1.4184169333788437E-4,NO
17,64,4.2528378812302706E-4,NO
18,36,1.0638881518826253E-4,NO
19,37,3.5445340453138665E-4,NO
20,92,0.002119208819378902,NO
21,32,0.002119208819378902,NO
22,26,2.3635812164819568E-4,NO
23,669,0.9997872676343121,YES
24,398,0.9997872676343121,YES
25,206,0.002119208819378902,YES
26,24,2.658871757058651E-4,NO
27,24,2.658871757058651E-4,NO
28,27,1.9340054018067023E-4,NO
29,30,0.002119208819378902,NO
30,428,0.002119208819378902,NO
31,972,4.2528378812302706E-4,NO
32,123,4.2528378812302706E-4,NO
33,562,4.2528378812302706E-4,NO
34,205,7.084046162067727E-4,NO
35,37,3.5445340453138665E-4,NO
36,35,3.0384797529813267E-4,NO
37,276,0.002119208819378902,NO
38,316,0.0010618547015378487,NO
39,204,0.5555424214444435,NO
40,133,0.002119208819378902,NO
41,285,4.2528378812302706E-4,NO
42,336,0.002119208819378902,NO
43,464,0.9997872676343121,NO
44,294,0.002119208819378902,NO
45,76,1.9340054018067023E-4,NO
46,69,0.588213207303693,NO
47,266,0.002119208819378902,NO
48,247,0.9089326722853068,NO
49,217,0.002119208819378902,NO
50,99,3.0384797529813267E-4,NO
51,191,0.6666193861022206,NO
52,476,0.9997872676343121,NO
53,95,4.2528378812302706E-4,NO
54,550,0.9997872676343121,YES
55,136,4.2528378812302706E-4,NO
56,33,5.314917177482438E-4,NO
57,479,0.9997872676343121,YES
58,140,0.002119208819378902,NO
59,111,0.9997872676343121,YES
60,34,3.5445340453138665E-4,NO
61,39,0.6666193861022206,NO
62,36,1.0638881518826253E-4,NO
63,202,0.9997872676343121,YES
64,106,7.084046162067727E-4,NO
65,57,4.2528378812302706E-4,NO
66,43,3.0384797529813267E-4,NO
67,27,1.9340054018067023E-4,NO
68,25,1.6365634976101256E-4,NO
69,53,4.2528378812302706E-4,NO
70,88,5.314917177482438E-4,YES
71,107,7.084046162067727E-4,NO
72,132,0.002119208819378902,NO
73,169,0.002119208819378902,NO
74,80,0.002119208819378902,NO
75,29,7.084046162067727E-4,NO
76,430,0.002119208819378902,NO
77,79,2.1273236568784967E-4,NO
78,85,1.4184169333788437E-4,NO
79,110,0.0010618547015378487,NO
80,111,0.0010618547015378487,NO
81,53,4.2528378812302706E-4,NO
82,52,4.2528378812302706E-4,NO
83,158,0.002119208819378902,NO
84,270,0.002119208819378902,YES
85,183,0.002119208819378902,NO
86,215,0.0010618547015378487,NO
87,76,1.9340054018067023E-4,NO
88,285,4.2528378812302706E-4,YES
89,258,0.002119208819378902,NO
90,55,2.3635812164819568E-4,NO
91,102,0.0010618547015378487,NO
92,403,0.002119208819378902,NO
93,35,3.0384797529813267E-4,NO
94,145,0.7691426465808979,NO
95,119,0.002119208819378902,NO
96,71,0.6666193861022206,YES
97,75,3.5445340453138665E-4,YES
98,69,0.588213207303693,NO
99,80,0.002119208819378902,YES
100,63,0.002119208819378902,NO
101,120,0.002119208819378902,YES
102,98,3.5445340453138665E-4,NO
103,54,1.6365634976101256E-4,NO
104,267,0.002119208819378902,NO
105,55,2.3635812164819568E-4,NO
106,46,0.0010618547015378487,NO
107,226,0.002119208819378902,NO
108,54,1.6365634976101256E-4,NO
109,270,5.314917177482438E-4,NO
110,74,1.5197016347554408E-4,NO
111,359,0.002119208819378902,NO
112,78,2.3635812164819568E-4,NO
113,180,0.002119208819378902,NO
114,57,4.2528378812302706E-4,NO
115,50,3.0384797529813267E-4,NO
116,243,0.002119208819378902,NO
117,254,0.002119208819378902,NO
118,306,0.002119208819378902,NO
119,139,0.002119208819378902,NO
120,375,0.002119208819378902,NO
121,75,3.5445340453138665E-4,NO
122,222,0.002119208819378902,NO
123,61,0.0010618547015378487,NO
124,98,0.0010618547015378487,NO
125,28,1.251586124062555E-4,NO
126,55,2.3635812164819568E-4,NO
127,194,0.002119208819378902,NO
128,28,1.251586124062555E-4,NO
129,50,3.0384797529813267E-4,NO
130,55,0.002119208819378902,NO
131,118,0.002119208819378902,NO
132,87,0.002119208819378902,NO
133,65,0.002119208819378902,NO
134,144,0.7691426465808979,NO
135,117,0.002119208819378902,NO
136,28,1.251586124062555E-4,NO
137,57,4.2528378812302706E-4,NO
138,60,5.314917177482438E-4,NO
139,62,0.002119208819378902,NO
140,89,0.002119208819378902,NO
141,60,5.314917177482438E-4,NO
142,68,0.9997872676343121,NO
143,522,4.2528378812302706E-4,NO
144,43,3.0384797529813267E-4,NO
145,247,0.9089326722853068,NO
146,35,3.0384797529813267E-4,NO
147,42,7.084046162067727E-4,NO
148,57,4.2528378812302706E-4,NO
149,91,0.002119208819378902,NO
150,61,0.002119208819378902,NO
151,92,0.0010618547015378487,NO
152,93,0.002119208819378902,NO
153,80,0.002119208819378902,NO
154,101,7.084046162067727E-4,NO
155,59,5.314917177482438E-4,NO
156,84,0.002119208819378902,NO
157,82,0.002119208819378902,NO
158,132,0.002119208819378902,NO
159,143,0.7691426465808979,NO
160,78,0.002119208819378902,NO
161,66,0.9997872676343121,NO
162,66,0.9997872676343121,NO
163,85,1.4184169333788437E-4,YES
164,54,1.6365634976101256E-4,NO
165,77,0.8332151403045681,NO
166,137,4.2528378812302706E-4,NO
167,130,0.9997872676343121,NO
168,79,2.1273236568784967E-4,NO
169,76,1.9340054018067023E-4,NO
170,81,0.0010618547015378487,NO
171,98,3.5445340453138665E-4,NO
172,115,0.9997872676343121,NO
173,180,0.002119208819378902,NO
174,118,0.002119208819378902,NO
175,64,4.2528378812302706E-4,NO
176,95,4.2528378812302706E-4,NO
177,88,0.002119208819378902,NO
178,51,3.5445340453138665E-4,NO
179,120,0.002119208819378902,NO
