ID, Size, Predicted, Actual
0,45,0.0014968666689178002,NO
1,28,5.559979235810143E-5,NO
2,28,5.559979235810143E-5,NO
3,449,3.7505878672454917E-4,YES
4,1470,0.9523162771262922,NO
5,25,8.82997767460995E-5,NO
6,39,0.526311631235153,NO
7,47,0.0014968666689178002,NO
8,30,0.9089792680611384,NO
9,215,0.0014968666689178002,NO
10,50,1.1546266477411655E-4,NO
11,82,3.7505878672454917E-4,NO
12,41,7.4955531883217E-4,NO
13,245,7.4955531883217E-4,NO
14,227,7.4955531883217E-4,NO
15,363,0.0014968666689178002,NO
16,407,0.0014968666689178002,NO
17,145,0.5882197118041035,NO
18,49,7.4955531883217E-4,NO
19,85,0.3448436514306264,NO
20,64,1.6676228927967586E-4,NO
21,36,6.254889697644307E-5,NO
22,37,1.5009106625767018E-4,NO
23,83,0.0014968666689178002,NO
24,32,4.999533743620608E-4,NO
25,26,1.3645014749754178E-4,NO
26,835,0.0014968666689178002,YES
27,365,0.0014968666689178002,NO
28,206,4.999533743620608E-4,YES
29,24,1.2508214645230207E-4,NO
30,24,1.2508214645230207E-4,NO
31,27,1.0007072398622295E-4,NO
32,260,0.0014968666689178002,NO
33,30,4.999533743620608E-4,NO
34,428,7.4955531883217E-4,NO
35,972,7.4955531883217E-4,NO
36,123,2.1438822800432805E-4,NO
37,562,7.4955531883217E-4,NO
38,205,3.000920502437474E-4,NO
39,37,1.5009106625767018E-4,NO
40,35,1.1546266477411655E-4,NO
41,276,7.4955531883217E-4,NO
42,316,7.4955531883217E-4,NO
43,204,7.4955531883217E-4,NO
44,133,7.4955531883217E-4,NO
45,285,0.8332499452356984,NO
46,336,7.4955531883217E-4,NO
47,464,0.8332499452356984,NO
48,294,4.999533743620608E-4,NO
49,76,8.82997767460995E-5,NO
50,69,0.4761938801512477,NO
51,266,4.999533743620608E-4,NO
52,247,0.6666333097586711,NO
53,217,7.4955531883217E-4,NO
54,99,1.6676228927967586E-4,NO
55,191,0.5882197118041035,NO
56,476,0.9998499089337424,NO
57,95,1.6676228927967586E-4,NO
58,550,0.0014968666689178002,NO
59,136,2.1438822800432805E-4,NO
60,33,2.501017263830694E-4,NO
61,483,7.4955531883217E-4,NO
62,140,0.0014968666689178002,NO
63,111,3.000920502437474E-4,NO
64,34,1.8759975429851155E-4,NO
65,39,0.526311631235153,NO
66,36,6.254889697644307E-5,NO
67,257,0.0014968666689178002,YES
68,61,0.0014968666689178002,NO
69,57,1.1546266477411655E-4,NO
70,124,0.0014968666689178002,NO
71,59,0.0014968666689178002,NO
72,32,0.0014968666689178002,NO
73,25,8.82997767460995E-5,NO
74,53,1.6676228927967586E-4,NO
75,53,0.0014968666689178002,NO
76,88,2.1438822800432805E-4,YES
77,107,3.000920502437474E-4,NO
78,133,0.0014968666689178002,NO
79,169,4.999533743620608E-4,NO
80,80,0.6666333097586711,NO
81,29,3.000920502437474E-4,NO
82,588,0.9998499089337424,NO
83,162,0.0014968666689178002,NO
84,39,0.526311631235153,NO
85,79,1.0721710008626327E-4,NO
86,85,0.3448436514306264,NO
87,110,7.4955531883217E-4,NO
88,111,3.000920502437474E-4,NO
89,53,1.6676228927967586E-4,NO
90,52,2.1438822800432805E-4,NO
91,154,0.0014968666689178002,NO
92,403,0.0014968666689178002,NO
93,183,4.999533743620608E-4,NO
94,215,7.4955531883217E-4,NO
95,76,8.82997767460995E-5,NO
96,554,0.0014968666689178002,YES
97,257,0.0014968666689178002,NO
98,55,9.381747728494332E-5,NO
99,102,3.7505878672454917E-4,NO
100,403,0.0014968666689178002,NO
101,35,1.1546266477411655E-4,NO
102,145,0.5882197118041035,NO
103,119,4.999533743620608E-4,NO
104,108,0.8332499452356984,NO
105,91,7.4955531883217E-4,NO
106,69,0.4761938801512477,NO
107,80,0.6666333097586711,NO
108,63,4.999533743620608E-4,NO
109,160,0.9089792680611384,NO
110,98,1.3645014749754178E-4,NO
111,54,7.900653209054062E-5,NO
112,267,4.999533743620608E-4,NO
113,55,9.381747728494332E-5,NO
114,46,3.7505878672454917E-4,NO
115,226,4.999533743620608E-4,NO
116,54,7.900653209054062E-5,NO
117,270,2.501017263830694E-4,NO
118,74,9.381747728494332E-5,NO
119,359,4.999533743620608E-4,NO
120,78,1.2508214645230207E-4,NO
121,180,3.7505878672454917E-4,NO
122,57,1.1546266477411655E-4,NO
123,50,1.1546266477411655E-4,NO
124,243,4.999533743620608E-4,NO
125,254,7.4955531883217E-4,NO
126,306,4.999533743620608E-4,NO
127,139,4.999533743620608E-4,NO
128,375,0.76916859702666,NO
129,75,0.55554628943869,NO
130,222,4.999533743620608E-4,NO
131,61,3.7505878672454917E-4,NO
132,98,1.3645014749754178E-4,NO
133,28,5.559979235810143E-5,NO
134,55,9.381747728494332E-5,NO
135,194,7.4955531883217E-4,NO
136,28,5.559979235810143E-5,NO
137,50,1.1546266477411655E-4,NO
138,55,9.381747728494332E-5,NO
139,124,1.5009106625767018E-4,NO
140,87,4.999533743620608E-4,NO
141,65,0.0014968666689178002,NO
142,144,7.4955531883217E-4,NO
143,134,7.4955531883217E-4,NO
144,117,4.999533743620608E-4,NO
145,28,5.559979235810143E-5,NO
146,57,1.1546266477411655E-4,NO
147,60,1.8759975429851155E-4,NO
148,62,4.999533743620608E-4,NO
149,89,0.0014968666689178002,NO
150,60,1.8759975429851155E-4,NO
151,68,0.0014968666689178002,NO
152,522,0.0014968666689178002,NO
153,43,1.3645014749754178E-4,NO
154,247,0.6666333097586711,NO
155,35,1.1546266477411655E-4,NO
156,42,3.000920502437474E-4,NO
157,57,1.1546266477411655E-4,NO
158,117,4.999533743620608E-4,NO
159,61,3.7505878672454917E-4,NO
160,92,0.0014968666689178002,NO
161,93,4.999533743620608E-4,NO
162,80,0.6666333097586711,NO
163,101,3.000920502437474E-4,NO
164,59,2.501017263830694E-4,NO
165,84,4.999533743620608E-4,NO
166,82,3.7505878672454917E-4,NO
167,172,4.999533743620608E-4,NO
168,143,7.4955531883217E-4,NO
169,78,1.2508214645230207E-4,NO
170,66,7.4955531883217E-4,NO
171,66,7.4955531883217E-4,NO
172,85,0.3448436514306264,NO
173,54,7.900653209054062E-5,NO
174,77,0.7142397640999629,NO
175,137,7.4955531883217E-4,NO
176,130,0.0014968666689178002,NO
177,79,1.0721710008626327E-4,NO
178,76,8.82997767460995E-5,NO
179,81,7.4955531883217E-4,NO
180,98,1.3645014749754178E-4,NO
181,115,7.4955531883217E-4,NO
182,180,3.7505878672454917E-4,NO
183,118,7.4955531883217E-4,NO
184,132,4.999533743620608E-4,NO
185,95,1.6676228927967586E-4,NO
186,88,2.1438822800432805E-4,NO
187,51,1.8759975429851155E-4,NO
188,120,0.8332499452356984,NO
