ID, Size, Predicted, Actual
0,45,0.02752318513548041,NO
1,28,0.027591729857394047,NO
2,28,0.027591729857394047,NO
3,449,0.16787425416326918,YES
4,1470,1.0,YES
5,25,0.02764597573835565,NO
6,39,0.027530385353215874,NO
7,47,0.027531608422879335,NO
8,30,0.027591729857394047,NO
9,215,0.03892025922638951,NO
10,50,0.027531608422879335,NO
11,82,0.028032481843443934,NO
12,41,0.027530385353215874,NO
13,245,0.04422057599724863,NO
14,227,0.040524690068082334,NO
15,363,0.08863579388666823,NO
16,407,0.12291202463424097,NO
17,145,0.03083949864839412,NO
18,49,0.027531608422879335,NO
19,85,0.028032481843443934,NO
20,64,0.027650888291905266,NO
21,36,0.027553220992429607,NO
22,37,0.027530385353215874,NO
23,83,0.028032481843443934,NO
24,32,0.027553220992429607,NO
25,26,0.02764597573835565,NO
26,834,0.9820674641186035,YES
27,365,0.08863579388666823,NO
28,206,0.03746096254994834,YES
29,24,0.02764597573835565,NO
30,24,0.02764597573835565,NO
31,27,0.02764597573835565,NO
32,260,0.047477620473426733,NO
33,30,0.027591729857394047,NO
34,428,0.14336446299229297,NO
35,972,0.9989558293385319,NO
36,123,0.029605373836188754,NO
37,562,0.41456170745855164,NO
38,205,0.03746096254994834,NO
39,37,0.027530385353215874,NO
40,35,0.027553220992429607,NO
41,276,0.05121641502095019,NO
42,316,0.06411493134286615,NO
43,204,0.036782177225493505,NO
44,133,0.03018214645208878,NO
45,285,0.054010850726662056,NO
46,336,0.07258414359679101,NO
47,464,0.18931003678370775,YES
48,294,0.05707411000244405,YES
49,76,0.02780947426448614,NO
50,69,0.027722204522489535,NO
51,266,0.04866710938865803,NO
52,247,0.04422057599724863,NO
53,217,0.03892025922638951,NO
54,99,0.028491162860163226,YES
55,191,0.035519864598725054,NO
56,476,0.21366422221827464,NO
57,95,0.028321399821573966,NO
58,550,0.38542593081064125,YES
59,136,0.030500477626004115,NO
60,33,0.027553220992429607,NO
61,464,0.18931003678370775,YES
62,140,0.030500477626004115,NO
63,111,0.029105190139345354,NO
64,34,0.027553220992429607,NO
65,39,0.027530385353215874,NO
66,36,0.027553220992429607,NO
67,257,0.046341575136068035,YES
68,61,0.027595407168987188,NO
69,57,0.027595407168987188,NO
70,124,0.029605373836188754,NO
71,59,0.027595407168987188,NO
72,32,0.027553220992429607,NO
73,25,0.02764597573835565,NO
74,53,0.0275556691560954,NO
75,53,0.0275556691560954,NO
76,88,0.028168591636435588,YES
77,107,0.028882726711535963,NO
78,133,0.03018214645208878,NO
79,169,0.03286718925226171,NO
80,80,0.027912842635329435,NO
81,29,0.027591729857394047,NO
82,588,0.5082974064349712,NO
83,162,0.03241497419366237,NO
84,39,0.027530385353215874,NO
85,79,0.027912842635329435,NO
86,85,0.028032481843443934,NO
87,110,0.028882726711535963,NO
88,111,0.029105190139345354,NO
89,53,0.0275556691560954,NO
90,52,0.0275556691560954,NO
91,154,0.03158202525257169,YES
92,403,0.11835943886023291,YES
93,183,0.03437674079322693,NO
94,215,0.03892025922638951,NO
95,76,0.02780947426448614,NO
96,564,0.9987641796066535,YES
97,257,0.046341575136068035,NO
98,55,0.0275556691560954,NO
99,102,0.028678166537652924,NO
100,403,0.11835943886023291,NO
101,35,0.027553220992429607,NO
102,145,0.03083949864839412,NO
103,119,0.029345935389274002,NO
104,108,0.028882726711535963,NO
105,91,0.028321399821573966,NO
106,69,0.027722204522489535,NO
107,80,0.027912842635329435,NO
108,63,0.027650888291905266,NO
109,160,0.03241497419366237,NO
110,98,0.028491162860163226,YES
111,54,0.0275556691560954,NO
112,267,0.04866710938865803,NO
113,55,0.0275556691560954,NO
114,46,0.02752318513548041,NO
115,226,0.040524690068082334,NO
116,54,0.0275556691560954,NO
117,270,0.049912508017919986,NO
118,74,0.02780947426448614,NO
119,359,0.08563983248860692,NO
120,78,0.027912842635329435,NO
121,180,0.03437674079322693,NO
122,57,0.027595407168987188,NO
123,50,0.027531608422879335,NO
124,243,0.043231297531413485,NO
125,254,0.046341575136068035,NO
126,306,0.060432449383945125,NO
127,139,0.030500477626004115,NO
128,375,0.0950633424821156,NO
129,75,0.02780947426448614,NO
130,222,0.03970358064717794,NO
131,61,0.027595407168987188,NO
132,98,0.028491162860163226,NO
133,28,0.027591729857394047,NO
134,55,0.0275556691560954,NO
135,194,0.035519864598725054,NO
136,28,0.027591729857394047,NO
137,50,0.027531608422879335,NO
138,55,0.0275556691560954,NO
139,124,0.029605373836188754,NO
140,87,0.028168591636435588,NO
141,65,0.027650888291905266,NO
142,144,0.03083949864839412,NO
143,134,0.03018214645208878,NO
144,117,0.029345935389274002,NO
145,28,0.027591729857394047,NO
146,57,0.027595407168987188,NO
147,60,0.027595407168987188,NO
148,62,0.027650888291905266,NO
149,89,0.028168591636435588,NO
150,60,0.027595407168987188,NO
151,68,0.027722204522489535,NO
152,522,0.30642260370656216,YES
153,43,0.02752318513548041,NO
154,247,0.04422057599724863,NO
155,35,0.027553220992429607,NO
156,42,0.02752318513548041,NO
157,57,0.027595407168987188,NO
158,117,0.029345935389274002,YES
159,61,0.027595407168987188,NO
160,92,0.028321399821573966,NO
161,93,0.028321399821573966,NO
162,80,0.027912842635329435,NO
163,101,0.028678166537652924,NO
164,59,0.027595407168987188,NO
165,84,0.028032481843443934,NO
166,82,0.028032481843443934,NO
167,172,0.03334430261367519,YES
168,143,0.03083949864839412,NO
169,78,0.027912842635329435,NO
170,66,0.027650888291905266,NO
171,66,0.027650888291905266,NO
172,310,0.062231239619287115,NO
173,86,0.028032481843443934,NO
174,66,0.027650888291905266,NO
175,85,0.028032481843443934,NO
176,54,0.0275556691560954,NO
177,77,0.027912842635329435,NO
178,137,0.030500477626004115,NO
179,130,0.029883950746062777,YES
180,79,0.027912842635329435,NO
181,76,0.02780947426448614,NO
182,81,0.027912842635329435,NO
183,98,0.028491162860163226,NO
184,115,0.029105190139345354,NO
185,180,0.03437674079322693,NO
186,118,0.029345935389274002,NO
187,132,0.03018214645208878,NO
188,95,0.028321399821573966,YES
189,88,0.028168591636435588,NO
190,51,0.027531608422879335,NO
191,120,0.029345935389274002,YES
