ID, Size, Predicted, Actual
0,45,0.1749934330571747,NO
1,79,0.17384366225166092,NO
2,67,0.17358343828404404,NO
3,45,0.1749934330571747,NO
4,28,0.17780831661794602,NO
5,28,0.17780831661794602,NO
6,564,0.9128197605699545,YES
7,1491,1.0,YES
8,173,0.20030090174574977,NO
9,25,0.17780831661794602,NO
10,39,0.17555464787525088,NO
11,47,0.1749934330571747,NO
12,184,0.205367126671435,NO
13,30,0.17696121184127447,NO
14,221,0.2311005561663902,NO
15,50,0.1745259546413345,NO
16,101,0.1761305165110188,NO
17,41,0.17555464787525088,NO
18,250,0.2618539469696882,NO
19,227,0.23903920983499757,NO
20,363,0.45313864047783076,NO
21,407,0.5654999408572298,YES
22,145,0.18635164249278222,NO
23,49,0.1745259546413345,NO
24,85,0.17411473394260102,NO
25,64,0.1736806644495387,NO
26,42,0.17555464787525088,NO
27,36,0.17621030111797126,NO
28,37,0.17621030111797126,NO
29,83,0.17411473394260102,NO
30,32,0.17696121184127447,NO
31,26,0.17780831661794602,NO
32,883,0.9999998785054366,YES
33,413,0.5774198537881858,YES
34,213,0.22379321743512323,YES
35,24,0.17875267006370016,NO
36,24,0.17875267006370016,NO
37,27,0.17780831661794602,NO
38,259,0.27225168494188684,NO
39,30,0.17696121184127447,NO
40,428,0.6135040669635831,NO
41,979,0.9999905902192386,YES
42,123,0.17967117462474425,YES
43,562,0.9070462723177213,NO
44,205,0.22036688580454641,YES
45,37,0.17621030111797126,NO
46,35,0.17621030111797126,NO
47,283,0.301704301426143,NO
48,316,0.35191582592039555,NO
49,204,0.21708726653613342,NO
50,133,0.18336862248429783,NO
51,285,0.3082175317329493,YES
52,336,0.39457109136886853,NO
53,701,0.9915128695275495,YES
54,301,0.32906179354746506,NO
55,76,0.17366488606419184,NO
56,69,0.17358343828404404,YES
57,266,0.2777392247214877,NO
58,253,0.2618539469696882,NO
59,217,0.22736987365532788,NO
60,100,0.1754857020572162,NO
61,191,0.2109542002228004,NO
62,476,0.7428742114220965,NO
63,95,0.1749352398301751,NO
64,551,0.8946435795969097,NO
65,136,0.18336862248429783,NO
66,33,0.17696121184127447,NO
67,491,0.7751732969759433,YES
68,143,0.18635164249278222,YES
69,113,0.1777065421539497,NO
70,34,0.17621030111797126,NO
71,39,0.17555464787525088,NO
72,36,0.17621030111797126,NO
73,277,0.295403353628672,YES
74,75,0.17366488606419184,NO
75,57,0.17386998156532404,NO
76,124,0.18080219214396998,NO
77,59,0.17386998156532404,NO
78,32,0.17696121184127447,NO
79,25,0.17780831661794602,NO
80,53,0.17415162720739594,NO
81,53,0.17415162720739594,NO
82,88,0.17447844116234817,YES
83,107,0.17687048884053536,NO
84,133,0.9956772965514881,YES
85,169,0.19795575183656092,NO
86,94,0.1749352398301751,NO
87,35,0.17621030111797126,NO
88,689,0.9898685332474388,YES
89,162,0.19362770192940412,NO
90,39,0.17555464787525088,NO
91,79,0.17384366225166092,NO
92,85,0.17411473394260102,NO
93,110,0.1777065421539497,NO
94,122,0.17967117462474425,NO
95,53,0.17415162720739594,NO
96,52,0.17415162720739594,NO
97,177,0.20030090174574977,YES
98,533,0.9998495860168954,YES
99,183,0.205367126671435,YES
100,215,0.22736987365532788,NO
101,76,0.17366488606419184,NO
102,563,0.9070462723177213,NO
103,257,0.2669579236689653,NO
104,55,0.17415162720739594,NO
105,102,0.1761305165110188,NO
106,403,0.5536621913990699,NO
107,35,0.17621030111797126,NO
108,145,0.18635164249278222,NO
109,119,0.17967117462474425,NO
110,108,0.17687048884053536,NO
111,91,0.17447844116234817,NO
112,69,0.17358343828404404,NO
113,80,0.17384366225166092,NO
114,63,0.1736806644495387,NO
115,160,0.19362770192940412,NO
116,102,0.1761305165110188,NO
117,54,0.17415162720739594,NO
118,267,0.28342447329360676,NO
119,55,0.17415162720739594,NO
120,46,0.1749934330571747,NO
121,226,0.23498904891895966,NO
122,54,0.17415162720739594,NO
123,270,0.28342447329360676,NO
124,74,0.17357818102228925,NO
125,359,0.4428451549893667,NO
126,78,0.17366488606419184,NO
127,180,0.20277040853853565,NO
128,57,0.17386998156532404,NO
129,50,0.1745259546413345,NO
130,243,0.25219918366631,NO
131,254,0.2669579236689653,NO
132,306,0.3364536875559528,NO
133,139,0.1848071935258958,NO
134,372,0.474316969335111,NO
135,75,0.17366488606419184,NO
136,222,0.2311005561663902,NO
137,61,0.1736806644495387,NO
138,98,0.1754857020572162,NO
139,28,0.17780831661794602,NO
140,55,0.17415162720739594,NO
141,195,0.2109542002228004,NO
142,28,0.17780831661794602,NO
143,50,0.1745259546413345,NO
144,55,0.17415162720739594,NO
145,130,0.1820341685299893,NO
146,87,0.17411473394260102,NO
147,65,0.1736806644495387,NO
148,140,0.1848071935258958,NO
149,134,0.18336862248429783,NO
150,117,0.17863971754036218,NO
151,28,0.17780831661794602,NO
152,57,0.17386998156532404,NO
153,60,0.17386998156532404,NO
154,62,0.1736806644495387,NO
155,89,0.17447844116234817,NO
156,60,0.17386998156532404,NO
157,68,0.17358343828404404,NO
158,522,0.8419371946712021,NO
159,43,0.1749934330571747,NO
160,247,0.25693571930370707,NO
161,35,0.17621030111797126,NO
162,42,0.17555464787525088,NO
163,57,0.17386998156532404,NO
164,125,0.18080219214396998,NO
165,61,0.1736806644495387,NO
166,92,0.1749352398301751,NO
167,92,0.1749352398301751,NO
168,80,0.17384366225166092,NO
169,101,0.1761305165110188,NO
170,59,0.17386998156532404,NO
171,84,0.17411473394260102,NO
172,81,0.17384366225166092,NO
173,173,0.20030090174574977,NO
174,159,0.1916396935149337,NO
175,99,0.1754857020572162,NO
176,73,0.17357818102228925,NO
177,74,0.17357818102228925,NO
178,330,0.3855828782619866,NO
179,81,0.17384366225166092,NO
180,66,0.17358343828404404,NO
181,245,0.25693571930370707,NO
182,91,0.17447844116234817,NO
183,57,0.17386998156532404,NO
184,85,0.17411473394260102,NO
185,94,0.1749352398301751,NO
186,54,0.17415162720739594,NO
187,75,0.17366488606419184,NO
188,137,0.1848071935258958,NO
189,133,0.18336862248429783,NO
190,79,0.17384366225166092,NO
191,76,0.17366488606419184,NO
192,81,0.17384366225166092,NO
193,99,0.1754857020572162,NO
194,115,0.17863971754036218,NO
195,180,0.20277040853853565,NO
196,118,0.17863971754036218,NO
197,132,0.1820341685299893,NO
198,94,0.1749352398301751,NO
199,88,0.17447844116234817,NO
200,51,0.1745259546413345,NO
201,111,0.1777065421539497,NO
