ID, Size, Predicted, Actual
0,45,2.665280867622635E-6,YES
1,79,2.6216851012679477E-6,YES
2,67,2.625239192584781E-6,NO
3,45,2.665280867622635E-6,YES
4,28,2.7305572646901588E-6,NO
5,28,2.7305572646901588E-6,NO
6,564,2.0563798059853802E-4,YES
7,1492,1.0,NO
8,174,3.130783605804395E-6,NO
9,25,2.751739999664561E-6,NO
10,39,2.694101231302306E-6,NO
11,47,2.665280867622635E-6,NO
12,184,3.2332948990344724E-6,NO
13,30,2.7305572646901588E-6,NO
14,221,3.864072797768553E-6,NO
15,50,2.653657910828606E-6,NO
16,101,2.6534699105910774E-6,NO
17,41,2.6787528112963486E-6,NO
18,250,4.4850552780141084E-6,NO
19,227,3.954607225370408E-6,NO
20,363,1.1828530805171572E-5,NO
21,408,1.918066031790182E-5,NO
22,145,2.8567083356925637E-6,NO
23,49,2.665280867622635E-6,NO
24,85,2.6251771954917524E-6,NO
25,64,2.6296652944596967E-6,NO
26,42,2.6787528112963486E-6,NO
27,36,2.711357556951603E-6,NO
28,37,2.694101231302306E-6,NO
29,83,2.6225499472861755E-6,NO
30,32,2.7305572646901588E-6,NO
31,26,2.751739999664561E-6,NO
32,883,0.2715682354396592,YES
33,421,2.246618700192905E-5,NO
34,213,3.696613305039712E-6,YES
35,24,2.751739999664561E-6,NO
36,24,2.751739999664561E-6,NO
37,27,2.751739999664561E-6,NO
38,259,4.876023554995296E-6,NO
39,30,2.7305572646901588E-6,NO
40,428,2.504750525886085E-5,NO
41,981,0.8903380155766452,NO
42,126,2.7302026200452E-6,NO
43,562,1.905523619964664E-4,NO
44,226,3.954607225370408E-6,NO
45,37,2.694101231302306E-6,NO
46,35,2.711357556951603E-6,NO
47,283,5.680605798877265E-6,NO
48,316,7.510770325888258E-6,NO
49,204,3.5459221033357076E-6,NO
50,133,2.7745237776789084E-6,NO
51,298,6.496907801847313E-6,NO
52,336,9.140455664374553E-6,NO
53,701,0.0033478468994667062,NO
54,301,6.496907801847313E-6,NO
55,76,2.6216851012679477E-6,NO
56,69,2.625239192584781E-6,NO
57,266,5.020515902214594E-6,NO
58,253,4.6086690380389704E-6,NO
59,217,3.778147034072479E-6,NO
60,100,2.6437042084656278E-6,NO
61,191,3.3481432509335766E-6,NO
62,476,4.7797392173084565E-5,NO
63,95,2.6357436569374452E-6,NO
64,551,1.639493270428609E-4,NO
65,136,2.799771933981686E-6,NO
66,33,2.711357556951603E-6,NO
67,496,6.586108668907704E-5,YES
68,156,2.9226418428966667E-6,NO
69,113,2.67849977680529E-6,NO
70,34,2.711357556951603E-6,NO
71,39,2.694101231302306E-6,NO
72,36,2.711357556951603E-6,NO
73,288,5.868610043535124E-6,YES
74,75,2.6216851012679477E-6,NO
75,57,2.6438602978174864E-6,NO
76,124,2.7302026200452E-6,NO
77,59,2.635868151677785E-6,NO
78,32,2.7305572646901588E-6,NO
79,25,2.751739999664561E-6,NO
80,53,2.653657910828606E-6,YES
81,53,2.653657910828606E-6,NO
82,88,2.6295721425807242E-6,YES
83,107,2.665060574633773E-6,NO
84,134,2.7745237776789084E-6,NO
85,169,3.0396755707453005E-6,NO
86,94,2.6357436569374452E-6,NO
87,35,2.711357556951603E-6,NO
88,695,0.00275714863079538,NO
89,162,2.9981388528654932E-6,NO
90,39,2.694101231302306E-6,NO
91,79,2.6216851012679477E-6,NO
92,85,2.6251771954917524E-6,NO
93,110,2.67849977680529E-6,NO
94,133,0.02575130295093698,YES
95,53,2.653657910828606E-6,NO
96,52,2.653657910828606E-6,NO
97,197,0.9995008071138731,YES
98,533,1.223473482630726E-4,YES
99,183,3.2332948990344724E-6,YES
100,215,3.696613305039712E-6,NO
101,76,2.6216851012679477E-6,NO
102,563,2.0563798059853802E-4,YES
103,257,4.738870632593144E-6,NO
104,55,2.6438602978174864E-6,NO
105,102,2.6534699105910774E-6,NO
106,403,1.822040881702211E-5,NO
107,35,2.711357556951603E-6,NO
108,145,2.8567083356925637E-6,YES
109,119,2.711037417807259E-6,NO
110,108,2.665060574633773E-6,NO
111,91,2.6295721425807242E-6,YES
112,69,2.625239192584781E-6,NO
113,80,2.6225499472861755E-6,NO
114,63,2.6296652944596967E-6,NO
115,160,2.9591560217019853E-6,YES
116,102,2.6534699105910774E-6,YES
117,54,2.6438602978174864E-6,NO
118,267,5.020515902214594E-6,NO
119,55,2.6438602978174864E-6,NO
120,46,2.665280867622635E-6,NO
121,226,3.954607225370408E-6,NO
122,54,2.6438602978174864E-6,NO
123,270,5.172762144985865E-6,NO
124,74,2.622580914626825E-6,NO
125,359,1.131204980486237E-5,NO
126,78,2.6216851012679477E-6,NO
127,180,3.18055842730131E-6,NO
128,57,2.6438602978174864E-6,NO
129,50,2.653657910828606E-6,NO
130,243,4.367688823455547E-6,NO
131,254,4.6086690380389704E-6,NO
132,306,6.729979434501363E-6,NO
133,139,2.799771933981686E-6,NO
134,372,1.2959391083083394E-5,NO
135,75,2.6216851012679477E-6,NO
136,222,3.864072797768553E-6,NO
137,572,2.3996856312155767E-4,NO
138,38,2.694101231302306E-6,NO
139,348,9.933960390296198E-6,NO
140,121,2.3476811657002897E-5,NO
141,62,2.282588037084051E-5,NO
142,52,2.653657910828606E-6,NO
143,158,2.9591560217019853E-6,NO
144,778,0.021398476999638087,YES
145,199,3.4105216116427535E-6,NO
146,115,2.3327672967273296E-5,NO
147,52,2.653657910828606E-6,NO
148,88,2.6295721425807242E-6,NO
149,61,2.635868151677785E-6,NO
150,98,2.6437042084656278E-6,NO
151,28,2.7305572646901588E-6,NO
152,55,2.6438602978174864E-6,NO
153,195,3.4105216116427535E-6,NO
154,28,2.7305572646901588E-6,NO
155,50,2.653657910828606E-6,NO
156,55,2.6438602978174864E-6,NO
157,546,0.0018940550431707447,NO
158,130,2.751350115566401E-6,NO
159,87,2.6251771954917524E-6,NO
160,65,2.6296652944596967E-6,NO
161,140,2.8271475343007304E-6,NO
162,134,2.7745237776789084E-6,NO
163,117,2.693814938149681E-6,NO
164,28,2.7305572646901588E-6,NO
165,57,2.6438602978174864E-6,NO
166,60,2.635868151677785E-6,YES
167,62,2.635868151677785E-6,NO
168,89,2.6295721425807242E-6,YES
169,60,2.635868151677785E-6,NO
170,68,2.625239192584781E-6,YES
171,522,9.892744949618956E-5,NO
172,43,2.6787528112963486E-6,NO
173,247,4.4850552780141084E-6,NO
174,35,2.711357556951603E-6,NO
175,42,2.6787528112963486E-6,NO
176,57,2.6438602978174864E-6,NO
177,125,2.7302026200452E-6,NO
178,61,2.635868151677785E-6,NO
179,92,2.6295721425807242E-6,NO
180,92,2.6295721425807242E-6,NO
181,80,2.6225499472861755E-6,NO
182,101,2.6534699105910774E-6,NO
183,59,2.635868151677785E-6,NO
184,84,2.6251771954917524E-6,NO
185,81,2.6225499472861755E-6,NO
186,173,3.083857742939332E-6,NO
187,197,2.7418017285130583E-5,NO
188,54,2.6438602978174864E-6,NO
189,94,2.6357436569374452E-6,NO
190,69,2.625239192584781E-6,NO
191,69,2.2733838411191863E-5,NO
192,62,2.635868151677785E-6,NO
193,59,2.635868151677785E-6,NO
194,85,2.6251771954917524E-6,NO
195,106,2.665060574633773E-6,NO
196,522,1.0,YES
197,76,1.3432604069359104E-4,NO
198,182,2.7999300644869183E-5,NO
199,145,2.8567083356925637E-6,NO
200,128,2.751350115566401E-6,NO
201,63,2.6296652944596967E-6,NO
202,159,2.9591560217019853E-6,NO
203,99,2.6437042084656278E-6,NO
204,73,2.622580914626825E-6,NO
205,74,2.622580914626825E-6,NO
206,330,8.432953096232865E-6,NO
207,81,2.6225499472861755E-6,NO
208,66,2.6296652944596967E-6,NO
209,245,4.367688823455547E-6,NO
210,91,2.6295721425807242E-6,NO
211,57,2.6438602978174864E-6,NO
212,85,2.6251771954917524E-6,NO
213,94,2.6357436569374452E-6,NO
214,54,2.6438602978174864E-6,NO
215,75,2.6216851012679477E-6,NO
216,137,2.799771933981686E-6,NO
217,133,2.7745237776789084E-6,NO
218,79,2.6216851012679477E-6,NO
219,76,2.6216851012679477E-6,NO
220,81,2.6225499472861755E-6,NO
221,99,2.6437042084656278E-6,NO
222,115,2.693814938149681E-6,NO
223,180,3.18055842730131E-6,NO
224,118,2.711037417807259E-6,NO
225,132,2.7745237776789084E-6,NO
226,94,2.6357436569374452E-6,NO
227,88,2.6295721425807242E-6,NO
228,51,2.653657910828606E-6,NO
229,111,2.67849977680529E-6,NO
