ID, Size, Predicted, Actual
0,28,0.0,NO
1,28,0.0,NO
2,387,0.22,NO
3,1087,0.28,NO
4,25,0.0,NO
5,50,0.01,NO
6,76,0.0,NO
7,38,0.18917460317460322,NO
8,168,0.03,NO
9,268,0.22,NO
10,374,0.6,NO
11,145,0.01,NO
12,85,0.0,NO
13,64,0.0,NO
14,36,0.12956938894438902,NO
15,36,0.12956938894438902,NO
16,36,0.12956938894438902,NO
17,26,0.0,NO
18,491,0.03,NO
19,354,0.05,NO
20,196,0.22,NO
21,24,0.0,NO
22,27,0.0,NO
23,69,1.0,YES
24,56,1.0,YES
25,26,0.0,NO
26,187,0.69,NO
27,983,0.28,NO
28,252,0.01,NO
29,620,0.6,NO
30,37,0.005482142857142858,NO
31,35,9.090909090909091E-4,NO
32,286,0.03,NO
33,232,0.0,NO
34,203,0.01,NO
35,270,0.01,NO
36,425,0.08,NO
37,244,0.03,NO
38,74,0.0,NO
39,69,0.0,NO
40,228,0.0,NO
41,231,0.0,NO
42,202,0.01,NO
43,99,0.53,NO
44,191,0.69,NO
45,447,0.07,YES
46,95,0.01,NO
47,549,0.19,NO
48,136,0.0,NO
49,40,0.2507936507936509,NO
50,86,0.0,NO
51,90,0.0,NO
52,79,0.0,NO
53,85,0.0,NO
54,59,0.0,NO
55,112,0.01,NO
56,52,0.01,NO
57,157,1.0,YES
58,74,0.0,NO
59,230,1.0,YES
60,206,1.0,YES
61,55,0.0,NO
62,29,0.14,NO
63,111,0.06,NO
64,98,0.53,NO
65,43,0.0,NO
66,54,0.0,NO
67,205,0.01,NO
68,121,0.0,NO
69,107,0.19,NO
70,74,0.0,NO
71,76,0.0,NO
72,33,0.0,NO
73,420,0.39,YES
74,146,0.01,NO
75,125,0.0,NO
76,75,0.0,NO
77,47,0.0,NO
78,34,0.0,NO
79,39,0.18450793650793654,NO
80,36,0.12956938894438902,NO
81,79,0.0,NO
82,28,0.0,NO
83,422,0.07,NO
84,212,0.21,NO
85,88,0.0,NO
86,57,0.0,NO
87,43,0.0,NO
88,27,0.0,NO
89,25,0.0,NO
90,53,0.03,NO
91,108,0.99,YES
92,102,1.0,YES
93,85,0.0,NO
94,54,0.0,NO
95,78,0.0,NO
96,98,0.53,NO
97,78,0.0,NO
98,77,0.0,NO
99,97,0.06,NO
100,176,0.1,NO
101,123,0.0,NO
102,51,0.01,NO
103,71,0.5068809523809524,NO
104,94,1.0,YES
