ID, Size, Predicted, Actual
0,28,1.4405070584845863E-4,NO
1,28,1.4405070584845863E-4,NO
2,449,4.798464491362764E-4,NO
3,1311,0.9985632183908044,YES
4,25,2.0576131687242798E-4,NO
5,50,4.798464491362764E-4,NO
6,76,2.4003840614498319E-4,NO
7,38,4.798464491362764E-4,NO
8,175,0.9985632183908044,YES
9,326,0.9985632183908044,YES
10,370,0.9985632183908044,YES
11,145,0.9985632183908044,YES
12,85,1.6005121638924452E-4,NO
13,64,4.798464491362764E-4,NO
14,36,1.029018316526034E-4,NO
15,36,1.029018316526034E-4,NO
16,32,0.9985632183908044,NO
17,26,2.0576131687242798E-4,NO
18,527,0.9985632183908044,YES
19,395,0.9985632183908044,YES
20,213,0.9985632183908044,NO
21,24,7.194244604316547E-4,NO
22,24,2.880184331797235E-4,NO
23,27,2.0576131687242798E-4,NO
24,73,0.9985632183908044,YES
25,56,7.194244604316547E-4,NO
26,30,0.001436781609195402,NO
27,294,0.001436781609195402,NO
28,983,4.798464491362764E-4,NO
29,252,4.798464491362764E-4,NO
30,620,4.798464491362764E-4,NO
31,37,0.9985632183908044,NO
32,35,3.599712023038157E-4,NO
33,286,4.798464491362764E-4,NO
34,232,4.798464491362764E-4,NO
35,203,3.599712023038157E-4,NO
36,270,4.798464491362764E-4,NO
37,425,4.798464491362764E-4,NO
38,244,4.798464491362764E-4,NO
39,74,1.4405070584845863E-4,NO
40,69,2.4003840614498319E-4,NO
41,247,3.599712023038157E-4,NO
42,237,0.001436781609195402,NO
43,202,3.599712023038157E-4,NO
44,99,4.798464491362764E-4,NO
45,191,0.2501799856011519,NO
46,464,0.9985632183908044,YES
47,95,4.798464491362764E-4,NO
48,549,4.798464491362764E-4,NO
49,136,4.798464491362764E-4,NO
50,40,0.20017281105990783,NO
51,86,3.599712023038157E-4,NO
52,105,0.001436781609195402,NO
53,79,0.001436781609195402,NO
54,85,1.6005121638924452E-4,NO
55,72,0.001436781609195402,NO
56,105,4.798464491362764E-4,NO
57,52,4.798464491362764E-4,NO
58,151,0.9985632183908044,YES
59,264,0.001436781609195402,NO
60,183,0.001436781609195402,NO
61,195,0.9985632183908044,YES
62,76,0.001436781609195402,NO
63,250,0.9985632183908044,YES
64,237,0.9985632183908044,YES
65,55,4.798464491362764E-4,NO
66,35,0.001436781609195402,NO
67,110,0.001436781609195402,NO
68,114,0.001436781609195402,NO
69,71,0.2501799856011519,NO
70,54,2.0576131687242798E-4,NO
71,267,0.001436781609195402,NO
72,55,0.9985632183908044,NO
73,46,7.194244604316547E-4,NO
74,226,0.001436781609195402,NO
75,54,4.798464491362764E-4,NO
76,266,0.001436781609195402,NO
77,74,1.4405070584845863E-4,NO
78,359,0.001436781609195402,NO
79,78,0.001436781609195402,NO
80,181,0.9985632183908044,YES
81,57,0.001436781609195402,NO
82,50,0.001436781609195402,NO
83,243,0.001436781609195402,NO
84,253,0.9985632183908044,NO
85,306,0.001436781609195402,NO
86,139,0.001436781609195402,NO
87,375,0.001436781609195402,NO
88,75,0.001436781609195402,NO
89,222,0.001436781609195402,NO
90,28,0.001436781609195402,NO
91,55,4.798464491362764E-4,NO
92,149,0.001436781609195402,NO
93,25,0.001436781609195402,NO
94,50,0.001436781609195402,NO
95,41,0.001436781609195402,NO
96,101,0.9985632183908044,NO
97,81,0.001436781609195402,NO
98,51,0.9985632183908044,NO
99,135,0.001436781609195402,NO
100,117,0.001436781609195402,NO
101,25,0.001436781609195402,NO
102,54,0.9985632183908044,NO
103,60,4.798464491362764E-4,NO
104,62,0.001436781609195402,NO
105,83,0.001436781609195402,NO
106,60,0.001436781609195402,NO
107,63,0.001436781609195402,NO
108,452,0.001436781609195402,NO
109,42,7.194244604316547E-4,NO
110,57,0.001436781609195402,NO
111,156,0.9985632183908044,NO
112,61,0.001436781609195402,NO
113,91,0.001436781609195402,NO
114,93,0.001436781609195402,NO
115,80,0.001436781609195402,NO
116,101,0.001436781609195402,NO
117,59,0.001436781609195402,NO
118,84,0.001436781609195402,NO
119,82,0.001436781609195402,NO
120,132,0.9985632183908044,NO
121,76,2.4003840614498319E-4,NO
122,33,7.194244604316547E-4,NO
123,430,0.9985632183908044,YES
124,153,0.9985632183908044,NO
125,122,0.9985632183908044,NO
126,75,4.798464491362764E-4,NO
127,60,0.9985632183908044,YES
128,34,3.599712023038157E-4,NO
129,39,0.2501799856011519,NO
130,36,1.029018316526034E-4,NO
131,79,2.4003840614498319E-4,NO
132,28,1.4405070584845863E-4,NO
133,438,0.9985632183908044,NO
134,194,0.9985632183908044,NO
135,99,0.001436781609195402,NO
136,55,0.001436781609195402,NO
137,43,2.880184331797235E-4,NO
138,27,2.0576131687242798E-4,NO
139,25,2.0576131687242798E-4,NO
140,53,4.798464491362764E-4,NO
141,108,0.9985632183908044,YES
142,103,0.001436781609195402,NO
143,85,1.6005121638924452E-4,NO
144,54,2.0576131687242798E-4,NO
145,78,2.4003840614498319E-4,NO
146,98,2.880184331797235E-4,NO
147,99,0.001436781609195402,NO
148,79,0.001436781609195402,NO
149,78,0.9985632183908044,YES
150,101,0.9985632183908044,NO
151,177,0.001436781609195402,NO
152,123,4.798464491362764E-4,NO
153,88,0.001436781609195402,NO
154,51,4.798464491362764E-4,NO
155,119,0.001436781609195402,NO
156,124,0.001436781609195402,NO
157,169,0.001436781609195402,NO
