ID, Size, Predicted, Actual
0,45,0.2500716127184188,NO
1,28,1.1938587903822734E-5,NO
2,28,1.1938587903822734E-5,NO
3,449,8.185315543914218E-5,YES
4,1470,2.86368843069874E-4,YES
5,25,2.0465801645450452E-5,NO
6,39,0.08697710342078381,NO
7,47,0.1667303284950344,NO
8,30,0.1250537172324882,NO
9,215,1.4322543683758235E-4,NO
10,50,2.7287363222091847E-5,NO
11,82,6.366588145412873E-5,NO
12,41,0.14291560939674225,NO
13,245,1.4322543683758235E-4,NO
14,227,0.20006875214850467,NO
15,363,1.4322543683758235E-4,NO
16,407,5.724098454493417E-4,NO
17,145,0.07696037378234231,NO
18,49,1.1458691417440128E-4,NO
19,85,0.0312667884388095,NO
20,64,4.092992796332678E-5,NO
21,36,0.055569704880455886,NO
22,37,3.370748643273671E-5,NO
23,83,1.1458691417440128E-4,NO
24,32,7.162297665090961E-5,NO
25,26,3.8201474576918666E-5,NO
26,834,5.724098454493417E-4,YES
27,365,5.724098454493417E-4,NO
28,206,1.1458691417440128E-4,YES
29,24,2.292158525683636E-5,NO
30,24,2.292158525683636E-5,NO
31,27,2.8651653200389662E-5,NO
32,260,5.724098454493417E-4,NO
33,30,0.1250537172324882,NO
34,428,0.20006875214850467,NO
35,972,1.4322543683758235E-4,NO
36,123,5.730002292000916E-5,NO
37,562,1.4322543683758235E-4,NO
38,205,7.162297665090961E-5,NO
39,37,3.370748643273671E-5,NO
40,35,2.292158525683636E-5,NO
41,276,1.4322543683758235E-4,NO
42,316,1.4322543683758235E-4,NO
43,204,1.4322543683758235E-4,NO
44,133,1.1458691417440128E-4,NO
45,285,0.20006875214850467,NO
46,336,1.4322543683758235E-4,NO
47,464,0.20006875214850467,YES
48,294,9.549274255156608E-5,YES
49,76,2.1223762124074112E-5,NO
50,69,0.058853271311558306,NO
51,266,9.549274255156608E-5,NO
52,247,0.09095171120487577,NO
53,217,1.4322543683758235E-4,NO
54,99,0.0666997746113,YES
55,191,0.10004584001833602,NO
56,476,1.4322543683758235E-4,NO
57,95,4.775093114315729E-5,NO
58,550,2.86368843069874E-4,YES
59,136,6.366588145412873E-5,NO
60,33,6.366588145412873E-5,NO
61,464,0.20006875214850467,YES
62,140,1.4322543683758235E-4,NO
63,111,4.4078106404548855E-5,NO
64,34,4.775093114315729E-5,NO
65,39,0.08697710342078381,NO
66,36,0.055569704880455886,NO
67,257,1.9094901661256445E-4,YES
68,61,5.2091472625931135E-5,NO
69,57,2.292158525683636E-5,NO
70,124,1.1458691417440128E-4,NO
71,59,4.775093114315729E-5,NO
72,32,7.162297665090961E-5,NO
73,25,2.0465801645450452E-5,NO
74,53,0.0666997746113,NO
75,53,0.0666997746113,NO
76,88,4.4078106404548855E-5,YES
77,107,0.11116062901890877,NO
78,133,1.1458691417440128E-4,NO
79,169,9.549274255156608E-5,NO
80,80,0.0666997746113,NO
81,29,6.366588145412873E-5,NO
82,588,5.724098454493417E-4,NO
83,162,2.86368843069874E-4,NO
84,39,0.08697710342078381,NO
85,79,2.387660570173344E-5,NO
86,85,0.0312667884388095,NO
87,110,8.185315543914218E-5,NO
88,111,4.4078106404548855E-5,NO
89,53,0.0666997746113,NO
90,52,5.2091472625931135E-5,NO
91,154,1.9094901661256445E-4,YES
92,403,1.4322543683758235E-4,YES
93,183,8.185315543914218E-5,NO
94,215,1.4322543683758235E-4,NO
95,76,2.1223762124074112E-5,NO
96,564,0.9994275901545507,YES
97,257,1.9094901661256445E-4,NO
98,55,0.03335116136919316,NO
99,102,0.1250537172324882,NO
100,403,1.4322543683758235E-4,NO
101,35,2.292158525683636E-5,NO
102,145,0.07696037378234231,NO
103,119,9.549274255156608E-5,NO
104,108,0.2500716127184188,NO
105,91,1.1458691417440128E-4,NO
106,69,0.058853271311558306,NO
107,80,0.0666997746113,NO
108,63,9.549274255156608E-5,NO
109,160,5.724098454493417E-4,NO
110,98,3.370748643273671E-5,YES
111,54,0.030319342907253376,NO
112,267,9.549274255156608E-5,NO
113,55,0.03335116136919316,NO
114,46,7.162297665090961E-5,NO
115,226,9.549274255156608E-5,NO
116,54,0.030319342907253376,NO
117,270,0.09095171120487577,NO
118,74,2.387660570173344E-5,NO
119,359,9.549274255156608E-5,NO
120,78,2.387660570173344E-5,NO
121,180,7.162297665090961E-5,NO
122,57,2.292158525683636E-5,NO
123,50,2.7287363222091847E-5,NO
124,243,0.14291560939674225,NO
125,254,1.4322543683758235E-4,NO
126,306,9.549274255156608E-5,NO
127,139,7.162297665090961E-5,NO
128,375,0.25003581148832543,NO
129,75,0.07146365422396857,NO
130,222,7.162297665090961E-5,NO
131,61,5.2091472625931135E-5,NO
132,98,3.370748643273671E-5,NO
133,28,1.1938587903822734E-5,NO
134,55,0.03335116136919316,NO
135,194,1.1458691417440128E-4,NO
136,28,1.1938587903822734E-5,NO
137,50,2.7287363222091847E-5,NO
138,55,0.03335116136919316,NO
139,124,1.1458691417440128E-4,NO
140,87,8.185315543914218E-5,NO
141,65,1.9094901661256445E-4,NO
142,144,0.2500716127184188,NO
143,134,2.86368843069874E-4,NO
144,117,7.162297665090961E-5,NO
145,28,1.1938587903822734E-5,NO
146,57,2.292158525683636E-5,NO
147,60,4.092992796332678E-5,NO
148,62,9.549274255156608E-5,NO
149,89,1.9094901661256445E-4,NO
150,60,4.092992796332678E-5,NO
151,68,1.9094901661256445E-4,NO
152,522,1.9094901661256445E-4,YES
153,43,3.5814053434567724E-5,NO
154,247,0.09095171120487577,NO
155,35,2.292158525683636E-5,NO
156,42,4.775093114315729E-5,NO
157,57,2.292158525683636E-5,NO
158,117,7.162297665090961E-5,YES
159,61,5.2091472625931135E-5,NO
160,92,0.1667303284950344,NO
161,93,8.185315543914218E-5,NO
162,80,0.0666997746113,NO
163,101,5.730002292000916E-5,NO
164,59,4.775093114315729E-5,NO
165,84,7.162297665090961E-5,NO
166,82,6.366588145412873E-5,NO
167,172,2.86368843069874E-4,YES
168,143,1.1458691417440128E-4,NO
169,78,2.387660570173344E-5,NO
170,66,6.366588145412873E-5,NO
171,66,6.366588145412873E-5,NO
172,310,9.549274255156608E-5,NO
173,86,6.366588145412873E-5,NO
174,66,6.366588145412873E-5,NO
175,85,0.0312667884388095,NO
176,54,0.030319342907253376,NO
177,77,0.1250537172324882,NO
178,137,1.1458691417440128E-4,NO
179,130,0.2500716127184188,YES
180,79,2.387660570173344E-5,NO
181,76,2.1223762124074112E-5,NO
182,81,1.1458691417440128E-4,NO
183,98,3.370748643273671E-5,NO
184,115,1.1458691417440128E-4,NO
185,180,7.162297665090961E-5,NO
186,118,0.1667303284950344,NO
187,132,6.366588145412873E-5,NO
188,95,4.775093114315729E-5,YES
189,88,4.4078106404548855E-5,NO
190,51,4.4078106404548855E-5,NO
191,120,0.1250537172324882,YES
