ID, Size, Predicted, Actual
0,45,0.017737165982885068,YES
1,79,0.0174521032570496,YES
2,67,0.01747534883912857,NO
3,45,0.017737165982885068,YES
4,28,0.018163684314040904,NO
5,28,0.018163684314040904,NO
6,564,0.58220070596692,YES
7,1492,1.0,NO
8,174,0.020770702634631474,NO
9,25,0.018302013488231322,NO
10,39,0.01792552494931594,NO
11,47,0.017737165982885068,NO
12,184,0.021436221529445063,NO
13,30,0.018163684314040904,NO
14,221,0.025511504614846622,NO
15,50,0.01766118230169882,NO
16,101,0.0176599531761765,NO
17,41,0.017825222488514866,NO
18,250,0.029490485622266742,NO
19,227,0.026093639268852588,NO
20,363,0.07419392512785583,NO
21,408,0.11500695875212878,NO
22,145,0.01898691138004109,NO
23,49,0.017737165982885068,NO
24,85,0.017474943355731923,NO
25,64,0.017504296280454607,NO
26,42,0.017825222488514866,NO
27,36,0.01803827118212295,NO
28,37,0.01792552494931594,NO
29,83,0.01745775989531587,NO
30,32,0.018163684314040904,NO
31,26,0.018302013488231322,NO
32,883,0.9996042457217167,YES
33,421,0.13210485122472104,NO
34,213,0.024432907404902577,YES
35,24,0.018302013488231322,NO
36,24,0.018302013488231322,NO
37,27,0.018302013488231322,NO
38,259,0.03197901364068617,NO
39,30,0.018163684314040904,NO
40,428,0.1450816175225718,NO
41,981,0.999981820542922,NO
42,126,0.018161368053734795,NO
43,562,0.5635565258977894,NO
44,226,0.026093639268852588,NO
45,37,0.01792552494931594,NO
46,35,0.01803827118212295,NO
47,283,0.037060272090173325,NO
48,316,0.04842219012840909,NO
49,204,0.023460271092373856,NO
50,133,0.01845075442535311,NO
51,298,0.04216132704397187,NO
52,336,0.05831620980323959,NO
53,701,0.9579089395458809,NO
54,301,0.04216132704397187,NO
55,76,0.0174521032570496,NO
56,69,0.01747534883912857,NO
57,266,0.03289548670611521,NO
58,253,0.03027867375052185,NO
59,217,0.024958359631287605,NO
60,100,0.017596101826903167,NO
61,191,0.0221807609874836,NO
62,476,0.24462462059780793,NO
63,95,0.0175440470013731,NO
64,551,0.5262788978210421,NO
65,136,0.018615531103818958,NO
66,33,0.01803827118212295,NO
67,496,0.30855250800748446,YES
68,156,0.019416626261228493,NO
69,113,0.01782356872763367,NO
70,34,0.01803827118212295,NO
71,39,0.01792552494931594,NO
72,36,0.01803827118212295,NO
73,288,0.03823991592597317,YES
74,75,0.0174521032570496,NO
75,57,0.017597122455319025,NO
76,124,0.018161368053734795,NO
77,59,0.017544861127118824,NO
78,32,0.018163684314040904,NO
79,25,0.018302013488231322,NO
80,53,0.01766118230169882,YES
81,53,0.01766118230169882,NO
82,88,0.01750368706926478,YES
83,107,0.017735725953249685,NO
84,134,0.01845075442535311,NO
85,169,0.020178455290025096,NO
86,94,0.0175440470013731,NO
87,35,0.01803827118212295,NO
88,695,0.9493195126961365,NO
89,162,0.019908208269502976,NO
90,39,0.01792552494931594,NO
91,79,0.0174521032570496,NO
92,85,0.017474943355731923,NO
93,110,0.01782356872763367,NO
94,133,0.9506201615523054,YES
95,53,0.01766118230169882,NO
96,52,0.01766118230169882,NO
97,197,0.9594552401937215,YES
98,533,0.453256309202578,YES
99,183,0.021436221529445063,YES
100,215,0.024432907404902577,NO
101,76,0.0174521032570496,NO
102,563,0.58220070596692,YES
103,257,0.031107484336465905,NO
104,55,0.017597122455319025,NO
105,102,0.0176599531761765,NO
106,403,0.10988187321721433,NO
107,35,0.01803827118212295,NO
108,145,0.01898691138004109,YES
109,119,0.018036179751020773,NO
110,108,0.017735725953249685,NO
111,91,0.01750368706926478,YES
112,69,0.01747534883912857,NO
113,80,0.01745775989531587,NO
114,63,0.017504296280454607,NO
115,160,0.019654441774923162,YES
116,102,0.0176599531761765,YES
117,54,0.017597122455319025,NO
118,267,0.03289548670611521,NO
119,55,0.017597122455319025,NO
120,46,0.017737165982885068,NO
121,226,0.026093639268852588,NO
122,54,0.017597122455319025,NO
123,270,0.03385926511543098,NO
124,74,0.017457962440041556,NO
125,359,0.07118489820956862,NO
126,78,0.0174521032570496,NO
127,180,0.021093961345962975,NO
128,57,0.017597122455319025,NO
129,50,0.01766118230169882,NO
130,243,0.028740945151559862,NO
131,254,0.03027867375052185,NO
132,306,0.04360788519341527,NO
133,139,0.018615531103818958,NO
134,372,0.08071474813883077,NO
135,75,0.0174521032570496,NO
136,222,0.025511504614846622,NO
137,572,0.6192200618886261,NO
138,38,0.01792552494931594,NO
139,348,0.06305958249611793,NO
140,121,0.018036179751020773,NO
141,62,0.017544861127118824,NO
142,52,0.01766118230169882,NO
143,158,0.019654441774923162,NO
144,778,0.9932951516449735,YES
145,199,0.022584673209209333,NO
146,115,0.017923654201037333,NO
147,52,0.01766118230169882,NO
148,88,0.01750368706926478,NO
149,61,0.017544861127118824,NO
150,98,0.017596101826903167,NO
151,28,0.018163684314040904,NO
152,55,0.017597122455319025,NO
153,195,0.022584673209209333,NO
154,28,0.018163684314040904,NO
155,50,0.01766118230169882,NO
156,55,0.017597122455319025,NO
157,546,0.5077547832200159,NO
158,130,0.01829946778825806,NO
159,87,0.017474943355731923,NO
160,65,0.017504296280454607,NO
161,140,0.01879412959795888,NO
162,134,0.01845075442535311,NO
163,117,0.017923654201037333,NO
164,28,0.018163684314040904,NO
165,57,0.017597122455319025,NO
166,60,0.017544861127118824,YES
167,62,0.017544861127118824,NO
168,89,0.01750368706926478,YES
169,60,0.017544861127118824,NO
170,68,0.01747534883912857,YES
171,522,0.40130677997020686,NO
172,43,0.017825222488514866,NO
173,247,0.029490485622266742,NO
174,35,0.01803827118212295,NO
175,42,0.017825222488514866,NO
176,57,0.017597122455319025,NO
177,125,0.018161368053734795,NO
178,61,0.017544861127118824,NO
179,92,0.01750368706926478,NO
180,92,0.01750368706926478,NO
181,80,0.01745775989531587,NO
182,101,0.0176599531761765,NO
183,59,0.017544861127118824,NO
184,84,0.017474943355731923,NO
185,81,0.01745775989531587,NO
186,173,0.020465750716616084,NO
187,197,0.022584673209209333,NO
188,54,0.017597122455319025,NO
189,94,0.0175440470013731,NO
190,69,0.01747534883912857,NO
191,69,0.01747534883912857,NO
192,62,0.017544861127118824,NO
193,59,0.017544861127118824,NO
194,85,0.017474943355731923,NO
195,106,0.017735725953249685,NO
196,522,0.40130677997020686,YES
197,76,0.0174521032570496,NO
198,182,0.021436221529445063,NO
199,145,0.01898691138004109,NO
200,128,0.01829946778825806,NO
201,63,0.017504296280454607,NO
202,159,0.019654441774923162,NO
203,99,0.017596101826903167,NO
204,73,0.017457962440041556,NO
205,74,0.017457962440041556,NO
206,330,0.05404625747793719,NO
207,81,0.01745775989531587,NO
208,66,0.017504296280454607,NO
209,245,0.028740945151559862,NO
210,91,0.01750368706926478,NO
211,57,0.017597122455319025,NO
212,85,0.017474943355731923,NO
213,94,0.0175440470013731,NO
214,54,0.017597122455319025,NO
215,75,0.0174521032570496,NO
216,137,0.018615531103818958,NO
217,133,0.01845075442535311,NO
218,79,0.0174521032570496,NO
219,76,0.0174521032570496,NO
220,81,0.01745775989531587,NO
221,99,0.017596101826903167,NO
222,115,0.017923654201037333,NO
223,180,0.021093961345962975,NO
224,118,0.018036179751020773,NO
225,132,0.01845075442535311,NO
226,94,0.0175440470013731,NO
227,88,0.01750368706926478,NO
228,51,0.01766118230169882,NO
229,111,0.01782356872763367,NO
