ID, Size, Predicted, Actual
0,28,0.04046701541410431,NO
1,28,0.04046701541410431,NO
2,449,0.998278829604131,NO
3,1087,0.04046701541410431,YES
4,25,0.04046701541410431,NO
5,50,0.04046701541410431,NO
6,76,0.04046701541410431,NO
7,38,0.04046701541410431,NO
8,168,0.04046701541410431,YES
9,268,0.04046701541410431,YES
10,371,0.998278829604131,YES
11,145,0.04046701541410431,YES
12,85,0.04046701541410431,NO
13,64,0.04046701541410431,NO
14,36,0.04046701541410431,NO
15,36,0.04046701541410431,NO
16,39,0.04046701541410431,NO
17,26,0.04046701541410431,NO
18,504,0.04046701541410431,NO
19,357,0.9997842037116964,YES
20,196,0.04046701541410431,NO
21,24,0.04046701541410431,NO
22,27,0.04046701541410431,NO
23,69,0.04046701541410431,YES
24,56,0.04046701541410431,NO
25,26,0.04046701541410431,NO
26,187,0.04046701541410431,NO
27,983,0.04046701541410431,NO
28,252,0.04046701541410431,NO
29,620,0.04046701541410431,NO
30,37,0.04046701541410431,NO
31,35,0.04046701541410431,NO
32,286,0.04046701541410431,NO
33,232,0.04046701541410431,NO
34,203,0.04046701541410431,NO
35,270,0.04046701541410431,NO
36,425,0.04046701541410431,NO
37,244,0.04046701541410431,NO
38,74,0.04046701541410431,NO
39,69,0.04046701541410431,NO
40,247,0.9997842037116964,YES
41,231,0.04046701541410431,NO
42,202,0.04046701541410431,NO
43,99,0.04046701541410431,NO
44,191,0.04046701541410431,NO
45,447,0.04046701541410431,YES
46,95,0.04046701541410431,NO
47,549,0.04046701541410431,NO
48,136,0.04046701541410431,NO
49,40,0.04046701541410431,NO
50,86,0.04046701541410431,NO
51,90,0.04046701541410431,NO
52,79,0.04046701541410431,NO
53,85,0.04046701541410431,NO
54,59,0.04046701541410431,NO
55,105,0.0017211703958691911,NO
56,52,0.04046701541410431,NO
57,157,0.04046701541410431,YES
58,74,0.04046701541410431,NO
59,243,0.0017211703958691911,YES
60,227,8.620689655172415E-4,YES
61,55,0.04046701541410431,NO
62,29,0.04046701541410431,NO
63,111,0.33335465302206596,NO
64,113,0.33335465302206596,NO
65,71,0.33335465302206596,NO
66,54,0.04046701541410431,NO
67,205,0.04046701541410431,NO
68,121,0.04046701541410431,NO
69,107,0.04046701541410431,NO
70,74,0.04046701541410431,NO
71,55,0.04046701541410431,NO
72,104,0.04046701541410431,NO
73,61,0.04046701541410431,NO
74,148,0.04046701541410431,NO
75,66,0.04046701541410431,NO
76,87,0.04046701541410431,NO
77,85,0.04046701541410431,NO
78,72,0.04046701541410431,NO
79,54,0.04046701541410431,NO
80,60,0.04046701541410431,NO
81,76,0.04046701541410431,NO
82,33,0.04046701541410431,NO
83,430,0.9996548153261996,YES
84,146,0.04046701541410431,NO
85,125,0.04046701541410431,NO
86,75,0.04046701541410431,NO
87,47,0.04046701541410431,YES
88,34,0.04046701541410431,NO
89,39,0.04046701541410431,NO
90,36,0.04046701541410431,NO
91,79,0.04046701541410431,NO
92,28,0.04046701541410431,NO
93,426,0.3334292289988493,NO
94,212,0.04046701541410431,NO
95,88,0.04046701541410431,NO
96,57,0.04046701541410431,NO
97,43,0.04046701541410431,NO
98,27,0.04046701541410431,NO
99,25,0.04046701541410431,NO
100,53,0.04046701541410431,NO
101,108,0.04046701541410431,YES
102,102,0.04046701541410431,NO
103,85,0.04046701541410431,NO
104,54,0.04046701541410431,NO
105,78,0.04046701541410431,NO
106,98,0.04046701541410431,NO
107,78,0.04046701541410431,NO
108,77,0.04046701541410431,YES
109,97,0.04046701541410431,NO
110,176,0.04046701541410431,NO
111,123,0.04046701541410431,NO
112,51,0.04046701541410431,NO
113,71,0.04046701541410431,NO
114,94,0.04046701541410431,NO
