ID, Size, Predicted, Actual
0,45,1.3801238910164847E-7,YES
1,79,1.3596724348213637E-7,YES
2,67,1.3606034849299693E-7,NO
3,45,1.3801238910164847E-7,YES
4,28,1.412502373645206E-7,NO
5,28,1.412502373645206E-7,NO
6,564,0.058187408846821484,YES
7,1492,1.0,YES
8,174,9.245621987075641E-6,NO
9,25,1.412502373645206E-7,NO
10,39,1.3867846491637912E-7,NO
11,47,1.3743953372237182E-7,NO
12,184,1.6452648636707993E-7,NO
13,30,1.4029577156568192E-7,NO
14,221,1.9481022625085054E-7,NO
15,50,1.3743953372237182E-7,NO
16,101,1.3760361222407697E-7,NO
17,41,1.3867846491637912E-7,NO
18,250,2.2456073684953243E-7,NO
19,227,1.991532444261556E-7,NO
20,363,5.233262891368699E-7,NO
21,408,1.0,YES
22,145,1.4803425979235027E-7,NO
23,49,1.3743953372237182E-7,NO
24,85,1.361144709609314E-7,NO
25,64,1.362698494599026E-7,NO
26,42,1.3867846491637912E-7,NO
27,36,1.3943908628939683E-7,NO
28,37,1.3943908628939683E-7,NO
29,83,1.361144709609314E-7,NO
30,32,1.4029577156568192E-7,NO
31,26,1.412502373645206E-7,NO
32,883,0.9830990258875356,YES
33,421,0.008750171583461364,YES
34,213,1.867730164733793E-7,YES
35,24,1.423044043128683E-7,NO
36,24,1.423044043128683E-7,NO
37,27,1.412502373645206E-7,NO
38,259,2.366923687635741E-7,NO
39,30,1.4029577156568192E-7,NO
40,428,1.0582808094264062E-6,NO
41,981,0.9988580987740994,YES
42,126,0.0017825855387410214,YES
43,562,6.734844241045748E-6,NO
44,226,0.002207067091938128,YES
45,37,1.3943908628939683E-7,NO
46,35,1.3943908628939683E-7,NO
47,283,2.730800497982569E-7,NO
48,316,3.5518593553102567E-7,NO
49,204,1.7953731192787294E-7,NO
50,133,1.4383173901589692E-7,NO
51,298,0.0028017111761718424,YES
52,336,4.1149813415177576E-7,NO
53,701,0.5146739027599908,YES
54,301,3.202649855030186E-7,NO
55,76,1.3590919415559259E-7,NO
56,69,0.0012383164248165796,YES
57,266,2.5013409354474796E-7,NO
58,253,2.3047125404962241E-7,NO
59,217,1.9068681566086089E-7,NO
60,100,1.370950027228712E-7,NO
61,191,1.7003946449246966E-7,NO
62,476,1.947895387308699E-6,NO
63,95,1.3667779546933992E-7,NO
64,551,5.844920057638589E-6,NO
65,136,1.4512403630594049E-7,NO
66,33,1.4029577156568192E-7,NO
67,496,1.0,YES
68,156,1.0,YES
69,113,1.3889925224705208E-7,NO
70,34,1.3943908628939683E-7,NO
71,39,1.3867846491637912E-7,NO
72,36,1.3943908628939683E-7,NO
73,288,0.0027553576241547795,YES
74,75,1.3590919415559259E-7,NO
75,57,1.365691241597816E-7,NO
76,124,1.4155954211090526E-7,NO
77,59,1.365691241597816E-7,NO
78,32,1.4029577156568192E-7,NO
79,25,1.412502373645206E-7,NO
80,53,1.3695876248334737E-7,YES
81,53,1.3695876248334737E-7,NO
82,88,1.3635116625082246E-7,YES
83,107,1.3820463100622643E-7,NO
84,134,1.2044743445932803E-6,NO
85,169,1.5736172088433376E-7,NO
86,94,1.3667779546933992E-7,NO
87,35,1.3943908628939683E-7,NO
88,695,0.500601130543755,YES
89,162,1.532606628959431E-7,NO
90,39,1.3867846491637912E-7,NO
91,79,1.3596724348213637E-7,NO
92,85,1.361144709609314E-7,NO
93,110,1.3889925224705208E-7,NO
94,122,1.405750298730162E-7,YES
95,53,1.3695876248334737E-7,NO
96,52,1.3695876248334737E-7,NO
97,177,1.6199652424927763E-7,YES
98,533,4.4370575796308555E-6,NO
99,183,1.6452648636707993E-7,YES
100,215,1.867730164733793E-7,NO
101,76,1.3590919415559259E-7,NO
102,563,6.734844241045748E-6,YES
103,257,2.366923687635741E-7,NO
104,55,1.3695876248334737E-7,NO
105,102,1.3760361222407697E-7,NO
106,403,7.844887561912815E-7,NO
107,35,1.3943908628939683E-7,NO
108,145,1.4803425979235027E-7,YES
109,119,1.405750298730162E-7,NO
110,108,1.3820463100622643E-7,NO
111,91,1.3635116625082246E-7,YES
112,69,1.3606034849299693E-7,NO
113,80,1.3596724348213637E-7,NO
114,63,1.362698494599026E-7,NO
115,160,1.532606628959431E-7,YES
116,102,1.3760361222407697E-7,YES
117,54,1.3695876248334737E-7,NO
118,267,2.5013409354474796E-7,NO
119,55,1.3695876248334737E-7,NO
120,46,1.3801238910164847E-7,NO
121,226,1.991532444261556E-7,NO
122,54,1.3695876248334737E-7,NO
123,270,2.5739140115804635E-7,NO
124,74,1.3590919415559259E-7,NO
125,359,5.233262891368699E-7,NO
126,78,1.3590919415559259E-7,NO
127,180,1.6199652424927763E-7,NO
128,57,1.365691241597816E-7,NO
129,50,1.3743953372237182E-7,NO
130,243,2.1361000818501396E-7,NO
131,254,2.3047125404962241E-7,NO
132,306,3.3128899501831815E-7,NO
133,139,1.4512403630594049E-7,NO
134,372,5.699680557975047E-7,NO
135,75,1.3590919415559259E-7,NO
136,222,1.9481022625085054E-7,NO
137,572,1.0,NO
138,38,1.3299332187624673E-5,NO
139,348,1.0,NO
140,121,0.03449251562993858,NO
141,62,4.911706495687813E-5,NO
142,52,2.5944453273404163E-5,NO
143,158,0.9536681228902822,NO
144,778,1.0,NO
145,199,0.9999952480717612,NO
146,115,0.01324338986989691,NO
147,52,2.5944453273404163E-5,NO
148,88,5.176388633175991E-4,NO
149,61,1.362698494599026E-7,NO
150,98,1.370950027228712E-7,NO
151,28,1.412502373645206E-7,NO
152,55,1.3695876248334737E-7,NO
153,195,1.7303482086390544E-7,NO
154,28,1.412502373645206E-7,NO
155,50,1.3743953372237182E-7,NO
156,55,1.3695876248334737E-7,NO
157,542,1.0,NO
158,130,1.4264437971451553E-7,NO
159,87,1.3635116625082246E-7,NO
160,65,1.3606034849299693E-7,NO
161,140,1.4512403630594049E-7,NO
162,134,1.4383173901589692E-7,NO
163,117,1.3968885921739163E-7,NO
164,28,1.412502373645206E-7,NO
165,57,1.365691241597816E-7,NO
166,60,1.365691241597816E-7,YES
167,62,1.362698494599026E-7,NO
168,89,1.3635116625082246E-7,NO
169,60,1.365691241597816E-7,NO
170,68,1.3606034849299693E-7,NO
171,522,3.6334576857561588E-6,NO
172,43,1.3801238910164847E-7,NO
173,247,2.1894520342057624E-7,NO
174,35,1.3943908628939683E-7,NO
175,42,1.3867846491637912E-7,NO
176,57,1.365691241597816E-7,NO
177,125,1.4155954211090526E-7,NO
178,61,1.362698494599026E-7,NO
179,92,1.3667779546933992E-7,NO
180,92,1.3667779546933992E-7,NO
181,80,1.3596724348213637E-7,NO
182,101,1.3760361222407697E-7,NO
183,59,1.365691241597816E-7,NO
184,84,1.361144709609314E-7,NO
185,81,1.3596724348213637E-7,NO
186,173,1.5961000859558795E-7,NO
187,193,0.9999802568123326,NO
188,54,3.207407988900473E-5,NO
189,94,9.69918383504433E-4,NO
190,69,8.030853583773767E-5,NO
191,69,8.030853583773767E-5,NO
192,62,4.911706495687813E-5,NO
193,59,4.2266309109070444E-5,NO
194,85,3.974758940751904E-4,NO
195,106,0.004300393273235354,NO
196,65,7.144189437534417E-5,NO
197,182,0.999711590575585,NO
198,145,0.5914531559321086,NO
199,128,0.9998955795414028,YES
200,63,5.0024206952192546E-5,NO
201,159,1.532606628959431E-7,NO
202,99,1.370950027228712E-7,NO
203,73,1.3594020883111733E-7,NO
204,74,1.3590919415559259E-7,NO
205,330,3.962442899951479E-7,NO
206,81,1.3596724348213637E-7,NO
207,66,1.3606034849299693E-7,NO
208,245,2.1894520342057624E-7,NO
209,91,1.3635116625082246E-7,NO
210,57,1.365691241597816E-7,NO
211,85,1.361144709609314E-7,NO
212,94,1.3667779546933992E-7,NO
213,54,1.3695876248334737E-7,NO
214,75,1.3590919415559259E-7,NO
215,137,1.4512403630594049E-7,NO
216,133,1.4383173901589692E-7,NO
217,79,1.3596724348213637E-7,NO
218,76,1.3590919415559259E-7,NO
219,81,1.3596724348213637E-7,NO
220,99,1.370950027228712E-7,NO
221,115,1.3968885921739163E-7,NO
222,180,1.6199652424927763E-7,NO
223,118,1.3968885921739163E-7,NO
224,132,1.4383173901589692E-7,NO
225,94,1.3667779546933992E-7,NO
226,88,1.3635116625082246E-7,NO
227,51,1.3743953372237182E-7,NO
228,111,1.3889925224705208E-7,NO
