ID, Size, Predicted, Actual
0,28,2.848126091736847E-5,NO
1,28,2.848126091736847E-5,NO
2,449,1.1479185005284214E-4,NO
3,1311,1.0,YES
4,25,2.848126091736847E-5,NO
5,50,2.9536918701330193E-5,NO
6,76,3.107058943426715E-5,NO
7,38,2.899107093987311E-5,NO
8,175,0.2545677391846303,YES
9,326,0.8518472757575246,YES
10,370,0.8491716019863489,YES
11,145,0.05553946636255966,YES
12,85,3.17567466811423E-5,NO
13,64,3.0426980746831674E-5,NO
14,36,2.899107093987311E-5,NO
15,36,2.899107093987311E-5,NO
16,32,3.7607227540727357E-4,NO
17,26,2.848126091736847E-5,NO
18,527,0.10221790397123076,YES
19,395,0.9999473838594942,YES
20,213,0.01313470947473876,NO
21,24,2.8140363363335087E-4,NO
22,24,2.848126091736847E-5,NO
23,27,2.848126091736847E-5,NO
24,73,0.37174223220672237,YES
25,56,3.0120487639802588E-5,NO
26,30,2.6438667015997593E-4,NO
27,294,0.0747672695847778,NO
28,983,0.005386088034639522,NO
29,252,5.006095465583977E-5,NO
30,620,3.1305032642060517E-4,NO
31,37,2.6928689609544593E-4,NO
32,35,2.899107093987311E-5,NO
33,286,5.718670292215672E-5,NO
34,232,4.7447558548090065E-5,NO
35,203,4.288598426611216E-5,NO
36,270,5.394256685743785E-5,NO
37,425,1.033753989763336E-4,NO
38,244,4.9163004041682154E-5,NO
39,74,3.107058943426715E-5,NO
40,69,3.074359787360122E-5,NO
41,247,4.9163004041682154E-5,NO
42,237,3.9754888055521946E-4,NO
43,202,4.288598426611216E-5,NO
44,99,3.287063139159489E-5,NO
45,191,4.154074424834071E-5,NO
46,464,0.9352742272465387,YES
47,95,3.2487657369204755E-5,NO
48,549,1.9843581005135844E-4,NO
49,136,3.590928269305723E-5,NO
50,40,2.925938798715678E-5,NO
51,86,3.17567466811423E-5,NO
52,105,8.094718184444219E-4,NO
53,79,2.917329773155698E-4,NO
54,85,3.17567466811423E-5,NO
55,72,4.5620845115721276E-4,NO
56,105,3.326569992592212E-5,NO
57,52,2.982387757568035E-5,NO
58,151,0.9997644245230455,YES
59,264,0.9999999999810393,NO
60,183,0.8169095273455305,NO
61,195,0.9104880483405112,YES
62,76,3.442431187547885E-4,NO
63,250,0.9928907456034795,YES
64,237,1.0,YES
65,55,2.982387757568035E-5,NO
66,35,2.3869249476192626E-4,NO
67,110,3.1144769726722894E-4,NO
68,114,2.798356455270628E-4,NO
69,71,3.074359787360122E-5,NO
70,54,2.982387757568035E-5,NO
71,267,0.0038735919061304966,NO
72,55,8.389498107020382E-4,NO
73,46,6.309914996105084E-4,NO
74,226,0.999999999999973,NO
75,54,8.18673324012538E-4,NO
76,266,1.0,NO
77,74,3.107058943426715E-5,NO
78,359,1.0,NO
79,78,0.0019905071126156363,NO
80,181,0.9999507724015921,YES
81,57,8.929148909526534E-4,NO
82,50,6.841522617773374E-4,NO
83,243,0.9999954305603734,NO
84,253,0.9999383787194179,NO
85,306,0.9999999998661012,NO
86,139,0.04940022837983155,NO
87,375,1.0,NO
88,75,0.015843192573507216,NO
89,222,0.9980978197194385,NO
90,28,3.1111945060641357E-4,NO
91,55,2.982387757568035E-5,NO
92,149,0.8286579743219915,NO
93,25,2.943658812166308E-4,NO
94,50,0.0010398119912177174,NO
95,41,1.7031782004607232E-4,NO
96,101,0.002696061765311599,NO
97,81,3.659347420146471E-4,NO
98,51,7.453818602183953E-5,NO
99,135,0.5324331533257,NO
100,117,0.014921095309100888,NO
101,25,2.943658812166308E-4,NO
102,54,2.779580878725609E-4,NO
103,60,3.0120487639802588E-5,NO
104,62,0.0012307773001211009,NO
105,83,0.0051610288177676945,NO
106,60,0.0011234893485083447,NO
107,63,0.0013152441460909218,NO
108,452,1.0,NO
109,42,4.97940725223535E-4,NO
110,57,0.0010120508257279374,NO
111,156,0.43272530603441145,NO
112,61,0.0011542710979558332,NO
113,91,0.009951383177576024,NO
114,93,0.012236474814093927,NO
115,80,0.0042744250410971935,NO
116,101,0.012771485701427502,NO
117,59,0.0011234893485083447,NO
118,84,0.005356431856420658,NO
119,82,0.004902614826619514,NO
120,132,0.06628506367689595,NO
121,76,3.107058943426715E-5,NO
122,33,2.8731761327679475E-5,NO
123,430,0.886210792402043,YES
124,153,6.596584993818098E-4,NO
125,122,7.188960641497199E-4,NO
126,75,3.107058943426715E-5,NO
127,60,0.3608436440609496,YES
128,34,2.8731761327679475E-5,NO
129,39,2.899107093987311E-5,NO
130,36,2.899107093987311E-5,NO
131,79,3.1408215607972795E-5,NO
132,28,2.848126091736847E-5,NO
133,438,0.25560102864743894,NO
134,194,0.10233836804949668,NO
135,99,0.0013356546493777045,NO
136,55,3.4421816903839594E-4,NO
137,43,2.925938798715678E-5,NO
138,27,2.848126091736847E-5,NO
139,25,2.848126091736847E-5,NO
140,53,2.982387757568035E-5,NO
141,108,0.24481795408848614,YES
142,103,2.731677177949912E-4,NO
143,85,3.17567466811423E-5,NO
144,54,2.982387757568035E-5,NO
145,78,3.1408215607972795E-5,NO
146,98,3.2487657369204755E-5,NO
147,99,0.02027362043028822,NO
148,79,0.0032967009987704345,NO
149,78,0.21440651923723347,YES
150,101,0.0017941231883857763,NO
151,177,3.296511528210375E-4,NO
152,123,3.452680074287298E-5,NO
153,88,0.007736709299248982,NO
154,51,2.982387757568035E-5,NO
155,119,0.0012721215992438219,NO
156,124,0.0013462775693418678,NO
157,169,0.9941852584809845,NO
