ID, Size, Predicted, Actual
0,40,4.019860576431343E-4,NO
1,28,2.8341867693762614E-4,NO
2,28,2.8341867693762614E-4,NO
3,449,1.0,YES
4,1352,1.0,YES
5,25,2.585245281473332E-4,NO
6,39,3.8353936018522097E-4,NO
7,50,5.993942343325295E-4,NO
8,76,0.0030233234440553945,NO
9,40,0.004599658612996906,NO
10,245,0.9999993330271614,NO
11,227,0.9999945768692144,NO
12,363,1.0,NO
13,375,1.0,YES
14,145,0.8459213266693779,NO
15,49,5.54891480569818E-4,NO
16,85,0.005683084736709887,NO
17,64,0.0012731633569048302,NO
18,36,3.559981805824311E-4,NO
19,37,0.0043628853961710104,NO
20,32,3.157068215188886E-4,NO
21,26,2.706689114811029E-4,NO
22,660,1.0,YES
23,398,1.0,YES
24,206,0.9998938369208961,NO
25,24,0.003473303108293032,NO
26,24,0.003473303108293032,NO
27,27,2.706689114811029E-4,NO
28,30,2.8463649117499586E-4,NO
29,428,1.0,NO
30,972,1.0,NO
31,123,1.0,NO
32,562,1.0,NO
33,205,0.999859586479114,NO
34,37,3.6731253869394417E-4,NO
35,35,3.4050966246643784E-4,NO
36,276,0.999999999993413,NO
37,316,1.0,NO
38,204,0.9999082694756977,NO
39,133,0.5379870204265761,NO
40,285,0.9999999999545517,NO
41,336,0.9999999999999997,NO
42,464,1.0,NO
43,294,0.9999999997207178,NO
44,76,0.01796071401341605,NO
45,69,0.0018505567820362402,NO
46,266,0.999999998313763,NO
47,247,0.9999999141973797,NO
48,217,0.999999510429966,NO
49,99,0.02231416840781996,NO
50,191,0.999945117832233,NO
51,476,1.0,NO
52,95,0.015811378813142075,NO
53,549,1.0,YES
54,136,0.6345186085442811,NO
55,33,3.157068215188886E-4,NO
56,478,1.0,YES
57,140,0.7225458449395326,NO
58,111,0.9980884996425141,YES
59,34,3.23863344682782E-4,NO
60,39,3.8353936018522097E-4,NO
61,36,3.559981805824311E-4,NO
62,202,0.9999997144382315,YES
63,106,0.04230317558577016,NO
64,57,0.8902552727796093,YES
65,43,7.123757825984269E-4,NO
66,27,0.00371783305153902,NO
67,25,2.585245281473332E-4,NO
68,53,7.11581457285441E-4,NO
69,88,0.00845563976003004,YES
70,107,0.04230317558577016,NO
71,132,0.21125823420596931,NO
72,169,0.9960130360932872,NO
73,80,0.004362242568861189,NO
74,29,2.858038405237599E-4,NO
75,430,1.0,NO
76,79,0.004021658216156977,NO
77,85,0.005683084736709887,NO
78,110,0.9836998694565325,YES
79,111,0.07277159480271506,NO
80,53,6.843762879896389E-4,NO
81,52,6.672746412097793E-4,NO
82,155,0.9109650032666954,NO
83,270,0.9999999949462249,NO
84,183,0.9996891694211698,NO
85,215,0.9999999632808362,YES
86,76,0.0030233234440553945,NO
87,285,1.0,YES
88,258,1.0,YES
89,55,8.418169652982878E-4,NO
90,102,0.02633366809994472,NO
91,390,1.0,NO
92,35,3.301619196115154E-4,NO
93,145,0.978235953243048,NO
94,119,0.16776213108511992,NO
95,71,0.002146940642243836,NO
96,75,0.0030233234440553945,NO
97,69,0.9302666180600714,YES
98,80,0.004362242568861189,NO
99,63,0.9196087256954746,YES
100,120,0.1834952826216265,NO
101,98,0.9990529810517922,YES
102,54,7.11581457285441E-4,NO
103,267,0.9999999999986232,NO
104,55,7.452523880498908E-4,NO
105,46,5.063949080727882E-4,NO
106,226,0.9999999605290174,NO
107,54,7.11581457285441E-4,NO
108,270,0.9999999999993971,NO
109,74,0.0024809629658702707,NO
110,359,1.0,NO
111,78,0.003236617062529885,NO
112,180,0.9994511680309601,NO
113,57,8.77057364882041E-4,NO
114,50,5.993942343325295E-4,NO
115,243,0.9999999992628018,NO
116,254,0.9999997951115049,NO
117,306,1.0,NO
118,139,0.7103328588233373,NO
119,375,1.0,NO
120,75,0.0026977340463052797,NO
121,222,0.999999896953973,NO
122,28,2.7721378133655335E-4,NO
123,55,8.418169652982878E-4,NO
124,187,0.999994654884582,YES
125,28,0.003585964496071426,NO
126,50,0.9614961534577102,YES
127,41,4.019860576431343E-4,NO
128,113,0.9971660034990482,YES
129,87,0.972380184945243,YES
130,51,6.436809271681393E-4,NO
131,144,0.9999755768682792,YES
132,117,0.12294205977216381,NO
133,28,0.003585964496071426,NO
134,57,0.007388264345896605,NO
135,60,9.892665260639159E-4,NO
136,62,0.0011582658493735013,NO
137,83,0.004889436938178679,NO
138,60,9.892665260639159E-4,NO
139,63,0.0012191795982860645,NO
140,522,1.0,YES
141,43,4.4538779857093876E-4,NO
142,247,0.9999999997743582,NO
143,35,3.4050966246643784E-4,NO
144,42,4.2299466292193414E-4,NO
145,57,9.018107183772637E-4,NO
146,91,0.9999999718254878,YES
147,61,0.0014363960825873364,NO
148,92,0.14623813395855842,NO
149,93,0.011396459987284275,NO
150,80,0.004021658216156977,NO
151,101,0.023787709713254244,NO
152,59,9.408165716456503E-4,NO
153,84,0.005404918603946286,NO
154,82,0.00456020801429978,NO
155,132,0.14259802587547102,NO
156,143,0.815155820341721,NO
157,78,0.0033384126674325457,NO
158,66,0.001559588213505275,NO
159,66,0.001559588213505275,NO
160,85,0.09602028594099686,NO
161,54,7.11581457285441E-4,NO
162,77,0.004005429172777195,NO
163,137,0.6701479706996303,NO
164,99,0.020344492009416223,NO
165,79,0.0029369161599627604,NO
166,76,0.0030233234440553945,NO
167,81,0.08149210696654025,NO
168,98,0.9783053139513695,YES
169,115,0.10929230824307282,NO
170,180,0.982469615772979,NO
171,118,0.1096049792158648,NO
172,64,0.0010353677516612232,NO
173,95,0.8193635735546191,YES
174,88,0.0074612885664716916,NO
175,51,6.436809271681393E-4,NO
176,120,0.34287789766262955,NO
