ID, Size, Predicted, Actual
0,50,0.0275,NO
1,79,0.42214285714285715,NO
2,67,0.18,NO
3,45,0.0077777777777777776,NO
4,28,0.0,NO
5,28,0.0,NO
6,459,0.71,YES
7,1479,0.97,YES
8,25,0.0,NO
9,39,0.3861292611327441,NO
10,47,0.8236857864357864,NO
11,184,0.01,NO
12,30,0.0,NO
13,215,0.0,YES
14,50,0.0,NO
15,82,0.0,NO
16,41,0.0,NO
17,245,0.011964285714285714,NO
18,227,0.15332142857142858,NO
19,363,0.01,NO
20,407,0.0,NO
21,145,0.48408928571428583,NO
22,49,0.0,NO
23,85,0.3006987320482273,NO
24,64,0.0,NO
25,42,0.0,NO
26,36,0.0,NO
27,37,0.0,NO
28,83,0.0,NO
29,32,0.0,NO
30,26,0.0,NO
31,866,0.61,YES
32,376,0.6,YES
33,207,0.58,YES
34,24,0.0,NO
35,24,0.0,NO
36,27,0.0,NO
37,260,0.0,YES
38,30,0.0,NO
39,428,0.0,NO
40,979,0.33,NO
41,123,0.0,NO
42,562,0.16,NO
43,205,0.0,NO
44,37,0.0,NO
45,35,0.0,NO
46,283,0.47060606060606064,NO
47,316,0.0,NO
48,204,0.0,NO
49,133,0.0,NO
50,285,0.7013322510822511,NO
51,336,0.061222222222222226,NO
52,701,0.99,YES
53,301,1.0,YES
54,76,0.0,NO
55,69,0.39405986546843313,NO
56,266,0.0,NO
57,253,0.03,NO
58,217,0.0,NO
59,100,0.99,YES
60,191,0.5322854735134147,NO
61,476,0.06671031746031746,NO
62,95,0.0,NO
63,551,1.0,YES
64,136,0.0,NO
65,33,0.0,NO
66,474,1.0,YES
67,140,0.0,NO
68,111,0.0,NO
69,34,0.0,NO
70,39,0.3861292611327441,NO
71,36,0.0,NO
72,271,0.52,YES
73,75,0.4641666666666666,NO
74,57,0.0,NO
75,124,0.0,NO
76,59,0.0,NO
77,32,0.0,NO
78,25,0.0,NO
79,53,0.0,NO
80,53,0.0,NO
81,88,0.0,YES
82,107,0.0,NO
83,133,0.0,NO
84,169,0.08988492063492064,NO
85,94,0.28,NO
86,35,0.14,NO
87,685,0.64,NO
88,162,0.0587936507936508,NO
89,39,0.3861292611327441,NO
90,79,0.0,NO
91,85,0.3006987320482273,NO
92,110,0.0,NO
93,111,0.0,NO
94,53,0.0,NO
95,52,0.0,NO
96,159,0.98,YES
97,524,0.96,YES
98,183,0.0,NO
99,215,0.33,NO
100,76,0.0,NO
101,563,0.42,NO
102,257,0.35,NO
103,55,0.0,NO
104,102,0.0,NO
105,403,0.0,NO
106,35,0.0,NO
107,145,0.48408928571428583,NO
108,119,0.05386580086580086,NO
109,108,0.7098653568653569,NO
110,91,0.0,NO
111,69,0.39405986546843313,NO
112,80,0.4921995414716001,NO
113,63,0.0,NO
114,160,0.0587936507936508,NO
115,102,0.99,YES
116,54,0.0,NO
117,267,0.08388888888888889,NO
118,55,0.0,NO
119,46,0.030027777777777778,NO
120,226,0.01633333333333333,NO
121,54,0.0,NO
122,270,0.019,NO
123,74,0.0,NO
124,359,0.00625,NO
125,78,0.0,NO
126,180,0.0,NO
127,57,0.0,NO
128,50,0.0,NO
129,243,0.0025,NO
130,254,0.0,NO
131,306,0.0,NO
132,139,0.0,NO
133,372,0.42,NO
134,75,0.5154327649474708,NO
135,222,0.0,NO
136,61,0.0,NO
137,98,0.0,NO
138,28,0.0,NO
139,55,0.0,NO
140,194,0.005,NO
141,28,0.0,NO
142,50,0.0,NO
143,55,0.0,NO
144,124,0.0,NO
145,87,0.0,NO
146,65,0.0,NO
147,140,0.18,NO
148,134,0.0,NO
149,117,0.0,NO
150,28,0.0,NO
151,57,0.0,NO
152,60,0.0,NO
153,62,0.0,NO
154,89,0.0,NO
155,60,0.0,NO
156,68,0.09381547619047621,NO
157,522,0.94,YES
158,43,0.0,NO
159,247,0.5524033042121278,NO
160,35,0.0,NO
161,42,0.0,NO
162,57,0.0,NO
163,125,0.94,YES
164,61,0.0,NO
165,92,0.0,NO
166,92,0.01,NO
167,80,0.4921995414716001,NO
168,101,0.04,NO
169,59,0.0,NO
170,84,0.016934676434676436,NO
171,81,0.01,NO
172,173,1.0,YES
173,151,0.3,NO
174,78,0.0,NO
175,72,0.21,NO
176,73,0.2,NO
177,324,0.87,NO
178,81,0.11,NO
179,66,0.0,NO
180,239,0.94,YES
181,91,0.17,NO
182,57,0.01,NO
183,85,0.3006987320482273,NO
184,94,0.0,NO
185,54,0.0,NO
186,75,0.01,NO
187,137,0.0,NO
188,133,0.94,YES
189,79,0.0,NO
190,76,0.0,NO
191,81,0.005,NO
192,99,0.02,NO
193,115,0.15,NO
194,180,0.0,NO
195,118,0.0,NO
196,132,0.0,NO
197,94,0.98,YES
198,88,0.0,NO
199,51,0.0,NO
200,111,0.98,YES
