ID, Size, Predicted, Actual
0,25,0.40829933549830183,NO
1,25,0.40829933549830183,NO
2,354,0.5272054334554336,YES
3,774,0.62,YES
4,25,0.40829933549830183,NO
5,38,1.0,YES
6,235,1.0,YES
7,199,1.0,YES
8,34,0.40829933549830183,NO
9,36,0.40829933549830183,NO
10,36,0.40829933549830183,NO
11,26,0.40829933549830183,NO
12,441,1.0,YES
13,465,0.5272054334554336,YES
14,191,0.40829933549830183,YES
15,24,0.40829933549830183,NO
16,24,0.40829933549830183,NO
17,52,0.6350079365079365,NO
18,54,0.40829933549830183,NO
19,192,0.40829933549830183,NO
20,300,0.40829933549830183,NO
21,250,0.40829933549830183,NO
22,618,0.9,NO
23,37,0.40829933549830183,NO
24,35,0.40829933549830183,NO
25,279,0.40829933549830183,NO
26,274,0.40829933549830183,NO
27,398,0.40829933549830183,NO
28,238,1.0,YES
29,74,0.40829933549830183,NO
30,69,0.40829933549830183,NO
31,203,0.40829933549830183,NO
32,229,0.40829933549830183,NO
33,202,0.40829933549830183,NO
34,101,1.0,YES
35,165,1.0,YES
36,337,0.40829933549830183,NO
37,94,0.40829933549830183,NO
38,381,1.0,YES
39,138,0.40829933549830183,NO
40,40,0.40829933549830183,NO
41,86,0.40829933549830183,NO
42,90,0.40829933549830183,NO
43,78,0.40829933549830183,NO
44,84,0.40829933549830183,NO
45,59,0.890904761904762,NO
46,111,0.7,NO
47,149,0.18200000000000002,NO
48,74,0.13953571428571426,NO
49,230,0.45,NO
50,208,0.21333333333333335,NO
51,55,0.40829933549830183,NO
52,29,0.40829933549830183,NO
53,110,0.5272054334554336,NO
54,96,0.24766666666666665,NO
55,42,0.40829933549830183,NO
56,36,0.40829933549830183,NO
57,356,0.126,YES
58,100,0.21333333333333335,YES
59,73,0.40829933549830183,YES
60,111,0.03172619047619048,NO
61,99,0.9783333333333333,YES
62,79,0.910904761904762,NO
63,28,0.5272054334554336,NO
64,309,1.0,YES
65,94,0.0,YES
66,45,0.7,YES
67,39,0.5272054334554336,NO
68,40,0.40829933549830183,YES
69,28,0.40829933549830183,NO
70,27,0.40829933549830183,NO
71,71,0.40829933549830183,YES
72,80,0.0,NO
73,40,0.0,YES
74,87,0.40829933549830183,NO
75,53,0.0,YES
76,47,0.0,NO
77,85,0.5272054334554336,NO
78,174,0.126,NO
79,143,0.6350079365079365,NO
80,115,0.13953571428571426,NO
81,220,0.8603095238095239,YES
82,142,0.5272054334554336,YES
83,235,1.0,YES
84,39,0.40829933549830183,NO
85,91,0.7,NO
86,42,0.40829933549830183,NO
87,196,0.03172619047619048,NO
88,42,0.40829933549830183,NO
89,40,0.0,NO
90,39,0.40829933549830183,YES
91,45,0.40829933549830183,NO
92,175,1.0,YES
93,46,0.40829933549830183,NO
94,149,0.21333333333333335,YES
95,292,1.0,YES
96,78,0.9,NO
97,475,0.126,NO
98,163,0.40829933549830183,NO
99,211,0.6350079365079365,NO
100,120,0.40829933549830183,NO
101,849,0.7,NO
