ID, Size, Predicted, Actual
0,50,0.20286691039590501,NO
1,79,0.20528796250739537,NO
2,67,0.204123906089337,NO
3,45,0.20277390667219097,NO
4,28,0.20302409346831127,NO
5,28,0.20302409346831127,NO
6,459,0.6518169656513418,YES
7,1479,1.0,YES
8,25,0.20328415868092192,NO
9,39,0.202769091437582,NO
10,47,0.20286691039590501,NO
11,184,0.24399128237225778,NO
12,30,0.20302409346831127,NO
13,215,0.26417459435507584,YES
14,50,0.20286691039590501,NO
15,82,0.20600562406098435,NO
16,41,0.202769091437582,NO
17,245,0.28941861347319836,NO
18,227,0.27612792283246973,NO
19,363,0.45980372530749575,NO
20,407,0.5467792056963752,NO
21,145,0.22401387789126073,NO
22,49,0.20286691039590501,NO
23,85,0.20600562406098435,NO
24,64,0.20367638595347803,NO
25,42,0.20277390667219097,NO
26,36,0.20285246000822754,NO
27,37,0.202769091437582,NO
28,83,0.20600562406098435,NO
29,32,0.20285246000822754,NO
30,26,0.20328415868092192,NO
31,866,0.9984548744404187,YES
32,376,0.4781538995642785,YES
33,207,0.26047474681658944,YES
34,24,0.20328415868092192,NO
35,24,0.20328415868092192,NO
36,27,0.20302409346831127,NO
37,260,0.30411904173398796,YES
38,30,0.20302409346831127,NO
39,428,0.5882821567811451,NO
40,979,0.9998403581876619,NO
41,123,0.21511042946447717,NO
42,562,0.8490603181387242,NO
43,205,0.25691274574533274,NO
44,37,0.202769091437582,NO
45,35,0.20285246000822754,NO
46,283,0.33193768962248255,NO
47,316,0.3782763312947723,NO
48,204,0.25691274574533274,NO
49,133,0.21836125398186057,NO
50,285,0.33801942650655703,NO
51,336,0.40875349278894196,NO
52,701,0.9999755297756479,YES
53,301,0.9983229518353376,YES
54,76,0.20528796250739537,NO
55,69,0.204123906089337,NO
56,266,0.314736942333361,NO
57,253,0.29905788674667344,NO
58,217,0.2680149475713398,NO
59,100,0.9964942965123665,YES
60,191,0.24702775045083178,NO
61,476,0.6938234193738666,NO
62,95,0.20870969932585054,NO
63,551,0.9998137253890034,YES
64,136,0.2201403145676358,NO
65,33,0.20285246000822754,NO
66,474,0.9995674933303452,YES
67,140,0.22202395195059704,NO
68,111,0.2122594483821109,NO
69,34,0.20285246000822754,NO
70,39,0.202769091437582,NO
71,36,0.20285246000822754,NO
72,271,0.3202984559622113,YES
73,75,0.20466092505426428,NO
74,57,0.20331793090146652,NO
75,124,0.21511042946447717,NO
76,59,0.20331793090146652,NO
77,32,0.20285246000822754,NO
78,25,0.20328415868092192,NO
79,53,0.20304819306123084,NO
80,53,0.20304819306123084,NO
81,88,0.20681460131282528,YES
82,107,0.21098050920022163,NO
83,133,0.21836125398186057,NO
84,169,0.2356233740624666,NO
85,94,0.2077156718655825,NO
86,35,0.20285246000822754,NO
87,685,0.968405827330028,NO
88,162,0.23063971892274304,NO
89,39,0.202769091437582,NO
90,79,0.20528796250739537,NO
91,85,0.20600562406098435,NO
92,110,0.2122594483821109,NO
93,111,0.2122594483821109,NO
94,53,0.20304819306123084,NO
95,52,0.20304819306123084,NO
96,159,0.9968939585468127,YES
97,524,0.9997539632383574,YES
98,183,0.24399128237225778,NO
99,215,0.26417459435507584,NO
100,76,0.20528796250739537,NO
101,563,0.856391998263759,NO
102,257,0.30411904173398796,NO
103,55,0.20304819306123084,NO
104,102,0.20979763327467757,NO
105,403,0.5366164675820055,NO
106,35,0.20285246000822754,NO
107,145,0.22401387789126073,NO
108,119,0.21363565771585472,NO
109,108,0.21098050920022163,NO
110,91,0.2077156718655825,NO
111,69,0.204123906089337,NO
112,80,0.20528796250739537,NO
113,63,0.20367638595347803,NO
114,160,0.23063971892274304,NO
115,102,0.9964942965123665,YES
116,54,0.20304819306123084,NO
117,267,0.314736942333361,NO
118,55,0.20304819306123084,NO
119,46,0.20277390667219097,NO
120,226,0.2719984903074053,NO
121,54,0.20304819306123084,NO
122,270,0.314736942333361,NO
123,74,0.20466092505426428,NO
124,359,0.450868785329707,NO
125,78,0.20528796250739537,NO
126,180,0.24107997156887828,NO
127,57,0.20331793090146652,NO
128,50,0.20286691039590501,NO
129,243,0.28941861347319836,NO
130,254,0.29905788674667344,NO
131,306,0.364132317738779,NO
132,139,0.22202395195059704,NO
133,372,0.4689004070969335,NO
134,75,0.20466092505426428,NO
135,222,0.2719984903074053,NO
136,61,0.20367638595347803,NO
137,98,0.20870969932585054,NO
138,28,0.20302409346831127,NO
139,55,0.20304819306123084,NO
140,194,0.25019181336585916,NO
141,28,0.20302409346831127,NO
142,50,0.20286691039590501,NO
143,55,0.20304819306123084,NO
144,124,0.21511042946447717,NO
145,87,0.20681460131282528,NO
146,65,0.20367638595347803,NO
147,140,0.22202395195059704,NO
148,134,0.2201403145676358,NO
149,117,0.21363565771585472,NO
150,28,0.20302409346831127,NO
151,57,0.20331793090146652,NO
152,60,0.20331793090146652,NO
153,62,0.20367638595347803,NO
154,89,0.20681460131282528,NO
155,60,0.20331793090146652,NO
156,68,0.204123906089337,NO
157,522,0.9997403084031947,YES
158,43,0.20277390667219097,NO
159,247,0.29415860377194014,NO
160,35,0.20285246000822754,NO
161,42,0.20277390667219097,NO
162,57,0.20331793090146652,NO
163,125,0.9966348384323452,YES
164,61,0.20367638595347803,NO
165,92,0.2077156718655825,NO
166,92,0.2077156718655825,NO
167,80,0.20528796250739537,NO
168,101,0.20979763327467757,NO
169,59,0.20331793090146652,NO
170,84,0.20600562406098435,NO
171,81,0.20600562406098435,NO
172,173,0.9970232094106024,YES
173,151,0.22611188560927023,NO
174,78,0.20528796250739537,NO
175,72,0.20466092505426428,NO
176,73,0.20466092505426428,NO
177,324,0.3931509058199283,NO
178,81,0.20600562406098435,NO
179,66,0.204123906089337,NO
180,239,0.997660313829672,YES
181,91,0.2077156718655825,NO
182,57,0.20331793090146652,NO
183,85,0.20600562406098435,NO
184,94,0.2077156718655825,NO
185,54,0.20304819306123084,NO
186,75,0.20466092505426428,NO
187,137,0.2201403145676358,NO
188,133,0.9966677044944257,YES
189,79,0.20528796250739537,NO
190,76,0.20528796250739537,NO
191,81,0.20600562406098435,NO
192,99,0.20870969932585054,NO
193,115,0.21363565771585472,NO
194,180,0.24107997156887828,NO
195,118,0.21363565771585472,NO
196,132,0.21836125398186057,NO
197,94,0.9964499871223871,YES
198,88,0.20681460131282528,NO
199,51,0.20286691039590501,NO
200,111,0.9965455734901365,YES
