ID, Size, Predicted, Actual
0,40,0.03927067092713328,NO
1,28,0.039643500204730925,NO
2,28,0.039643500204730925,NO
3,449,0.280944074463126,YES
4,1352,1.0,YES
5,25,0.039643500204730925,NO
6,39,0.03936374544338243,NO
7,50,0.03920849456824596,NO
8,76,0.03935860265097882,NO
9,40,0.03927067092713328,NO
10,245,0.06905587390620843,NO
11,227,0.05896325904579991,NO
12,363,0.16867925292416983,NO
13,375,0.18271185008480648,YES
14,145,0.04355490527090518,NO
15,49,0.03920849456824596,NO
16,85,0.03963536389960617,NO
17,64,0.0392062987738453,NO
18,36,0.03936374544338243,NO
19,37,0.03936374544338243,NO
20,32,0.039487928275160164,NO
21,26,0.039643500204730925,NO
22,660,0.9998936362178725,YES
23,398,0.20591572145222242,YES
24,206,0.05368667854684172,NO
25,24,0.039643500204730925,NO
26,24,0.039643500204730925,NO
27,27,0.039643500204730925,NO
28,30,0.039487928275160164,NO
29,428,0.2515603915867967,NO
30,972,0.9998605396332747,NO
31,123,2.550754031892795E-5,NO
32,562,0.04001678962132278,NO
33,205,0.05368667854684172,NO
34,37,0.03936374544338243,NO
35,35,0.03936374544338243,NO
36,276,0.09217531521580151,NO
37,316,0.07486642629501414,NO
38,204,0.05821209795119849,NO
39,133,0.04251616967027854,NO
40,285,0.0875496542923541,NO
41,336,0.13906302808406829,NO
42,464,0.3828216436301218,NO
43,294,0.10473911795934018,NO
44,76,0.03935860265097882,NO
45,69,0.03926700576912583,NO
46,266,0.08251785678818722,NO
47,247,0.07575591148612996,NO
48,217,0.06850723297596005,NO
49,99,0.0402896658497124,NO
50,191,0.05043310628686116,NO
51,476,0.3846369520397142,NO
52,95,0.0400390899612653,NO
53,549,0.589147396716811,YES
54,136,0.04301576818010726,NO
55,33,0.039487928275160164,NO
56,478,0.998277156465478,YES
57,140,0.04355490527090518,NO
58,111,0.9792380363681916,YES
59,34,0.039487928275160164,NO
60,39,0.03936374544338243,NO
61,36,0.03936374544338243,NO
62,202,0.9825500659854239,YES
63,106,0.0405734539702477,NO
64,57,0.9764156381540181,YES
65,43,0.03927067092713328,NO
66,27,0.039643500204730925,NO
67,25,0.039643500204730925,NO
68,53,0.03917707611279786,NO
69,88,0.03982115459014887,YES
70,107,0.0405734539702477,NO
71,132,0.04935056610031434,NO
72,169,0.046891967683971136,NO
73,80,0.03948129622963338,NO
74,29,0.039643500204730925,NO
75,430,0.2357668783944187,NO
76,79,0.03948129622963338,NO
77,85,0.03963536389960617,NO
78,110,0.9792380363681916,YES
79,111,0.04089110387829298,NO
80,53,0.03917707611279786,NO
81,52,0.03917707611279786,NO
82,155,0.04856833127110244,NO
83,270,0.07362668894113497,NO
84,183,0.049467266080215275,NO
85,215,0.9867859589844391,YES
86,76,0.03935860265097882,NO
87,285,1.0,YES
88,258,1.0,YES
89,55,0.03917707611279786,NO
90,102,0.0402896658497124,NO
91,390,0.17392152122377424,NO
92,35,0.03936374544338243,NO
93,145,0.04355490527090518,NO
94,119,0.041630990145048986,NO
95,71,0.03926700576912583,NO
96,75,0.03935860265097882,NO
97,69,0.9783620757306886,YES
98,80,0.03948129622963338,NO
99,63,0.9783279579912618,YES
100,120,0.041630990145048986,NO
101,98,0.9825876842798418,YES
102,54,0.03917707611279786,NO
103,267,0.07362668894113497,NO
104,55,0.03917707611279786,NO
105,46,0.03920849456824596,NO
106,226,0.05896325904579991,NO
107,54,0.03917707611279786,NO
108,270,0.07362668894113497,NO
109,74,0.03935860265097882,NO
110,359,0.13542958145182085,NO
111,78,0.03948129622963338,NO
112,180,0.048556611510582985,NO
113,57,0.03917634473083478,NO
114,50,0.03920849456824596,NO
115,243,0.06374451523357628,NO
116,254,0.07297701509096169,NO
117,306,0.09267400471110498,NO
118,139,0.04301576818010726,NO
119,375,0.16467068068592944,NO
120,75,0.03935860265097882,NO
121,222,0.05753391606797902,NO
122,28,0.039643500204730925,NO
123,55,0.03917707611279786,NO
124,187,0.9814272207491505,YES
125,28,0.039643500204730925,NO
126,50,0.9783291938425241,YES
127,41,0.03927067092713328,NO
128,113,0.9774217279060713,YES
129,87,0.9766932810815677,YES
130,51,0.03917707611279786,NO
131,144,0.9805361984091329,YES
132,117,0.04124334520105823,NO
133,28,0.039643500204730925,NO
134,57,0.03917634473083478,NO
135,60,0.03917634473083478,NO
136,62,0.0392062987738453,NO
137,83,0.03963536389960617,NO
138,60,0.03917634473083478,NO
139,63,0.0392062987738453,NO
140,522,0.9990059989150701,YES
141,43,0.03927067092713328,NO
142,247,0.06551674437472364,NO
143,35,0.03936374544338243,NO
144,42,0.03927067092713328,NO
145,57,0.03917634473083478,NO
146,91,0.9125430410421475,YES
147,61,0.042566024857261985,NO
148,92,0.04323119907335053,NO
149,93,0.0400390899612653,NO
150,80,0.03948129622963338,NO
151,101,0.0402896658497124,NO
152,59,0.03917634473083478,NO
153,84,0.03963536389960617,NO
154,82,0.03963536389960617,NO
155,132,0.04614590760335448,NO
156,143,0.04355490527090518,NO
157,78,0.04286353649627963,NO
158,66,0.0392062987738453,NO
159,66,0.0392062987738453,NO
160,85,0.04303021138728918,NO
161,54,0.03917707611279786,NO
162,77,0.04585120409003553,NO
163,137,0.0466860787071053,NO
164,99,0.0402896658497124,NO
165,79,0.03948129622963338,NO
166,76,0.03935860265097882,NO
167,81,0.04286353649627963,NO
168,98,0.9789217025066647,YES
169,115,0.04124334520105823,NO
170,180,0.052673671272490494,NO
171,118,0.044769499039221256,NO
172,64,0.0392062987738453,NO
173,95,0.9769323439106659,YES
174,88,0.03982115459014887,NO
175,51,0.03917707611279786,NO
176,120,0.04833027791518526,NO
