ID, Size, Predicted, Actual
0,28,0.3317197666192171,NO
1,28,0.3317197666192171,NO
2,449,0.8007242851200161,NO
3,1339,0.9999999999894362,YES
4,25,0.3317197666192171,NO
5,50,0.3323227118203576,NO
6,76,0.33671290686324723,NO
7,38,0.33169945842830323,NO
8,178,0.3923054880446104,NO
9,326,0.5876900785699297,NO
10,370,0.6661164735511796,YES
11,145,0.36776357235945684,NO
12,49,0.3323227118203576,NO
13,85,0.33961495970354283,NO
14,64,0.3344687559098396,NO
15,36,0.33169945842830323,NO
16,36,0.33169945842830323,NO
17,32,0.33162920775190263,NO
18,26,0.3317197666192171,NO
19,543,0.9999189876082604,YES
20,395,0.7060356790392135,NO
21,209,0.41803263811956815,NO
22,24,0.33197120135266844,NO
23,24,0.33197120135266844,NO
24,27,0.3317197666192171,NO
25,73,0.33550902994848847,NO
26,56,0.3328761696176854,NO
27,30,0.33162920775190263,NO
28,294,0.5331283706074285,NO
29,983,0.9999654561999504,NO
30,262,0.484282183140004,NO
31,626,0.9735009107883359,NO
32,37,0.33169945842830323,NO
33,35,0.33162920775190263,NO
34,286,0.5161459073294333,NO
35,232,0.44869577384487713,NO
36,203,0.41249489589726185,YES
37,286,0.5161459073294333,NO
38,425,0.764277159666311,NO
39,249,0.46946597746223656,NO
40,74,0.33671290686324723,NO
41,69,0.33550902994848847,NO
42,247,0.46234687056853707,YES
43,237,0.44869577384487713,NO
44,214,0.4237682621942984,NO
45,99,0.3431829110195247,NO
46,191,0.4020099663093972,NO
47,464,0.8262614687693,YES
48,95,0.3413151368643017,NO
49,549,0.9288045864633534,NO
50,136,0.3610637796229044,NO
51,40,0.33169945842830323,NO
52,86,0.33961495970354283,NO
53,105,0.3452195190260761,NO
54,79,0.33671290686324723,NO
55,85,0.33961495970354283,NO
56,72,0.33550902994848847,NO
57,105,0.3452195190260761,NO
58,52,0.3328761696176854,NO
59,151,0.37138691420951025,NO
60,264,0.484282183140004,NO
61,183,0.3970607706088972,NO
62,195,0.4071543116029544,NO
63,76,0.33671290686324723,NO
64,250,0.46946597746223656,NO
65,237,0.44869577384487713,NO
66,55,0.3328761696176854,NO
67,102,0.3452195190260761,NO
68,389,0.6960874741718488,NO
69,35,0.33162920775190263,NO
70,130,0.35798392463813306,YES
71,114,0.3498046021775083,YES
72,71,0.33550902994848847,NO
73,54,0.3328761696176854,NO
74,267,0.49197427385168974,NO
75,55,0.3328761696176854,NO
76,46,0.33193057010222743,NO
77,226,0.435834922327399,NO
78,54,0.3328761696176854,NO
79,266,0.49197427385168974,NO
80,74,0.33671290686324723,NO
81,359,0.646172635849119,NO
82,78,0.33671290686324723,NO
83,181,0.3923054880446104,NO
84,57,0.3328761696176854,NO
85,50,0.3323227118203576,NO
86,243,0.46234687056853707,NO
87,253,0.46946597746223656,NO
88,306,0.5507525000953989,NO
89,139,0.3610637796229044,NO
90,375,0.676113518105865,NO
91,75,0.33671290686324723,NO
92,222,0.435834922327399,NO
93,28,0.3317197666192171,NO
94,55,0.3328761696176854,NO
95,154,0.37138691420951025,NO
96,25,0.3317197666192171,NO
97,50,0.3323227118203576,NO
98,41,0.33193057010222743,NO
99,101,0.3452195190260761,NO
100,84,0.33808123325573775,NO
101,51,0.3323227118203576,NO
102,135,0.3610637796229044,NO
103,117,0.3498046021775083,NO
104,25,0.3317197666192171,NO
105,54,0.3328761696176854,NO
106,60,0.3335913454864261,NO
107,62,0.3335913454864261,NO
108,83,0.33808123325573775,NO
109,60,0.3335913454864261,NO
110,63,0.3344687559098396,NO
111,452,0.8094251604593405,NO
112,43,0.33193057010222743,NO
113,247,0.46234687056853707,NO
114,35,0.33162920775190263,NO
115,42,0.33193057010222743,NO
116,57,0.3328761696176854,NO
117,156,0.37519482926449377,NO
118,61,0.3335913454864261,NO
119,91,0.3413151368643017,NO
120,93,0.3413151368643017,NO
121,80,0.33808123325573775,NO
122,101,0.3452195190260761,NO
123,59,0.3335913454864261,NO
124,84,0.33808123325573775,NO
125,82,0.33808123325573775,NO
126,132,0.35798392463813306,NO
127,76,0.33671290686324723,NO
128,33,0.33162920775190263,NO
129,430,0.7736126760972721,NO
130,153,0.37138691420951025,NO
131,122,0.3523559494662461,NO
132,75,0.33671290686324723,NO
133,60,0.3335913454864261,NO
134,34,0.33162920775190263,NO
135,39,0.33169945842830323,NO
136,36,0.33169945842830323,NO
137,79,0.33671290686324723,NO
138,28,0.3317197666192171,NO
139,438,0.7828069668429792,YES
140,194,0.4071543116029544,NO
141,99,0.3431829110195247,NO
142,55,0.3328761696176854,NO
143,43,0.33193057010222743,NO
144,27,0.3317197666192171,NO
145,25,0.3317197666192171,NO
146,53,0.3328761696176854,NO
147,108,0.34742628264033404,NO
148,103,0.3452195190260761,NO
149,85,0.33961495970354283,NO
150,54,0.3328761696176854,NO
151,79,0.33671290686324723,NO
152,137,0.3610637796229044,NO
153,99,0.3431829110195247,NO
154,79,0.33671290686324723,NO
155,78,0.33671290686324723,NO
156,101,0.3452195190260761,NO
157,177,0.387742757407133,NO
158,123,0.3550818600566292,NO
159,88,0.33961495970354283,NO
160,51,0.3323227118203576,NO
161,119,0.3523559494662461,NO
162,132,0.35798392463813306,NO
163,169,0.38337111386880385,NO
