ID, Size, Predicted, Actual
0,45,1.0355075953370815E-4,YES
1,79,2.5891711543020884E-5,YES
2,67,3.6224010717681983E-4,NO
3,45,1.0355075953370815E-4,YES
4,28,1.2719070590841786E-5,NO
5,28,1.2719070590841786E-5,NO
6,564,0.9999275099644874,YES
7,1492,0.9999275099644874,YES
8,174,7.239557227564346E-4,NO
9,25,2.4998938542592964E-5,NO
10,39,0.27027927290718395,NO
11,47,0.588227768751219,NO
12,184,2.415517379361724E-4,NO
13,30,5.178074170198654E-5,NO
14,221,7.239557227564346E-4,NO
15,50,2.2655394246876453E-5,NO
16,101,6.590090085842363E-5,NO
17,41,9.060926025642473E-5,NO
18,250,2.415517379361724E-4,NO
19,227,9.060926025642473E-5,NO
20,363,1.0355075953370815E-4,NO
21,408,0.9999275099644874,YES
22,145,0.3448353444981682,NO
23,49,9.060926025642473E-5,NO
24,85,0.21277481871602305,NO
25,64,4.8329025923561845E-5,NO
26,42,5.178074170198654E-5,NO
27,36,2.013822960600822E-5,NO
28,37,3.2952622036689666E-5,NO
29,83,1.0355075953370815E-4,NO
30,32,5.178074170198654E-5,NO
31,26,4.26437430926876E-5,NO
32,883,0.9999275099644874,YES
33,421,0.9999275099644874,YES
34,213,3.6224010717681983E-4,YES
35,24,3.0206736098825125E-5,NO
36,24,3.0206736098825125E-5,NO
37,27,3.45216861736676E-5,NO
38,259,7.239557227564346E-4,NO
39,30,5.178074170198654E-5,NO
40,428,9.060926025642473E-5,NO
41,981,0.9999275099644874,YES
42,126,0.9999275099644874,YES
43,562,9.060926025642473E-5,NO
44,226,0.9999275099644874,YES
45,37,3.2952622036689666E-5,NO
46,35,2.1322780829531506E-5,NO
47,283,2.415517379361724E-4,NO
48,316,9.060926025642473E-5,NO
49,204,9.060926025642473E-5,NO
50,133,0.4166717011226831,NO
51,298,0.9999275099644874,YES
52,336,9.060926025642473E-5,NO
53,701,0.9999275099644874,YES
54,301,2.415517379361724E-4,NO
55,76,2.071358375847099E-5,NO
56,69,0.9999275099644874,YES
57,266,8.054318644094244E-5,NO
58,253,1.8118568631083807E-4,NO
59,217,9.060926025642473E-5,NO
60,100,2.415517379361724E-4,NO
61,191,0.43478671999865093,NO
62,476,1.0355075953370815E-4,NO
63,95,0.3846218192162907,NO
64,551,2.415517379361724E-4,NO
65,136,5.576343145262543E-5,NO
66,33,6.040982263051033E-5,NO
67,496,0.9999275099644874,YES
68,156,0.9999275099644874,YES
69,113,7.239557227564346E-4,NO
70,34,5.178074170198654E-5,NO
71,39,0.27027927290718395,NO
72,36,2.013822960600822E-5,NO
73,288,0.9999275099644874,YES
74,75,0.33334138856028833,NO
75,57,1.8124479644393916E-5,NO
76,124,8.054318644094244E-5,NO
77,59,4.26437430926876E-5,NO
78,32,5.178074170198654E-5,NO
79,25,2.4998938542592964E-5,NO
80,53,2.7883270593161095E-5,YES
81,53,2.7883270593161095E-5,NO
82,88,3.8155270574205954E-5,YES
83,107,6.590090085842363E-5,NO
84,134,7.239557227564346E-4,NO
85,169,8.054318644094244E-5,NO
86,94,6.040982263051033E-5,NO
87,35,2.1322780829531506E-5,NO
88,695,0.9999275099644874,YES
89,162,1.2080504963777769E-4,NO
90,39,0.27027927290718395,NO
91,79,2.5891711543020884E-5,NO
92,85,0.21277481871602305,NO
93,110,9.060926025642473E-5,NO
94,122,3.6224010717681983E-4,YES
95,53,2.7883270593161095E-5,NO
96,52,5.576343145262543E-5,NO
97,177,3.6224010717681983E-4,YES
98,533,0.9999275099644874,NO
99,183,8.054318644094244E-5,YES
100,215,0.5555510805736573,NO
101,76,2.071358375847099E-5,NO
102,563,2.415517379361724E-4,YES
103,257,1.4495905485100653E-4,NO
104,55,1.8124479644393916E-5,NO
105,102,5.576343145262543E-5,NO
106,403,0.5555510805736573,NO
107,35,2.1322780829531506E-5,NO
108,145,0.3448353444981682,YES
109,119,8.054318644094244E-5,NO
110,108,0.5555510805736573,NO
111,91,6.590090085842363E-5,YES
112,69,0.3030389574443959,NO
113,80,0.3448353444981682,NO
114,63,8.054318644094244E-5,NO
115,160,1.2080504963777769E-4,YES
116,102,5.576343145262543E-5,YES
117,54,1.9593974459248895E-5,NO
118,267,8.054318644094244E-5,NO
119,55,1.8124479644393916E-5,NO
120,46,7.249003551253728E-5,NO
121,226,8.054318644094244E-5,NO
122,54,1.9593974459248895E-5,NO
123,270,6.040982263051033E-5,NO
124,74,3.151998965825149E-5,NO
125,359,8.054318644094244E-5,NO
126,78,0.32258894348295397,NO
127,180,4.5308735519220915E-5,NO
128,57,1.8124479644393916E-5,NO
129,50,2.2655394246876453E-5,NO
130,243,8.054318644094244E-5,NO
131,254,9.060926025642473E-5,NO
132,306,8.054318644094244E-5,NO
133,139,8.054318644094244E-5,NO
134,372,2.415517379361724E-4,NO
135,75,0.33334138856028833,NO
136,222,8.054318644094244E-5,NO
137,572,7.239557227564346E-4,NO
138,38,7.239557227564346E-4,NO
139,348,7.239557227564346E-4,NO
140,121,7.239557227564346E-4,NO
141,62,7.239557227564346E-4,NO
142,52,7.239557227564346E-4,NO
143,158,7.239557227564346E-4,NO
144,778,7.239557227564346E-4,NO
145,199,0.9999275099644874,NO
146,115,7.239557227564346E-4,NO
147,52,7.239557227564346E-4,NO
148,88,7.239557227564346E-4,NO
149,61,4.26437430926876E-5,NO
150,98,0.3333413885602885,NO
151,28,1.2719070590841786E-5,NO
152,55,1.8124479644393916E-5,NO
153,195,3.6224010717681983E-4,NO
154,28,1.2719070590841786E-5,NO
155,50,2.2655394246876453E-5,NO
156,55,1.8124479644393916E-5,NO
157,542,0.9999275099644874,NO
158,130,0.7692007427676794,NO
159,87,8.054318644094244E-5,NO
160,65,1.0355075953370815E-4,NO
161,140,0.588227768751219,NO
162,134,1.2080504963777769E-4,NO
163,117,0.4999999999999999,NO
164,28,1.2719070590841786E-5,NO
165,57,1.8124479644393916E-5,NO
166,60,3.624764534936725E-5,YES
167,62,8.054318644094244E-5,NO
168,89,1.0355075953370815E-4,NO
169,60,3.624764534936725E-5,NO
170,68,1.0355075953370815E-4,NO
171,522,0.6666505569913589,NO
172,43,4.26437430926876E-5,NO
173,247,0.43478671999865093,NO
174,35,2.1322780829531506E-5,NO
175,42,5.178074170198654E-5,NO
176,57,1.8124479644393916E-5,NO
177,125,1.2080504963777769E-4,NO
178,61,4.26437430926876E-5,NO
179,92,7.249003551253728E-5,NO
180,92,7.249003551253728E-5,NO
181,80,0.3448353444981682,NO
182,101,6.590090085842363E-5,NO
183,59,4.26437430926876E-5,NO
184,84,8.054318644094244E-5,NO
185,81,5.178074170198654E-5,NO
186,173,2.415517379361724E-4,NO
187,193,0.9999275099644874,NO
188,54,7.239557227564346E-4,NO
189,94,7.239557227564346E-4,NO
190,69,0.9999275099644874,NO
191,69,0.9999275099644874,NO
192,62,7.239557227564346E-4,NO
193,59,7.239557227564346E-4,NO
194,85,7.239557227564346E-4,NO
195,106,7.239557227564346E-4,NO
196,65,0.9999275099644874,NO
197,182,7.239557227564346E-4,NO
198,145,0.9999275099644874,NO
199,128,0.9999275099644874,YES
200,63,0.9999275099644874,NO
201,159,3.6224010717681983E-4,NO
202,99,0.4166717011226831,NO
203,73,2.415517379361724E-4,NO
204,74,3.151998965825149E-5,NO
205,330,7.239557227564346E-4,NO
206,81,5.178074170198654E-5,NO
207,66,7.249003551253728E-5,NO
208,245,0.6249886728161202,NO
209,91,6.590090085842363E-5,NO
210,57,1.8124479644393916E-5,NO
211,85,0.21277481871602305,NO
212,94,6.040982263051033E-5,NO
213,54,1.9593974459248895E-5,NO
214,75,0.33334138856028833,NO
215,137,9.060926025642473E-5,NO
216,133,0.4166717011226831,NO
217,79,2.5891711543020884E-5,NO
218,76,2.071358375847099E-5,NO
219,81,5.178074170198654E-5,NO
220,99,0.4166717011226831,NO
221,115,9.060926025642473E-5,NO
222,180,4.5308735519220915E-5,NO
223,118,9.060926025642473E-5,NO
224,132,8.054318644094244E-5,NO
225,94,6.040982263051033E-5,NO
226,88,3.8155270574205954E-5,NO
227,51,5.178074170198654E-5,NO
228,111,0.4000057997073461,NO
