ID, Size, Predicted, Actual
0,40,3.5797033112739875E-5,NO
1,28,3.604369573944274E-5,NO
2,28,3.604369573944274E-5,NO
3,449,3.4761529553114725E-4,YES
4,1470,1.0,NO
5,25,3.6204510646817645E-5,NO
6,39,3.5797033112739875E-5,NO
7,50,3.5648726681718375E-5,NO
8,82,3.589386620448986E-5,NO
9,41,3.5710679909873094E-5,NO
10,245,5.95609564671047E-5,NO
11,227,5.518824033141255E-5,NO
12,363,7.233761070416031E-4,NO
13,407,0.6143867287190706,YES
14,145,3.970760666249215E-5,NO
15,49,3.5648726681718375E-5,NO
16,85,3.602671666126724E-5,NO
17,64,3.5608250605046306E-5,NO
18,36,3.5797033112739875E-5,NO
19,37,3.5797033112739875E-5,NO
20,83,0.0011442687951318657,NO
21,32,3.5907962708474564E-5,NO
22,26,3.6204510646817645E-5,NO
23,686,0.11060778277540931,YES
24,398,2.062116054263972E-4,NO
25,206,4.9266380570655975E-5,YES
26,24,3.6204510646817645E-5,NO
27,24,3.6204510646817645E-5,NO
28,27,3.604369573944274E-5,NO
29,30,3.604369573944274E-5,NO
30,428,2.798024532864996E-4,NO
31,972,0.9056926912618957,NO
32,123,3.802538748254352E-5,NO
33,562,0.001604263840710401,NO
34,205,4.9266380570655975E-5,NO
35,37,3.5797033112739875E-5,NO
36,35,3.5907962708474564E-5,NO
37,276,7.286985531183921E-5,NO
38,316,9.557249216311695E-5,NO
39,204,4.9266380570655975E-5,NO
40,133,3.8804674970193435E-5,NO
41,285,7.766504016871717E-5,NO
42,336,1.157518267635151E-4,NO
43,464,4.119781906230895E-4,NO
44,294,8.300080668456123E-5,NO
45,76,3.578579030537222E-5,NO
46,69,3.564312812702076E-5,NO
47,266,6.855661195889831E-5,NO
48,247,6.117720379909532E-5,NO
49,217,5.263126253631877E-5,NO
50,99,3.657690214764233E-5,NO
51,191,4.639922903130109E-5,NO
52,476,4.912431995322176E-4,NO
53,95,3.636788327913235E-5,NO
54,550,0.0012972743227364467,NO
55,136,3.924022360176035E-5,NO
56,33,3.5907962708474564E-5,NO
57,483,0.7170393010236735,YES
58,140,3.924022360176035E-5,NO
59,111,3.707397584679445E-5,NO
60,34,3.5907962708474564E-5,NO
61,39,3.5797033112739875E-5,NO
62,36,3.5797033112739875E-5,NO
63,210,0.3718023805789795,YES
64,111,2.2051230824405665E-4,NO
65,57,3.5597564164155806E-5,NO
66,43,3.5710679909873094E-5,NO
67,27,3.604369573944274E-5,NO
68,25,3.6204510646817645E-5,NO
69,53,3.561104703353471E-5,NO
70,88,3.602671666126724E-5,YES
71,107,3.681210340121407E-5,NO
72,132,3.8804674970193435E-5,NO
73,169,4.2560537009420085E-5,NO
74,80,3.589386620448986E-5,NO
75,29,3.604369573944274E-5,NO
76,430,2.798024532864996E-4,NO
77,162,0.660476858049063,NO
78,39,2.0698432797133527E-4,NO
79,79,3.589386620448986E-5,NO
80,85,3.602671666126724E-5,NO
81,110,3.707397584679445E-5,NO
82,111,3.707397584679445E-5,NO
83,53,3.561104703353471E-5,NO
84,52,3.561104703353471E-5,NO
85,154,6.254061109952128E-4,NO
86,403,1.0,YES
87,183,4.473267509130095E-5,NO
88,215,5.1449908759388746E-5,NO
89,76,3.578579030537222E-5,NO
90,554,1.0,YES
91,257,5.253307529718126E-4,NO
92,55,3.5597564164155806E-5,NO
93,102,3.657690214764233E-5,NO
94,403,2.1660405475876291E-4,NO
95,35,3.5907962708474564E-5,NO
96,145,3.970760666249215E-5,NO
97,119,3.767998059339519E-5,NO
98,108,0.3440797471295388,YES
99,91,0.30448029041163455,YES
100,69,3.564312812702076E-5,NO
101,80,0.16346140933866812,YES
102,63,3.5608250605046306E-5,NO
103,160,1.0,YES
104,98,3.657690214764233E-5,NO
105,54,3.561104703353471E-5,NO
106,267,6.855661195889831E-5,NO
107,55,3.5597564164155806E-5,NO
108,46,3.5648726681718375E-5,NO
109,226,5.387630066823407E-5,NO
110,54,3.561104703353471E-5,NO
111,270,7.065635632880924E-5,NO
112,74,3.578579030537222E-5,NO
113,359,1.3658049451616502E-4,NO
114,78,3.578579030537222E-5,NO
115,180,4.473267509130095E-5,NO
116,57,3.5597564164155806E-5,NO
117,50,3.5648726681718375E-5,NO
118,243,5.95609564671047E-5,NO
119,254,6.287997687404531E-5,NO
120,306,8.894429648090318E-5,NO
121,139,3.924022360176035E-5,NO
122,375,1.629162359163714E-4,NO
123,75,3.578579030537222E-5,NO
124,222,5.387630066823407E-5,NO
125,61,3.5608250605046306E-5,NO
126,98,3.657690214764233E-5,NO
127,28,3.604369573944274E-5,NO
128,55,3.5597564164155806E-5,NO
129,194,4.7303788334378765E-5,NO
130,28,3.604369573944274E-5,NO
131,50,3.5648726681718375E-5,NO
132,55,3.5597564164155806E-5,NO
133,124,7.062666740498832E-4,NO
134,87,3.602671666126724E-5,NO
135,65,3.564312812702076E-5,NO
136,144,3.970760666249215E-5,NO
137,134,0.07744148640466897,NO
138,117,3.767998059339519E-5,NO
139,28,3.604369573944274E-5,NO
140,57,3.5597564164155806E-5,NO
141,60,3.5608250605046306E-5,NO
142,62,3.5608250605046306E-5,NO
143,89,3.618461412564812E-5,NO
144,60,3.5608250605046306E-5,NO
145,68,3.564312812702076E-5,NO
146,522,9.228448574161122E-4,NO
147,43,3.5710679909873094E-5,NO
148,247,6.117720379909532E-5,NO
149,35,3.5907962708474564E-5,NO
150,42,3.5710679909873094E-5,NO
151,57,3.5597564164155806E-5,NO
152,117,2.3284958109151153E-4,NO
153,61,3.5608250605046306E-5,NO
154,92,1.8364782446604136E-4,NO
155,93,3.636788327913235E-5,NO
156,80,3.589386620448986E-5,NO
157,101,3.657690214764233E-5,NO
158,59,3.5597564164155806E-5,NO
159,84,3.602671666126724E-5,NO
160,82,3.589386620448986E-5,NO
161,172,8.966506699447119E-4,NO
162,143,3.970760666249215E-5,NO
163,78,3.578579030537222E-5,NO
164,66,3.564312812702076E-5,NO
165,66,3.564312812702076E-5,NO
166,85,0.1656897677755985,YES
167,54,3.561104703353471E-5,NO
168,77,3.578579030537222E-5,NO
169,137,3.924022360176035E-5,NO
170,130,3.8400019206868204E-5,NO
171,79,3.589386620448986E-5,NO
172,76,3.578579030537222E-5,NO
173,81,3.589386620448986E-5,NO
174,98,3.657690214764233E-5,NO
175,115,3.7363066121333324E-5,NO
176,180,4.473267509130095E-5,NO
177,118,3.767998059339519E-5,NO
178,64,3.5608250605046306E-5,NO
179,95,3.636788327913235E-5,NO
180,88,3.602671666126724E-5,NO
181,51,3.561104703353471E-5,NO
182,120,3.767998059339519E-5,NO
