ID, Size, Predicted, Actual
0,28,0.0,NO
1,28,0.0,NO
2,449,0.47,NO
3,1339,1.0,YES
4,25,0.0,NO
5,50,0.0,NO
6,76,0.0025,NO
7,38,0.10673949906302846,NO
8,178,0.0075,NO
9,326,0.5075,NO
10,370,0.8427496392496393,YES
11,145,0.7801190476190477,NO
12,49,0.07,NO
13,85,0.0,NO
14,64,0.06,NO
15,36,0.48537631102875084,NO
16,36,0.48537631102875084,NO
17,32,0.01,NO
18,26,0.0,NO
19,543,1.0,YES
20,395,0.09,NO
21,209,0.6013531746031745,NO
22,24,0.0,NO
23,24,0.0,NO
24,27,0.0,NO
25,73,0.98,NO
26,56,0.7819563492063493,NO
27,30,0.8914047619047619,NO
28,294,0.7246666666666667,NO
29,983,0.16241666666666668,NO
30,262,0.31879761904761905,NO
31,626,1.0,NO
32,37,0.0,NO
33,35,0.0033333333333333335,NO
34,286,0.18,NO
35,232,0.02166666666666666,NO
36,203,0.0,YES
37,286,0.18,NO
38,425,0.21,NO
39,249,0.17221428571428568,NO
40,74,0.0,NO
41,69,0.5627745865245866,NO
42,247,0.18476190476190474,YES
43,237,0.6466666666666666,NO
44,214,0.13947619047619048,NO
45,99,0.5825214507714508,NO
46,191,0.7371111111111112,NO
47,464,0.96,YES
48,95,0.11526984126984127,NO
49,549,0.0,NO
50,136,0.02,NO
51,40,0.6295590361221168,NO
52,86,0.0,NO
53,105,0.640700937950938,NO
54,79,0.0,NO
55,85,0.0,NO
56,72,0.48,NO
57,105,0.640700937950938,NO
58,52,0.10832142857142857,NO
59,151,0.4597698412698413,NO
60,264,0.31879761904761905,NO
61,183,0.0075,NO
62,195,0.12,NO
63,76,0.0025,NO
64,250,0.22654761904761903,NO
65,237,0.6466666666666666,NO
66,55,0.4575924353424353,NO
67,102,0.8148492063492063,NO
68,389,0.2,NO
69,35,0.0033333333333333335,NO
70,130,0.69,YES
71,114,0.02,YES
72,71,0.5859866734572616,NO
73,54,0.39981427151280063,NO
74,267,0.5970198412698412,NO
75,55,0.4575924353424353,NO
76,46,0.24386904761904765,NO
77,226,0.71,NO
78,54,0.39981427151280063,NO
79,266,0.40851984126984137,NO
80,74,0.0,NO
81,359,0.33,NO
82,78,0.0,NO
83,181,0.0075,NO
84,57,0.06233333333333333,NO
85,50,0.0,NO
86,243,0.8761428571428571,NO
87,253,0.5401150793650793,NO
88,306,0.6050714285714286,NO
89,139,0.05,NO
90,375,0.6197377344877344,NO
91,75,0.0,NO
92,222,0.14,NO
93,28,0.0,NO
94,55,0.4575924353424353,NO
95,154,0.44878382728382726,NO
96,25,0.0,NO
97,50,0.0,NO
98,41,0.9046266233766234,NO
99,101,0.3288095238095238,NO
100,84,0.0,NO
101,51,0.0,NO
102,135,0.02,NO
103,117,0.62,NO
104,25,0.0,NO
105,54,0.39981427151280063,NO
106,60,0.0,NO
107,62,0.0,NO
108,83,0.0,NO
109,60,0.0,NO
110,63,0.0,NO
111,452,0.36,NO
112,43,0.0,NO
113,247,0.18476190476190474,NO
114,35,0.0033333333333333335,NO
115,42,0.0,NO
116,57,0.06233333333333333,NO
117,156,0.7045017205017204,NO
118,61,0.0,NO
119,91,0.49,NO
120,93,0.35147619047619044,NO
121,80,0.0,NO
122,101,0.3288095238095238,NO
123,59,0.0,NO
124,84,0.0,NO
125,82,0.0,NO
126,132,0.14,NO
127,76,0.0025,NO
128,33,0.0,NO
129,430,0.98,NO
130,153,0.44878382728382726,NO
131,122,0.0,NO
132,75,0.0,NO
133,60,0.0,NO
134,34,0.0,NO
135,39,0.6489304301219936,NO
136,36,0.48537631102875084,NO
137,79,0.0,NO
138,28,0.0,NO
139,438,0.71,YES
140,194,0.72,NO
141,99,0.5825214507714508,NO
142,55,0.4575924353424353,NO
143,43,0.0,NO
144,27,0.0,NO
145,25,0.0,NO
146,53,0.7170079365079365,NO
147,108,0.8950198412698412,NO
148,103,0.36873015873015874,NO
149,85,0.0,NO
150,54,0.39981427151280063,NO
151,79,0.0,NO
152,137,0.02,NO
153,99,0.5825214507714508,NO
154,79,0.0,NO
155,78,0.0,NO
156,101,0.3288095238095238,NO
157,177,0.023,NO
158,123,0.0,NO
159,88,0.0,NO
160,51,0.0,NO
161,119,0.35,NO
162,132,0.14,NO
163,169,0.49865800865800863,NO
