ID, Size, Predicted, Actual
0,28,0.006901029155654054,NO
1,28,0.006901029155654054,NO
2,387,0.9999938327024943,NO
3,1087,1.0,YES
4,25,0.006824639039631157,NO
5,50,0.007154621747325448,NO
6,76,0.0036777555268023275,NO
7,38,0.0027618098984714084,NO
8,168,0.44164112388444565,NO
9,267,0.9999993291891247,YES
10,374,0.9999963259289283,NO
11,145,0.26616104990754286,NO
12,85,0.018037501003759854,NO
13,64,0.037332206805172505,NO
14,36,0.0072819480641963235,NO
15,36,0.0072819480641963235,NO
16,36,0.0072819480641963235,NO
17,26,0.006834901644670463,NO
18,491,1.0,YES
19,354,0.9999999999999942,YES
20,196,0.9950854110367703,YES
21,24,0.006802644433157894,NO
22,27,0.92722871044617,YES
23,55,0.009321888434982627,YES
24,54,0.008978622831459655,YES
25,26,0.8882836892186418,YES
26,187,0.27315930974085556,NO
27,983,1.0,NO
28,252,0.9998350720708263,YES
29,620,1.0,YES
30,37,0.007318479363927209,NO
31,35,0.0072819480641963235,NO
32,286,0.9954098788165084,NO
33,232,0.9911726661454511,NO
34,203,0.9065113470880021,NO
35,270,0.9998149966368483,NO
36,425,1.0,YES
37,244,1.0,YES
38,74,0.013605952635995578,NO
39,69,0.012194412980881456,NO
40,228,0.9999999999990927,YES
41,231,0.9999789247387002,YES
42,202,1.0,YES
43,99,0.9873021712778914,YES
44,191,0.9999983469870309,YES
45,447,1.0,YES
46,95,0.9974157324181454,YES
47,549,1.0,YES
48,136,0.9949986525621213,YES
49,40,0.007572438321726483,NO
50,86,0.01908532318478837,NO
51,90,0.02117613562238735,NO
52,79,0.015796054046446913,NO
53,85,0.017245625857118387,NO
54,59,0.009667540401090448,NO
55,112,0.03548655131274084,NO
56,52,0.008683868234785933,NO
57,157,0.29767994361657263,YES
58,74,0.013440548542595356,NO
59,230,0.8654618701866836,YES
60,211,0.6660001525316591,YES
61,55,0.009321888434982627,NO
62,29,0.006901029155654054,NO
63,111,0.03057458304521474,NO
64,98,0.023342156971687258,NO
65,43,0.007867281951786547,NO
66,54,0.008884882808887442,NO
67,205,0.9187510382064611,NO
68,121,0.06129458842273648,NO
69,107,0.03723544972165081,NO
70,74,0.013440548542595356,NO
71,76,0.003934820425877761,NO
72,412,0.9999996629456237,YES
73,146,0.025958377909113296,NO
74,125,0.07026515886001292,NO
75,75,0.01412982956834633,NO
76,47,0.008199147215750635,NO
77,34,0.007109523890756879,NO
78,39,0.007473730806589345,NO
79,36,0.0072819480641963235,NO
80,79,0.015164363268260886,NO
81,28,0.006901029155654054,NO
82,422,0.9999999999172883,YES
83,211,0.999984213415656,YES
84,88,0.9565402717363207,YES
85,57,0.009667540401090448,NO
86,43,0.9223127497120854,YES
87,27,0.0068277154613072336,NO
88,25,0.9257035365839479,YES
89,53,0.9259718359347711,YES
90,105,0.008359004421737735,YES
91,107,0.009063700519325143,YES
92,85,0.017245625857118387,NO
93,54,0.008884882808887442,NO
94,78,0.014730392729132765,NO
95,98,0.006172255819383288,NO
96,78,0.015391416047308584,NO
97,77,0.014488413150172156,NO
98,97,0.004758426308536323,NO
99,176,0.23746049091940635,NO
100,123,0.04907620640244392,NO
101,51,0.010905182580210419,NO
102,71,0.012372613809351552,NO
103,92,0.018601533246705975,YES
