ID, Size, Predicted, Actual
0,45,0.45154360590390014,YES
1,79,0.0,YES
2,67,0.6602693278943279,NO
3,45,0.45154360590390014,YES
4,28,0.0,NO
5,28,0.0,NO
6,564,0.9101901154401153,YES
7,1492,1.0,NO
8,174,0.0,NO
9,25,0.0,NO
10,39,0.3320258905897082,NO
11,47,0.4840787276449042,NO
12,184,0.0,NO
13,30,0.3772345652283733,NO
14,221,0.0,NO
15,50,0.0,NO
16,101,0.0,NO
17,41,0.46408677107206503,NO
18,250,0.005,NO
19,227,0.4947782625870862,NO
20,363,0.0,NO
21,408,0.6667360694860694,NO
22,145,0.298173426224917,NO
23,49,0.0,NO
24,85,0.14932111645845597,NO
25,64,0.0,NO
26,42,0.0,NO
27,36,0.2997604427667041,NO
28,37,0.0,NO
29,83,0.0,NO
30,32,0.0,NO
31,26,0.0,NO
32,883,1.0,YES
33,421,0.42,NO
34,213,0.004285714285714285,YES
35,24,0.0,NO
36,24,0.0,NO
37,27,0.0,NO
38,259,0.348417526917527,NO
39,30,0.3772345652283733,NO
40,428,0.5019878218187039,NO
41,981,0.03932539682539682,NO
42,126,0.04,NO
43,562,0.0,NO
44,226,0.0,NO
45,37,0.0,NO
46,35,0.0,NO
47,283,0.034972285786931095,NO
48,316,0.01,NO
49,204,0.005,NO
50,133,0.340058084842275,NO
51,298,0.8960782828282828,NO
52,336,0.0,NO
53,701,0.8347752525252524,NO
54,301,0.13147619047619044,NO
55,76,0.0,NO
56,69,0.40514248531464603,NO
57,266,0.0,NO
58,253,0.0,NO
59,217,0.0,NO
60,100,0.6887170052170052,NO
61,191,0.3740385656655007,NO
62,476,0.0,NO
63,95,0.3638468915415509,NO
64,551,0.11309920634920635,NO
65,136,0.0,NO
66,33,0.0,NO
67,496,0.8277698412698413,YES
68,156,0.3697392468642468,NO
69,113,0.11088095238095237,NO
70,34,0.0,NO
71,39,0.3320258905897082,NO
72,36,0.2997604427667041,NO
73,288,1.0,YES
74,75,0.2543377859874843,NO
75,57,0.0,NO
76,124,0.0,NO
77,59,0.0,NO
78,32,0.0,NO
79,25,0.0,NO
80,53,0.22499010139339937,YES
81,53,0.22499010139339937,NO
82,88,0.0,YES
83,107,0.4171721820920737,NO
84,134,0.0,NO
85,169,0.0,NO
86,94,0.3366314942050066,NO
87,35,0.0,NO
88,695,0.8347752525252524,NO
89,162,0.0,NO
90,39,0.3320258905897082,NO
91,79,0.0,NO
92,85,0.14932111645845597,NO
93,110,0.0027272727272727275,NO
94,133,1.0,YES
95,53,0.22499010139339937,NO
96,52,0.0,NO
97,197,1.0,YES
98,533,0.51,YES
99,183,0.0,YES
100,215,0.48989951415188654,NO
101,76,0.0,NO
102,563,0.05621031746031746,YES
103,257,0.0,NO
104,55,0.15933568277005003,NO
105,102,0.3655468019252849,NO
106,403,0.49796786619812944,NO
107,35,0.0,NO
108,145,0.298173426224917,YES
109,119,0.0,NO
110,108,0.5161996753246753,NO
111,91,0.0,YES
112,69,0.40514248531464603,NO
113,80,0.2690577188518197,NO
114,63,0.0,NO
115,160,0.0,YES
116,102,0.3655468019252849,YES
117,54,0.17037898613973346,NO
118,267,0.0,NO
119,55,0.15933568277005003,NO
120,46,0.0,NO
121,226,0.0,NO
122,54,0.17037898613973346,NO
123,270,0.3898200043420631,NO
124,74,0.0,NO
125,359,0.0,NO
126,78,0.23986601053560253,NO
127,180,0.0,NO
128,57,0.0,NO
129,50,0.0,NO
130,243,0.49308790066143005,NO
131,254,0.0,NO
132,306,0.0,NO
133,139,0.0,NO
134,372,0.08973809523809523,NO
135,75,0.2543377859874843,NO
136,222,0.0,NO
137,572,0.6079999999999999,NO
138,38,0.010221813725490194,NO
139,348,0.5973297772488949,NO
140,121,0.0,NO
141,62,0.0,NO
142,52,0.0,NO
143,158,0.03,NO
144,778,0.61,YES
145,199,0.0,NO
146,115,0.01,NO
147,52,0.0,NO
148,88,0.0,NO
149,61,0.0,NO
150,98,0.30038464984672086,NO
151,28,0.0,NO
152,55,0.15933568277005003,NO
153,195,0.0,NO
154,28,0.0,NO
155,50,0.0,NO
156,55,0.15933568277005003,NO
157,546,0.7045714424464424,NO
158,130,0.751256726159977,NO
159,87,0.0,NO
160,65,0.0,NO
161,140,0.47166166431607615,NO
162,134,0.0,NO
163,117,0.44397536845679253,NO
164,28,0.0,NO
165,57,0.0,NO
166,60,0.0,YES
167,62,0.0,NO
168,89,0.0,YES
169,60,0.0,NO
170,68,0.0,YES
171,522,0.5562658624055684,NO
172,43,0.0,NO
173,247,0.37133617244468636,NO
174,35,0.0,NO
175,42,0.0,NO
176,57,0.0,NO
177,125,0.0,NO
178,61,0.0,NO
179,92,0.37534162801422855,NO
180,92,0.37534162801422855,NO
181,80,0.2690577188518197,NO
182,101,0.0,NO
183,59,0.0,NO
184,84,0.0,NO
185,81,0.0,NO
186,173,0.01,NO
187,197,0.0,NO
188,54,0.17037898613973346,NO
189,94,0.3366314942050066,NO
190,69,0.40514248531464603,NO
191,69,0.40514248531464603,NO
192,62,0.0,NO
193,59,0.0,NO
194,85,0.14932111645845597,NO
195,106,0.0691427738927739,NO
196,522,0.5562658624055684,YES
197,76,0.0,NO
198,182,0.0,NO
199,145,0.298173426224917,NO
200,128,1.0,NO
201,63,0.0,NO
202,159,0.0,NO
203,99,0.4999110374531964,NO
204,73,0.6379398518148519,NO
205,74,0.0,NO
206,330,0.0,NO
207,81,0.0,NO
208,66,0.0,NO
209,245,0.5634410638381226,NO
210,91,0.0,NO
211,57,0.0,NO
212,85,0.14932111645845597,NO
213,94,0.3366314942050066,NO
214,54,0.17037898613973346,NO
215,75,0.2543377859874843,NO
216,137,0.0,NO
217,133,0.340058084842275,NO
218,79,0.0,NO
219,76,0.0,NO
220,81,0.0,NO
221,99,0.4999110374531964,NO
222,115,0.01,NO
223,180,0.0,NO
224,118,0.4936052188426431,NO
225,132,0.0,NO
226,94,0.3366314942050066,NO
227,88,0.0,NO
228,51,0.0,NO
229,111,0.29632610470772397,NO
