ID, Size, Predicted, Actual
0,28,0.0,NO
1,28,0.0,NO
2,449,0.71,NO
3,1339,0.97,YES
4,25,0.0,NO
5,50,0.0,NO
6,76,0.05183333333333333,NO
7,38,0.1429491341991342,NO
8,178,0.52,NO
9,326,0.4206666666666667,NO
10,370,0.9284837662337663,YES
11,145,0.8250833333333334,NO
12,49,0.03,NO
13,85,0.0,NO
14,64,0.09737698412698415,NO
15,36,0.0,NO
16,36,0.0,NO
17,32,0.0,NO
18,26,0.0,NO
19,543,0.96,YES
20,395,0.36358333333333337,NO
21,209,0.3,NO
22,24,0.0,NO
23,24,0.0,NO
24,27,0.0,NO
25,73,0.0435,NO
26,56,0.0,NO
27,30,0.03,NO
28,294,0.027999999999999997,NO
29,983,0.19955952380952383,NO
30,262,0.7,NO
31,626,0.53,NO
32,37,0.0,NO
33,35,0.0,NO
34,286,0.027999999999999997,NO
35,232,0.04666666666666666,NO
36,203,0.0,YES
37,286,0.88,NO
38,425,0.11,NO
39,249,0.65,NO
40,74,0.0,NO
41,69,0.6272203907203907,NO
42,247,0.0,YES
43,237,0.01,NO
44,214,0.71,NO
45,99,0.0,NO
46,191,0.7371111111111112,NO
47,464,0.71,YES
48,95,0.0,NO
49,549,0.02,NO
50,136,0.14382142857142857,NO
51,40,0.653708152958153,NO
52,86,0.0,NO
53,105,0.26813888888888887,NO
54,79,0.0,NO
55,85,0.0,NO
56,72,0.7124000721500722,NO
57,105,0.26813888888888887,NO
58,52,0.0,NO
59,151,0.29666666666666663,NO
60,264,0.9074047619047618,NO
61,183,0.08107142857142857,NO
62,195,0.15698809523809526,NO
63,76,0.05183333333333333,NO
64,250,0.00875,NO
65,237,0.01,NO
66,55,0.0,NO
67,102,0.16,NO
68,389,0.42,NO
69,35,0.0,NO
70,130,0.54,YES
71,114,0.15482142857142858,YES
72,71,0.7099000721500721,NO
73,54,0.0,NO
74,267,0.9074047619047618,NO
75,55,0.0,NO
76,46,0.5608888888888888,NO
77,226,0.8989365079365079,NO
78,54,0.0,NO
79,266,0.9074047619047618,NO
80,74,0.0,NO
81,359,0.9229722222222222,NO
82,78,0.0,NO
83,181,0.08107142857142857,NO
84,57,0.0,NO
85,50,0.0,NO
86,243,0.0,NO
87,253,0.00875,NO
88,306,0.018000000000000002,NO
89,139,0.14382142857142857,NO
90,375,0.9284837662337663,NO
91,75,0.0,NO
92,222,0.8989365079365079,NO
93,28,0.0,NO
94,55,0.0,NO
95,154,0.4951428571428571,NO
96,25,0.0,NO
97,50,0.0,NO
98,41,0.3271771284271284,NO
99,101,0.0,NO
100,84,0.25,NO
101,51,0.0,NO
102,135,0.14382142857142857,NO
103,117,0.0,NO
104,25,0.0,NO
105,54,0.0,NO
106,60,0.0,NO
107,62,0.006666666666666665,NO
108,83,0.0,NO
109,60,0.0,NO
110,63,0.027916666666666663,NO
111,452,0.71,NO
112,43,0.01,NO
113,247,0.04,NO
114,35,0.19,NO
115,42,0.03193073593073593,NO
116,57,0.0,NO
117,156,0.8884523809523809,NO
118,61,0.0,NO
119,91,0.0,NO
120,93,0.0,NO
121,80,0.0,NO
122,101,0.0,NO
123,59,0.0,NO
124,84,0.0,NO
125,82,0.0,NO
126,132,0.01,NO
127,76,0.05183333333333333,NO
128,33,0.0,NO
129,430,0.11,NO
130,153,0.8884523809523809,NO
131,122,0.0,NO
132,75,0.0,NO
133,60,0.0,NO
134,34,0.0,NO
135,39,0.6844473304473304,NO
136,36,0.0,NO
137,79,0.0,NO
138,28,0.0,NO
139,438,1.0,YES
140,194,0.15698809523809526,NO
141,99,0.0,NO
142,55,0.0,NO
143,43,0.013142857142857144,NO
144,27,0.0,NO
145,25,0.0,NO
146,53,0.0,NO
147,108,0.8950198412698412,NO
148,103,0.03341666666666667,NO
149,85,0.0,NO
150,54,0.0,NO
151,79,0.18,NO
152,137,0.33666666666666667,NO
153,99,0.0,NO
154,79,0.0,NO
155,78,0.0,NO
156,101,0.0,NO
157,177,0.2583095238095239,NO
158,123,0.0,NO
159,88,0.0,NO
160,51,0.0,NO
161,119,0.0,NO
162,132,0.3,NO
163,169,0.7880198412698413,NO
