ID, Size, Predicted, Actual
0,45,0.11933230658230658,NO
1,79,0.0,NO
2,67,0.24975901875901876,NO
3,45,0.11933230658230658,NO
4,28,0.0,NO
5,28,0.0,NO
6,564,0.0,YES
7,1491,1.0,YES
8,173,0.0033333333333333335,NO
9,25,0.0,NO
10,39,0.0622000060390173,NO
11,47,0.08843857282208678,NO
12,184,0.0,NO
13,30,0.06067938997594741,NO
14,221,0.0,NO
15,50,0.0,NO
16,101,0.0,NO
17,41,0.09012257024021733,NO
18,250,0.00375,NO
19,227,0.09800437062937063,NO
20,363,0.0,NO
21,407,0.0,YES
22,145,0.043767817316575384,NO
23,49,0.0,NO
24,85,0.02253763382454761,NO
25,64,0.0,NO
26,42,0.0,NO
27,36,0.03865772582583696,NO
28,37,0.0,NO
29,83,0.0,NO
30,32,0.0,NO
31,26,0.0,NO
32,883,1.0,YES
33,413,0.54,YES
34,213,0.0,YES
35,24,0.0,NO
36,24,0.0,NO
37,27,0.0,NO
38,259,0.2777380952380952,NO
39,30,0.06067938997594741,NO
40,428,0.11143848471789648,NO
41,979,0.0,YES
42,123,0.0,YES
43,562,0.0,NO
44,205,0.0,YES
45,37,0.0,NO
46,35,0.0,NO
47,283,0.004484848484848485,NO
48,316,0.0,NO
49,204,0.0,NO
50,133,0.0,NO
51,285,0.104282967032967,YES
52,336,0.0,NO
53,701,0.0,YES
54,301,0.10716666666666667,NO
55,76,0.0,NO
56,69,0.04400870510977876,YES
57,266,0.0,NO
58,253,0.0,NO
59,217,0.0,NO
60,100,0.3273888888888889,NO
61,191,0.0686117531419389,NO
62,476,0.0,NO
63,95,0.05865918659944289,NO
64,551,0.043500000000000004,NO
65,136,0.0,NO
66,33,0.0,NO
67,491,0.0,YES
68,143,0.0,YES
69,113,0.07833333333333332,NO
70,34,0.0,NO
71,39,0.0622000060390173,NO
72,36,0.03865772582583696,NO
73,277,0.0,YES
74,75,0.04120936728380471,NO
75,57,0.0,NO
76,124,0.0,NO
77,59,0.0,NO
78,32,0.0,NO
79,25,0.0,NO
80,53,0.040482769016175715,NO
81,53,0.040482769016175715,NO
82,88,0.0,YES
83,107,0.06351680771069317,NO
84,133,1.0,YES
85,169,0.0,NO
86,94,0.06337146722610783,NO
87,35,0.0,NO
88,689,0.0,YES
89,162,0.0,NO
90,39,0.0622000060390173,NO
91,79,0.0,NO
92,85,0.02253763382454761,NO
93,110,0.0,NO
94,122,0.0,NO
95,53,0.040482769016175715,NO
96,52,0.0,NO
97,177,0.0,YES
98,533,1.0,YES
99,183,0.0,YES
100,215,0.08742011828041236,NO
101,76,0.0,NO
102,563,0.0,NO
103,257,0.0,NO
104,55,0.023811469198378347,NO
105,102,0.07607447244018452,NO
106,403,0.11491861569802747,NO
107,35,0.0,NO
108,145,0.043767817316575384,NO
109,119,0.0,NO
110,108,0.10557364857364859,NO
111,91,0.0,NO
112,69,0.04400870510977876,NO
113,80,0.03920407880336944,NO
114,63,0.0,NO
115,160,0.0,NO
116,102,0.07607447244018452,NO
117,54,0.020481277471750083,NO
118,267,0.0,NO
119,55,0.023811469198378347,NO
120,46,0.0,NO
121,226,0.0,NO
122,54,0.020481277471750083,NO
123,270,0.07653049351338154,NO
124,74,0.0,NO
125,359,0.0,NO
126,78,0.02776537968730292,NO
127,180,0.0,NO
128,57,0.0,NO
129,50,0.0,NO
130,243,0.08543824944405436,NO
131,254,0.0,NO
132,306,0.0,NO
133,139,0.0,NO
134,372,0.0195,NO
135,75,0.04120936728380471,NO
136,222,0.0,NO
137,61,0.0,NO
138,98,0.04755099252871205,NO
139,28,0.0,NO
140,55,0.023811469198378347,NO
141,195,0.0,NO
142,28,0.0,NO
143,50,0.0,NO
144,55,0.023811469198378347,NO
145,130,0.36848598623598616,NO
146,87,0.0,NO
147,65,0.0,NO
148,140,0.09030052559688113,NO
149,134,0.0,NO
150,117,0.06499302370316304,NO
151,28,0.0,NO
152,57,0.0,NO
153,60,0.0,NO
154,62,0.0,NO
155,89,0.0,NO
156,60,0.0,NO
157,68,0.0,NO
158,522,0.1421583694083694,NO
159,43,0.0,NO
160,247,0.06031156236974317,NO
161,35,0.0,NO
162,42,0.0,NO
163,57,0.0,NO
164,125,0.0,NO
165,61,0.0,NO
166,92,0.08284441130764658,NO
167,92,0.08284441130764658,NO
168,80,0.03920407880336944,NO
169,101,0.0,NO
170,59,0.0,NO
171,84,0.0,NO
172,81,0.0,NO
173,173,0.0033333333333333335,NO
174,159,0.0,NO
175,99,0.09653715341744354,NO
176,73,0.16764357864357868,NO
177,74,0.0,NO
178,330,0.0,NO
179,81,0.0,NO
180,66,0.0,NO
181,245,0.14371797646797657,NO
182,91,0.0,NO
183,57,0.0,NO
184,85,0.02253763382454761,NO
185,94,0.06337146722610783,NO
186,54,0.020481277471750083,NO
187,75,0.04120936728380471,NO
188,137,0.0,NO
189,133,0.0,NO
190,79,0.0,NO
191,76,0.0,NO
192,81,0.0,NO
193,99,0.09653715341744354,NO
194,115,0.0,NO
195,180,0.0,NO
196,118,0.09414750729147013,NO
197,132,0.0,NO
198,94,0.06337146722610783,NO
199,88,0.0,NO
200,51,0.0,NO
201,111,0.05395823845668104,NO
