ID, Size, Predicted, Actual
0,28,0.001277381285952102,NO
1,28,0.001277381285952102,NO
2,387,0.010039510330979986,NO
3,1087,0.010039510330979986,NO
4,25,0.0020406819827529458,NO
5,50,0.010039510330979986,NO
6,76,0.010039510330979986,NO
7,38,0.588129070340928,NO
8,168,0.010039510330979986,NO
9,268,0.010039510330979986,NO
10,374,0.9989775725593668,NO
11,145,0.010039510330979986,NO
12,85,0.010039510330979986,NO
13,64,0.010039510330979986,NO
14,36,0.588129070340928,NO
15,36,0.588129070340928,NO
16,36,0.588129070340928,NO
17,26,0.0033919075650480335,NO
18,491,0.010039510330979986,NO
19,354,0.010039510330979986,NO
20,196,0.010039510330979986,NO
21,24,0.001277381285952102,NO
22,27,0.0050706621303323735,NO
23,69,0.9989775725593668,YES
24,56,0.9989775725593668,YES
25,26,0.0033919075650480335,NO
26,187,0.9989775725593668,NO
27,983,0.010039510330979986,NO
28,252,0.010039510330979986,NO
29,620,0.9989775725593668,NO
30,37,0.0033919075650480335,NO
31,35,0.002548252392069181,NO
32,286,0.010039510330979986,NO
33,232,0.010039510330979986,NO
34,203,0.0050706621303323735,NO
35,270,0.010039510330979986,NO
36,425,0.010039510330979986,NO
37,244,0.010039510330979986,NO
38,74,0.001701725879408019,NO
39,69,0.0033919075650480335,NO
40,228,0.010039510330979986,NO
41,231,0.010039510330979986,NO
42,202,0.010039510330979986,NO
43,99,0.9989775725593668,NO
44,191,0.9989775725593668,NO
45,447,0.9989775725593668,YES
46,95,0.010039510330979986,NO
47,549,0.010039510330979986,NO
48,136,0.010039510330979986,NO
49,40,0.7139725433253502,NO
50,86,0.0050706621303323735,NO
51,90,0.0050706621303323735,NO
52,79,0.010039510330979986,NO
53,85,0.010039510330979986,NO
54,59,0.010039510330979986,NO
55,112,0.010039510330979986,NO
56,52,0.010039510330979986,NO
57,157,0.9989775725593668,YES
58,74,0.001701725879408019,NO
59,230,0.9989775725593668,YES
60,206,0.9989775725593668,YES
61,55,0.0033919075650480335,NO
62,29,0.0050706621303323735,NO
63,111,0.010039510330979986,NO
64,98,0.010039510330979986,NO
65,43,0.010039510330979986,NO
66,54,0.0020406819827529458,NO
67,205,0.010039510330979986,NO
68,121,0.010039510330979986,NO
69,107,0.010039510330979986,NO
70,74,0.001701725879408019,NO
71,76,0.010039510330979986,NO
72,33,0.010039510330979986,NO
73,420,0.010039510330979986,YES
74,146,0.010039510330979986,NO
75,125,0.010039510330979986,NO
76,75,0.010039510330979986,NO
77,47,0.010039510330979986,NO
78,34,0.0050706621303323735,NO
79,39,0.7139725433253502,NO
80,36,0.588129070340928,NO
81,79,0.010039510330979986,NO
82,28,0.001277381285952102,NO
83,422,0.010039510330979986,NO
84,212,0.010039510330979986,NO
85,88,0.010039510330979986,NO
86,57,0.0050706621303323735,NO
87,43,0.010039510330979986,NO
88,27,0.0050706621303323735,NO
89,25,0.0020406819827529458,NO
90,53,0.010039510330979986,NO
91,108,0.9989775725593668,YES
92,102,0.9989775725593668,YES
93,85,0.010039510330979986,NO
94,54,0.0020406819827529458,NO
95,78,0.0033919075650480335,NO
96,98,0.010039510330979986,NO
97,78,0.0033919075650480335,NO
98,77,0.010039510330979986,NO
99,97,0.010039510330979986,NO
100,176,0.010039510330979986,NO
101,123,0.0050706621303323735,NO
102,51,0.010039510330979986,NO
103,71,0.9083302844736069,NO
104,94,0.9989775725593668,YES
