ID, Size, Predicted, Actual
0,45,0.06668471582981028,YES
1,79,7.099953140309274E-6,YES
2,67,0.14288901780534607,NO
3,45,0.06668471582981028,YES
4,28,3.763855693772701E-6,NO
5,28,3.763855693772701E-6,NO
6,564,0.33336803748047894,YES
7,1492,3.1220730565095225E-4,NO
8,174,7.808839606434484E-5,NO
9,25,7.438041117491298E-6,NO
10,39,0.045460999957400286,NO
11,47,0.07694340982818695,NO
12,184,5.2061640982923784E-5,NO
13,30,0.04546745427695104,NO
14,221,7.808839606434484E-5,NO
15,50,7.099953140309274E-6,NO
16,101,1.4875860940451928E-5,NO
17,41,0.0714476972509818,NO
18,250,4.462492748449284E-5,NO
19,227,0.08335502681314104,NO
20,363,2.8398602788742794E-5,NO
21,408,3.1220730565095225E-4,NO
22,145,0.03449278796953604,NO
23,49,2.6032175769250796E-5,NO
24,85,0.018187291615783526,NO
25,64,1.4875860940451928E-5,NO
26,42,1.2495782673347746E-5,NO
27,36,0.04000574813185715,NO
28,37,1.0077292836052523E-5,NO
29,83,2.6032175769250796E-5,NO
30,32,1.4199704646143361E-5,NO
31,26,1.4199704646143361E-5,NO
32,883,0.999843847595253,YES
33,429,0.0625170838377133,NO
34,213,4.462492748449284E-5,YES
35,24,8.010188960357576E-6,NO
36,24,8.010188960357576E-6,NO
37,27,1.157019056103854E-5,NO
38,259,1.0411244143675169E-4,NO
39,30,0.04546745427695104,NO
40,428,0.08335502681314104,YES
41,981,3.1220730565095225E-4,YES
42,126,3.1220730565095225E-4,NO
43,562,2.8398602788742794E-5,NO
44,226,2.2313459478757588E-5,NO
45,37,1.0077292836052523E-5,NO
46,35,6.007665781537242E-6,NO
47,283,5.2061640982923784E-5,NO
48,316,2.8398602788742794E-5,NO
49,204,2.8398602788742794E-5,NO
50,133,0.04763250673132707,NO
51,298,3.1220730565095225E-4,NO
52,336,2.8398602788742794E-5,NO
53,701,0.2500390441980322,NO
54,301,6.247266820765915E-5,NO
55,76,6.37547736386762E-6,NO
56,69,0.05883163659083392,NO
57,266,2.4029796948215787E-5,NO
58,253,3.904724716907458E-5,NO
59,217,2.8398602788742794E-5,NO
60,100,0.16670137442732194,NO
61,191,0.05883974347194914,NO
62,476,2.8398602788742794E-5,NO
63,95,0.050014057667676734,NO
64,551,6.247266820765915E-5,NO
65,136,1.952438595806162E-5,NO
66,33,1.952438595806162E-5,NO
67,551,0.999687792694349,YES
68,168,0.2500390441980322,NO
69,113,6.247266820765915E-5,NO
70,34,1.6441689548017956E-5,NO
71,39,0.045460999957400286,NO
72,36,0.04000574813185715,NO
73,291,0.999687792694349,YES
74,75,0.030311923131537844,NO
75,57,5.294899423385453E-6,NO
76,124,2.082595747339484E-5,NO
77,59,1.1156978690170702E-5,NO
78,32,1.4199704646143361E-5,NO
79,25,7.438041117491298E-6,NO
80,53,0.999843847595253,YES
81,53,0.027785973376837504,NO
82,88,1.0772263575745171E-5,YES
83,107,0.0625170838377133,NO
84,134,2.8398602788742794E-5,NO
85,169,2.4029796948215787E-5,NO
86,94,0.04001149612005948,NO
87,35,6.007665781537242E-6,NO
88,695,3.1220730565095225E-4,NO
89,162,3.4708965325743644E-5,NO
90,39,0.045460999957400286,NO
91,79,7.099953140309274E-6,NO
92,85,0.018187291615783526,NO
93,110,2.2313459478757588E-5,NO
94,133,0.04763250673132707,NO
95,53,0.027785973376837504,NO
96,52,1.4199704646143361E-5,NO
97,217,2.8398602788742794E-5,NO
98,555,0.999687792694349,YES
99,202,0.999843847595253,YES
100,215,0.07694340982818695,NO
101,76,6.37547736386762E-6,NO
102,563,5.2061640982923784E-5,YES
103,257,2.8398602788742794E-5,NO
104,55,0.017246579769471075,NO
105,102,0.050014057667676734,NO
106,403,0.08335502681314104,NO
107,35,6.007665781537242E-6,NO
108,145,0.03449278796953604,YES
109,119,2.4029796948215787E-5,NO
110,108,0.09093232612955443,NO
111,91,1.7355085039916697E-5,YES
112,69,0.05883163659083392,NO
113,80,0.033343052315894704,NO
114,63,2.082595747339484E-5,NO
115,160,3.904724716907458E-5,YES
116,102,0.050014057667676734,YES
117,54,0.01786252217474255,NO
118,267,2.4029796948215787E-5,NO
119,55,0.017246579769471075,NO
120,46,2.082595747339484E-5,NO
121,226,2.2313459478757588E-5,NO
122,54,0.01786252217474255,NO
123,270,0.05557098229781326,NO
124,74,8.925622785329848E-6,NO
125,359,2.4029796948215787E-5,NO
126,78,0.029420412363556178,NO
127,180,1.4199704646143361E-5,NO
128,57,5.294899423385453E-6,NO
129,50,7.099953140309274E-6,NO
130,243,0.0714476972509818,NO
131,254,2.8398602788742794E-5,NO
132,306,2.4029796948215787E-5,NO
133,139,2.082595747339484E-5,NO
134,372,5.2061640982923784E-5,NO
135,75,0.030311923131537844,NO
136,222,2.082595747339484E-5,NO
137,572,1.561524047470331E-4,NO
138,38,3.904724716907458E-5,NO
139,348,1.561524047470331E-4,NO
140,124,2.082595747339484E-5,NO
141,62,1.8375934875686802E-5,NO
142,53,0.027785973376837504,NO
143,158,1.0411244143675169E-4,NO
144,778,1.561524047470331E-4,YES
145,203,0.1250292854353768,NO
146,115,2.2313459478757588E-5,NO
147,53,0.027785973376837504,NO
148,88,1.0772263575745171E-5,NO
149,61,1.2015187196616523E-5,NO
150,98,0.038472629403566105,NO
151,28,3.763855693772701E-6,NO
152,55,0.017246579769471075,NO
153,195,6.247266820765915E-5,NO
154,28,3.763855693772701E-6,NO
155,50,7.099953140309274E-6,NO
156,55,0.017246579769471075,NO
157,546,3.1220730565095225E-4,NO
158,130,0.22224150498073655,NO
159,87,2.2313459478757588E-5,NO
160,65,2.8398602788742794E-5,NO
161,140,0.07694340982818695,NO
162,134,2.8398602788742794E-5,NO
163,117,0.0625170838377133,NO
164,28,3.763855693772701E-6,NO
165,57,5.294899423385453E-6,NO
166,60,1.1156978690170702E-5,YES
167,62,1.8375934875686802E-5,NO
168,88,0.999687792694349,YES
169,60,1.1156978690170702E-5,NO
170,67,0.9998958875585633,YES
171,522,0.10002499062851432,YES
172,43,1.3582342954159593E-5,NO
173,247,0.05264628993275349,NO
174,35,6.007665781537242E-6,NO
175,42,1.2495782673347746E-5,NO
176,57,5.294899423385453E-6,NO
177,125,3.4708965325743644E-5,NO
178,61,1.2015187196616523E-5,NO
179,92,0.05264628993275349,NO
180,92,0.05264628993275349,NO
181,80,0.033343052315894704,NO
182,101,1.4875860940451928E-5,NO
183,59,1.1156978690170702E-5,NO
184,84,2.082595747339484E-5,NO
185,81,1.3016426730533934E-5,NO
186,173,5.2061640982923784E-5,NO
187,197,3.1220730565095225E-4,NO
188,54,0.01786252217474255,NO
189,94,0.04001149612005948,NO
190,69,0.05883163659083392,NO
191,69,0.05883163659083392,NO
192,62,1.8375934875686802E-5,NO
193,59,1.1156978690170702E-5,NO
194,85,0.018187291615783526,NO
195,106,7.808839606434484E-5,NO
196,522,0.10002499062851432,YES
197,76,6.37547736386762E-6,NO
198,182,1.561524047470331E-4,NO
199,145,0.03449278796953604,NO
200,128,0.5,NO
201,63,2.082595747339484E-5,NO
202,159,6.247266820765915E-5,NO
203,99,0.08001049645744561,NO
204,73,0.1250292854353768,NO
205,74,8.925622785329848E-6,NO
206,330,1.0411244143675169E-4,NO
207,81,1.3016426730533934E-5,NO
208,66,1.7355085039916697E-5,NO
209,245,0.10002499062851432,NO
210,91,1.7355085039916697E-5,NO
211,57,5.294899423385453E-6,NO
212,85,0.018187291615783526,NO
213,94,0.04001149612005948,NO
214,54,0.01786252217474255,NO
215,75,0.030311923131537844,NO
216,137,2.6032175769250796E-5,NO
217,133,0.04763250673132707,NO
218,79,7.099953140309274E-6,NO
219,76,6.37547736386762E-6,NO
220,81,1.3016426730533934E-5,NO
221,102,0.050014057667676734,NO
222,115,2.2313459478757588E-5,NO
223,180,1.4199704646143361E-5,NO
224,118,0.07694340982818695,NO
225,132,1.952438595806162E-5,NO
226,94,0.04001149612005948,NO
227,88,1.0772263575745171E-5,NO
228,51,1.5619630751929024E-5,NO
229,67,0.14288901780534607,NO
230,115,2.2313459478757588E-5,NO
231,179,1.4199704646143361E-5,NO
232,83,2.6032175769250796E-5,NO
233,111,0.041678598391169656,NO
234,218,0.5,NO
235,173,5.2061640982923784E-5,NO
236,166,0.999687792694349,NO
237,104,3.1220730565095225E-4,NO
238,114,0.5,NO
239,51,1.5619630751929024E-5,NO
240,45,0.06668471582981028,NO
241,49,2.6032175769250796E-5,NO
242,41,0.0714476972509818,NO
243,44,0.02632357777047024,NO
244,96,3.1220730565095225E-4,NO
245,31,1.4199704646143361E-5,NO
246,150,1.0411244143675169E-4,NO
247,171,0.33336803748047894,NO
248,122,0.2000374836009246,NO
249,120,0.22224150498073655,NO
250,150,1.0411244143675169E-4,NO
251,39,0.045460999957400286,NO
252,76,6.37547736386762E-6,NO
253,30,0.04546745427695104,NO
254,340,0.999687792694349,NO
255,46,2.082595747339484E-5,NO
256,48,0.999687792694349,NO
257,145,0.03449278796953604,NO
258,31,1.4199704646143361E-5,NO
259,34,1.6441689548017956E-5,NO
260,296,0.14288901780534607,NO
261,45,0.06668471582981028,NO
262,28,3.763855693772701E-6,NO
263,34,1.6441689548017956E-5,NO
