ID, Size, Predicted, Actual
0,45,5.209418628881017E-5,YES
1,79,1.3024564328323218E-5,YES
2,67,1.8228217280349978E-4,NO
3,45,5.209418628881017E-5,YES
4,28,6.398116394533449E-6,NO
5,28,6.398116394533449E-6,NO
6,564,0.9996355685131194,YES
7,1492,0.9996355685131194,YES
8,174,3.6443148688046647E-4,NO
9,25,1.2575452716297786E-5,NO
10,39,0.035726379952590585,NO
11,47,0.12503418725499132,NO
12,184,1.2153621779290228E-4,NO
13,30,2.6048450117218026E-5,NO
14,221,3.6443148688046647E-4,NO
15,50,1.1396530895995259E-5,NO
16,101,3.315210184325686E-5,NO
17,41,4.558300665511897E-5,NO
18,250,1.2153621779290228E-4,NO
19,227,4.558300665511897E-5,NO
20,363,5.209418628881017E-5,NO
21,408,0.9996355685131194,YES
22,145,0.05001641078005908,NO
23,49,4.558300665511897E-5,NO
24,85,0.026324881475652123,NO
25,64,2.431197121462608E-5,NO
26,42,2.6048450117218026E-5,NO
27,36,1.0130275340883765E-5,NO
28,37,1.6576600470775454E-5,NO
29,83,5.209418628881017E-5,NO
30,32,2.6048450117218026E-5,NO
31,26,2.1451862021623477E-5,NO
32,883,0.9996355685131194,YES
33,421,0.9996355685131194,YES
34,213,1.8228217280349978E-4,YES
35,24,1.51952590791673E-5,NO
36,24,1.51952590791673E-5,NO
37,27,1.7365934981939426E-5,NO
38,259,3.6443148688046647E-4,NO
39,30,2.6048450117218026E-5,NO
40,428,4.558300665511897E-5,NO
41,981,0.9996355685131194,YES
42,126,0.9996355685131194,YES
43,562,4.558300665511897E-5,NO
44,226,0.9996355685131194,YES
45,37,1.6576600470775454E-5,NO
46,35,1.0726161106939826E-5,NO
47,283,1.2153621779290228E-4,NO
48,316,4.558300665511897E-5,NO
49,204,4.558300665511897E-5,NO
50,133,0.06668773704171933,NO
51,298,0.9996355685131194,YES
52,336,4.558300665511897E-5,NO
53,701,0.9996355685131194,YES
54,301,1.2153621779290228E-4,NO
55,76,1.0419705747509691E-5,NO
56,69,0.9996355685131194,YES
57,266,4.051863857374392E-5,NO
58,253,9.115770282588878E-5,NO
59,217,4.558300665511897E-5,NO
60,100,1.2153621779290228E-4,NO
61,191,0.07145089867152904,NO
62,476,5.209418628881017E-5,NO
63,95,0.05884245752531319,NO
64,551,1.2153621779290228E-4,NO
65,136,2.8052064631956913E-5,NO
66,33,3.0389594602807997E-5,NO
67,496,0.9996355685131194,YES
68,156,0.9996355685131194,YES
69,113,3.6443148688046647E-4,NO
70,34,2.6048450117218026E-5,NO
71,39,0.035726379952590585,NO
72,36,1.0130275340883765E-5,NO
73,288,0.9996355685131194,YES
74,75,0.047634759655459845,NO
75,57,9.11726627887894E-6,NO
76,124,4.051863857374392E-5,NO
77,59,2.1451862021623477E-5,NO
78,32,2.6048450117218026E-5,NO
79,25,1.2575452716297786E-5,NO
80,53,1.4026425786181165E-5,YES
81,53,1.4026425786181165E-5,NO
82,88,1.9193857965451055E-5,YES
83,107,3.315210184325686E-5,NO
84,134,3.6443148688046647E-4,NO
85,169,4.051863857374392E-5,NO
86,94,3.0389594602807997E-5,NO
87,35,1.0726161106939826E-5,NO
88,695,0.9996355685131194,YES
89,162,6.077549532028686E-5,NO
90,39,0.035726379952590585,NO
91,79,1.3024564328323218E-5,NO
92,85,0.026324881475652123,NO
93,110,4.558300665511897E-5,NO
94,122,1.8228217280349978E-4,YES
95,53,1.4026425786181165E-5,NO
96,52,2.8052064631956913E-5,NO
97,177,1.8228217280349978E-4,YES
98,533,0.9996355685131194,NO
99,183,4.051863857374392E-5,YES
100,215,0.11114262560777957,NO
101,76,1.0419705747509691E-5,NO
102,563,1.2153621779290228E-4,YES
103,257,7.292882147024503E-5,NO
104,55,9.11726627887894E-6,NO
105,102,2.8052064631956913E-5,NO
106,403,0.11114262560777957,NO
107,35,1.0726161106939826E-5,NO
108,145,0.05001641078005908,YES
109,119,4.051863857374392E-5,NO
110,108,0.11114262560777957,NO
111,91,3.315210184325686E-5,YES
112,69,0.0416805956541559,NO
113,80,0.05001641078005908,NO
114,63,4.051863857374392E-5,NO
115,160,6.077549532028686E-5,YES
116,102,2.8052064631956913E-5,YES
117,54,9.856489512695158E-6,NO
118,267,4.051863857374392E-5,NO
119,55,9.11726627887894E-6,NO
120,46,3.646707023557727E-5,NO
121,226,4.051863857374392E-5,NO
122,54,9.856489512695158E-6,NO
123,270,3.0389594602807997E-5,NO
124,74,1.5855901566563074E-5,NO
125,359,4.051863857374392E-5,NO
126,78,0.04546961509133707,NO
127,180,2.279254228016593E-5,NO
128,57,9.11726627887894E-6,NO
129,50,1.1396530895995259E-5,NO
130,243,4.051863857374392E-5,NO
131,254,4.558300665511897E-5,NO
132,306,4.051863857374392E-5,NO
133,139,4.051863857374392E-5,NO
134,372,1.2153621779290228E-4,NO
135,75,0.047634759655459845,NO
136,222,4.051863857374392E-5,NO
137,572,3.6443148688046647E-4,NO
138,38,3.6443148688046647E-4,NO
139,348,3.6443148688046647E-4,NO
140,121,3.6443148688046647E-4,NO
141,62,3.6443148688046647E-4,NO
142,52,3.6443148688046647E-4,NO
143,158,3.6443148688046647E-4,NO
144,778,3.6443148688046647E-4,NO
145,199,0.9996355685131194,NO
146,115,3.6443148688046647E-4,NO
147,52,3.6443148688046647E-4,NO
148,88,3.6443148688046647E-4,NO
149,61,2.1451862021623477E-5,NO
150,98,0.047634759655459845,NO
151,28,6.398116394533449E-6,NO
152,55,9.11726627887894E-6,NO
153,195,1.8228217280349978E-4,NO
154,28,6.398116394533449E-6,NO
155,50,1.1396530895995259E-5,NO
156,55,9.11726627887894E-6,NO
157,542,0.9996355685131194,NO
158,130,0.25004557885141293,NO
159,87,4.051863857374392E-5,NO
160,65,5.209418628881017E-5,NO
161,140,0.12503418725499132,NO
162,134,6.077549532028686E-5,NO
163,117,0.09093621535605356,NO
164,28,6.398116394533449E-6,NO
165,57,9.11726627887894E-6,NO
166,60,1.823420006564312E-5,YES
167,62,4.051863857374392E-5,NO
168,89,5.209418628881017E-5,NO
169,60,1.823420006564312E-5,NO
170,68,5.209418628881017E-5,NO
171,522,0.16670718366354684,NO
172,43,2.1451862021623477E-5,NO
173,247,0.07145089867152904,NO
174,35,1.0726161106939826E-5,NO
175,42,2.6048450117218026E-5,NO
176,57,9.11726627887894E-6,NO
177,125,6.077549532028686E-5,NO
178,61,2.1451862021623477E-5,NO
179,92,3.646707023557727E-5,NO
180,92,3.646707023557727E-5,NO
181,80,0.05001641078005908,NO
182,101,3.315210184325686E-5,NO
183,59,2.1451862021623477E-5,NO
184,84,4.051863857374392E-5,NO
185,81,2.6048450117218026E-5,NO
186,173,1.2153621779290228E-4,NO
187,193,0.9996355685131194,NO
188,54,3.6443148688046647E-4,NO
189,94,3.6443148688046647E-4,NO
190,69,0.9996355685131194,NO
191,69,0.9996355685131194,NO
192,62,3.6443148688046647E-4,NO
193,59,3.6443148688046647E-4,NO
194,85,3.6443148688046647E-4,NO
195,106,3.6443148688046647E-4,NO
196,65,0.9996355685131194,NO
197,182,3.6443148688046647E-4,NO
198,145,0.9996355685131194,NO
199,128,0.9996355685131194,YES
200,63,0.9996355685131194,NO
201,159,1.8228217280349978E-4,NO
202,99,0.06668773704171933,NO
203,73,1.2153621779290228E-4,NO
204,74,1.5855901566563074E-5,NO
205,330,3.6443148688046647E-4,NO
206,81,2.6048450117218026E-5,NO
207,66,3.646707023557727E-5,NO
208,245,0.14289435299020628,NO
209,91,3.315210184325686E-5,NO
210,57,9.11726627887894E-6,NO
211,85,0.026324881475652123,NO
212,94,3.0389594602807997E-5,NO
213,54,9.856489512695158E-6,NO
214,75,0.047634759655459845,NO
215,137,4.558300665511897E-5,NO
216,133,0.06668773704171933,NO
217,79,1.3024564328323218E-5,NO
218,76,1.0419705747509691E-5,NO
219,81,2.6048450117218026E-5,NO
220,99,0.06668773704171933,NO
221,115,4.558300665511897E-5,NO
222,180,2.279254228016593E-5,NO
223,118,4.558300665511897E-5,NO
224,132,4.051863857374392E-5,NO
225,94,3.0389594602807997E-5,NO
226,88,1.9193857965451055E-5,NO
227,51,2.6048450117218026E-5,NO
228,111,0.06251994347449515,NO
