ID, Size, Predicted, Actual
0,28,0.04759888303496352,NO
1,28,0.04759888303496352,NO
2,449,0.28803789717306366,NO
3,1339,0.9999999998950804,YES
4,25,0.04759888303496352,NO
5,50,0.047722278805411064,NO
6,76,0.04862654115884636,NO
7,38,0.047594730181331764,NO
8,178,0.06103152353856361,NO
9,326,0.12550121087571517,NO
10,370,0.167271753211011,YES
11,145,0.055326723815624264,NO
12,49,0.047722278805411064,NO
13,85,0.049229929905051324,NO
14,64,0.04816303041887675,NO
15,36,0.047594730181331764,NO
16,36,0.047594730181331764,NO
17,32,0.047580366178121516,NO
18,26,0.04759888303496352,NO
19,543,0.9991959682813396,YES
20,395,0.1947317374766875,NO
21,209,0.06744505615154489,NO
22,24,0.04765031722889421,NO
23,24,0.04765031722889421,NO
24,27,0.04759888303496352,NO
25,73,0.048377557242559405,NO
26,56,0.04783571485502623,NO
27,30,0.047580366178121516,NO
28,294,0.10311784397399025,NO
29,983,0.9996570174675666,NO
30,262,0.08638052414121794,NO
31,626,0.787183059868652,NO
32,37,0.047594730181331764,NO
33,35,0.047580366178121516,NO
34,286,0.09698753959933096,NO
35,232,0.07573897559426931,NO
36,203,0.06602470276463711,YES
37,286,0.09698753959933096,NO
38,425,0.2461066111497079,NO
39,249,0.08180674489120554,NO
40,74,0.04862654115884636,NO
41,69,0.048377557242559405,NO
42,247,0.0796832772971474,YES
43,237,0.07573897559426931,NO
44,214,0.06894026197801417,NO
45,99,0.04997801420002248,NO
46,191,0.0633961579671393,NO
47,464,0.323791836180729,YES
48,95,0.04958553824333651,NO
49,549,0.5677580937899998,NO
50,136,0.053834144648890754,NO
51,40,0.047594730181331764,NO
52,86,0.049229929905051324,NO
53,105,0.05040814648848569,NO
54,79,0.04862654115884636,NO
55,85,0.049229929905051324,NO
56,72,0.048377557242559405,NO
57,105,0.05040814648848569,NO
58,52,0.04783571485502623,NO
59,151,0.05614518357911909,NO
60,264,0.08638052414121794,NO
61,183,0.06218219432892983,NO
62,195,0.06467605966457496,NO
63,76,0.04862654115884636,NO
64,250,0.08180674489120554,NO
65,237,0.07573897559426931,NO
66,55,0.04783571485502623,NO
67,102,0.05040814648848569,NO
68,389,0.18739529454641965,NO
69,35,0.047580366178121516,NO
70,130,0.05315691452023272,YES
71,114,0.05138493092174317,YES
72,71,0.048377557242559405,NO
73,54,0.04783571485502623,NO
74,267,0.08884128872112063,NO
75,55,0.04783571485502623,NO
76,46,0.04764200334016499,NO
77,226,0.07216871443782236,NO
78,54,0.04783571485502623,NO
79,266,0.08884128872112063,NO
80,74,0.04862654115884636,NO
81,359,0.15531580243699308,NO
82,78,0.04862654115884636,NO
83,181,0.06103152353856361,NO
84,57,0.04783571485502623,NO
85,50,0.047722278805411064,NO
86,243,0.0796832772971474,NO
87,253,0.08180674489120554,NO
88,306,0.10987208349439798,NO
89,139,0.053834144648890754,NO
90,375,0.1736764909189067,NO
91,75,0.04862654115884636,NO
92,222,0.07216871443782236,NO
93,28,0.04759888303496352,NO
94,55,0.04783571485502623,NO
95,154,0.05614518357911909,NO
96,25,0.04759888303496352,NO
97,50,0.047722278805411064,NO
98,41,0.04764200334016499,NO
99,101,0.05040814648848569,NO
100,84,0.048910476872573924,NO
101,51,0.047722278805411064,NO
102,135,0.053834144648890754,NO
103,117,0.05138493092174317,NO
104,25,0.04759888303496352,NO
105,54,0.04783571485502623,NO
106,60,0.047982535356201526,NO
107,62,0.047982535356201526,NO
108,83,0.048910476872573924,NO
109,60,0.047982535356201526,NO
110,63,0.04816303041887675,NO
111,452,0.2995418269494303,NO
112,43,0.04764200334016499,NO
113,247,0.0796832772971474,NO
114,35,0.047580366178121516,NO
115,42,0.04764200334016499,NO
116,57,0.04783571485502623,NO
117,156,0.057014011532663916,NO
118,61,0.047982535356201526,NO
119,91,0.04958553824333651,NO
120,93,0.04958553824333651,NO
121,80,0.048910476872573924,NO
122,101,0.05040814648848569,NO
123,59,0.047982535356201526,NO
124,84,0.048910476872573924,NO
125,82,0.048910476872573924,NO
126,132,0.05315691452023272,NO
127,76,0.04862654115884636,NO
128,33,0.047580366178121516,NO
129,430,0.25598621708156927,NO
130,153,0.05614518357911909,NO
131,122,0.05193356430246462,NO
132,75,0.04862654115884636,NO
133,60,0.047982535356201526,NO
134,34,0.047580366178121516,NO
135,39,0.047594730181331764,NO
136,36,0.047594730181331764,NO
137,79,0.04862654115884636,NO
138,28,0.04759888303496352,NO
139,438,0.2662641338507253,YES
140,194,0.06467605966457496,NO
141,99,0.04997801420002248,NO
142,55,0.04783571485502623,NO
143,43,0.04764200334016499,NO
144,27,0.04759888303496352,NO
145,25,0.04759888303496352,NO
146,53,0.04783571485502623,NO
147,108,0.050876802519025516,NO
148,103,0.05040814648848569,NO
149,85,0.049229929905051324,NO
150,54,0.04783571485502623,NO
151,79,0.04862654115884636,NO
152,137,0.053834144648890754,NO
153,99,0.04997801420002248,NO
154,79,0.04862654115884636,NO
155,78,0.04862654115884636,NO
156,101,0.05040814648848569,NO
157,177,0.059941651430999644,NO
158,123,0.05252382223835382,NO
159,88,0.049229929905051324,NO
160,51,0.047722278805411064,NO
161,119,0.05193356430246462,NO
162,132,0.05315691452023272,NO
163,169,0.05891022812648259,NO
