ID, Size, Predicted, Actual
0,45,0.017239549434384195,YES
1,79,0.017012950834836317,YES
2,67,0.017020113492301262,NO
3,45,0.017239549434384195,YES
4,28,0.01760787207861562,NO
5,28,0.01760787207861562,NO
6,564,0.5087947903991348,YES
7,1492,1.0,NO
8,174,0.020028593899294657,NO
9,25,0.01772795072658256,NO
10,39,0.017401676554810803,NO
11,47,0.017239549434384195,NO
12,184,0.020623920443851567,NO
13,30,0.01760787207861562,NO
14,221,0.024234858401376173,NO
15,50,0.017174633034334388,NO
16,101,0.017208139747583454,NO
17,41,0.01731518516406091,NO
18,250,0.02839947226262581,NO
19,227,0.02474651425147788,NO
20,363,0.06516671870881652,NO
21,408,0.10244532382456636,NO
22,145,0.018422238331991542,NO
23,49,0.017174633034334388,NO
24,85,0.017031176586283767,NO
25,64,0.01704312856371812,NO
26,42,0.01731518516406091,NO
27,36,0.01749917993418595,NO
28,37,0.017401676554810803,NO
29,83,0.017031176586283767,NO
30,32,0.01749917993418595,NO
31,26,0.01772795072658256,NO
32,883,0.9999991835294211,YES
33,429,0.12768545688778027,NO
34,213,0.02328430368918649,YES
35,24,0.01772795072658256,NO
36,24,0.01772795072658256,NO
37,27,0.01772795072658256,NO
38,259,0.02987218618871399,NO
39,30,0.01760787207861562,NO
40,428,0.12768545688778027,YES
41,981,0.9999523539292198,YES
42,126,0.017797150293436762,NO
43,562,0.49112243605139333,NO
44,226,0.02474651425147788,NO
45,37,0.017401676554810803,NO
46,35,0.01749917993418595,NO
47,283,0.03524693479194984,NO
48,316,0.043857621053386454,NO
49,204,0.022424127644663887,NO
50,133,0.01793516008257262,NO
51,298,0.038580107052635135,NO
52,336,0.05210646009382588,NO
53,701,0.9323099091987345,NO
54,301,0.039804022757296074,NO
55,76,0.017005038090651223,NO
56,69,0.017020113492301262,NO
57,266,0.03149387089240513,NO
58,253,0.02839947226262581,NO
59,217,0.02374780099821139,NO
60,100,0.017208139747583454,NO
61,191,0.021287834654064346,NO
62,476,0.21080324747985407,NO
63,95,0.01709871588916858,NO
64,551,0.4393234257337275,NO
65,136,0.018085156046317708,NO
66,33,0.01749917993418595,NO
67,551,1.0,YES
68,168,0.01949715895474622,NO
69,113,0.017452613637908215,NO
70,34,0.01749917993418595,NO
71,39,0.017401676554810803,NO
72,36,0.01749917993418595,NO
73,291,0.9745784644066734,YES
74,75,0.017005038090651223,NO
75,57,0.017120319234523184,NO
76,124,0.017670873038777037,NO
77,59,0.017076510570845436,NO
78,32,0.01749917993418595,NO
79,25,0.01772795072658256,NO
80,53,0.9467605696542694,YES
81,53,0.017174633034334388,NO
82,88,0.017059747908108405,YES
83,107,0.01727879202216844,NO
84,134,0.01793516008257262,NO
85,169,0.019755160807095475,NO
86,94,0.01709871588916858,NO
87,35,0.01749917993418595,NO
88,695,0.9200130374420995,NO
89,162,0.01925408908693101,NO
90,39,0.017401676554810803,NO
91,79,0.017012950834836317,NO
92,85,0.017031176586283767,NO
93,110,0.017360234316283665,NO
94,133,0.01793516008257262,NO
95,53,0.017174633034334388,NO
96,52,0.017174633034334388,NO
97,217,0.02374780099821139,NO
98,555,0.9988307062413015,YES
99,202,0.9581923570162146,YES
100,215,0.02374780099821139,NO
101,76,0.017005038090651223,NO
102,563,0.49112243605139333,YES
103,257,0.02911809344373648,NO
104,55,0.017120319234523184,NO
105,102,0.017208139747583454,NO
106,403,0.09812358499440067,NO
107,35,0.01749917993418595,NO
108,145,0.018422238331991542,YES
109,119,0.017556097226663552,NO
110,108,0.01727879202216844,NO
111,91,0.017059747908108405,YES
112,69,0.017020113492301262,NO
113,80,0.017012950834836317,NO
114,63,0.01704312856371812,NO
115,160,0.01925408908693101,YES
116,102,0.017208139747583454,YES
117,54,0.017120319234523184,NO
118,267,0.03149387089240513,NO
119,55,0.017120319234523184,NO
120,46,0.017239549434384195,NO
121,226,0.02474651425147788,NO
122,54,0.017120319234523184,NO
123,270,0.03149387089240513,NO
124,74,0.01700742422286248,NO
125,359,0.06270550441088671,NO
126,78,0.017005038090651223,NO
127,180,0.020317991085734538,NO
128,57,0.017120319234523184,NO
129,50,0.017174633034334388,NO
130,243,0.027062143964198915,NO
131,254,0.02911809344373648,NO
132,306,0.04108937154875215,NO
133,139,0.01824741511665256,NO
134,372,0.07048170172058264,NO
135,75,0.017005038090651223,NO
136,222,0.024234858401376173,NO
137,572,0.5265987571425598,NO
138,38,0.017401676554810803,NO
139,348,0.05814243572064787,NO
140,124,0.017670873038777037,NO
141,62,0.01704312856371812,NO
142,53,0.017174633034334388,NO
143,158,0.019025484032344834,NO
144,778,0.9873256087059916,YES
145,203,0.022424127644663887,NO
146,115,0.017452613637908215,NO
147,53,0.017174633034334388,NO
148,88,0.017059747908108405,NO
149,61,0.017076510570845436,NO
150,98,0.017148150290833542,NO
151,28,0.01760787207861562,NO
152,55,0.017120319234523184,NO
153,195,0.021647148037959127,NO
154,28,0.01760787207861562,NO
155,50,0.017174633034334388,NO
156,55,0.017120319234523184,NO
157,546,0.42259219631388006,NO
158,130,0.01793516008257262,NO
159,87,0.017031176586283767,NO
160,65,0.01704312856371812,NO
161,140,0.01824741511665256,NO
162,134,0.01793516008257262,NO
163,117,0.017452613637908215,NO
164,28,0.01760787207861562,NO
165,57,0.017120319234523184,NO
166,60,0.017076510570845436,YES
167,62,0.01704312856371812,NO
168,88,0.9464153225838052,YES
169,60,0.017076510570845436,NO
170,67,0.9462951929525442,YES
171,522,0.3443281784748671,YES
172,43,0.01731518516406091,NO
173,247,0.027714674503536783,NO
174,35,0.01749917993418595,NO
175,42,0.01731518516406091,NO
176,57,0.017120319234523184,NO
177,125,0.017670873038777037,NO
178,61,0.017076510570845436,NO
179,92,0.01709871588916858,NO
180,92,0.01709871588916858,NO
181,80,0.017012950834836317,NO
182,101,0.017208139747583454,NO
183,59,0.017076510570845436,NO
184,84,0.017031176586283767,NO
185,81,0.017012950834836317,NO
186,173,0.020028593899294657,NO
187,197,0.021647148037959127,NO
188,54,0.017120319234523184,NO
189,94,0.01709871588916858,NO
190,69,0.017020113492301262,NO
191,69,0.017020113492301262,NO
192,62,0.01704312856371812,NO
193,59,0.017076510570845436,NO
194,85,0.017031176586283767,NO
195,106,0.01727879202216844,NO
196,522,0.3443281784748671,YES
197,76,0.017005038090651223,NO
198,182,0.020623920443851567,NO
199,145,0.018422238331991542,NO
200,128,0.017797150293436762,NO
201,63,0.01704312856371812,NO
202,159,0.019025484032344834,NO
203,99,0.017148150290833542,NO
204,73,0.01700742422286248,NO
205,74,0.01700742422286248,NO
206,330,0.05028828817317174,NO
207,81,0.017012950834836317,NO
208,66,0.017020113492301262,NO
209,245,0.027714674503536783,NO
210,91,0.017059747908108405,NO
211,57,0.017120319234523184,NO
212,85,0.017031176586283767,NO
213,94,0.01709871588916858,NO
214,54,0.017120319234523184,NO
215,75,0.017005038090651223,NO
216,137,0.018085156046317708,NO
217,133,0.01793516008257262,NO
218,79,0.017012950834836317,NO
219,76,0.017005038090651223,NO
220,81,0.017012950834836317,NO
221,102,0.017208139747583454,NO
222,115,0.017452613637908215,NO
223,180,0.020317991085734538,NO
224,118,0.017556097226663552,NO
225,132,0.01793516008257262,NO
226,94,0.01709871588916858,NO
227,88,0.017059747908108405,NO
228,51,0.017174633034334388,NO
229,67,0.017020113492301262,NO
230,115,0.017452613637908215,NO
231,179,0.020317991085734538,NO
232,83,0.017031176586283767,NO
233,111,0.017360234316283665,NO
234,218,0.02374780099821139,NO
235,173,0.020028593899294657,NO
236,166,0.01949715895474622,NO
237,104,0.017208139747583454,NO
238,114,0.017452613637908215,NO
239,51,0.017174633034334388,NO
240,45,0.017239549434384195,NO
241,49,0.017174633034334388,NO
242,41,0.01731518516406091,NO
243,44,0.01731518516406091,NO
244,96,0.017148150290833542,NO
245,31,0.01760787207861562,NO
246,150,0.01860995172572383,NO
247,171,0.019755160807095475,NO
248,122,0.017670873038777037,NO
249,120,0.017556097226663552,NO
250,150,0.01860995172572383,NO
251,39,0.017401676554810803,NO
252,76,0.017005038090651223,NO
253,30,0.01760787207861562,NO
254,340,0.05401810002706222,NO
255,46,0.017239549434384195,NO
256,48,0.017239549434384195,NO
257,145,0.018422238331991542,NO
258,31,0.01760787207861562,NO
259,34,0.01749917993418595,NO
260,296,0.038580107052635135,NO
261,45,0.017239549434384195,NO
262,28,0.01760787207861562,NO
263,34,0.01749917993418595,NO
