ID, Size, Predicted, Actual
0,50,5.157297576070139E-4,NO
1,79,5.157297576070139E-4,NO
2,67,5.157297576070139E-4,NO
3,45,2.579979360165119E-4,NO
4,28,1.3952644723807398E-5,NO
5,28,1.3952644723807398E-5,NO
6,459,0.999484270242393,YES
7,1479,0.999484270242393,YES
8,25,2.4582708522825045E-5,NO
9,39,0.0625282312705685,NO
10,47,0.25006451612903224,NO
11,184,5.157297576070139E-4,NO
12,30,8.602890571231934E-5,NO
13,215,1.0323113451016826E-4,YES
14,50,2.7170221437304717E-5,NO
15,82,6.45244547683572E-5,NO
16,41,1.2903225806451613E-4,NO
17,245,1.2903225806451613E-4,NO
18,227,1.2903225806451613E-4,NO
19,363,1.7202821262687082E-4,NO
20,407,2.579979360165119E-4,NO
21,145,0.08336918179471736,NO
22,49,1.2903225806451613E-4,NO
23,85,0.038479866571360495,NO
24,64,4.692852785208128E-5,NO
25,42,1.2903225806451613E-4,NO
26,36,1.8437258010988608E-5,NO
27,37,3.687315634218289E-5,NO
28,83,1.7202821262687082E-4,NO
29,32,8.602890571231934E-5,NO
30,26,3.9709327721081686E-5,NO
31,866,5.157297576070139E-4,YES
32,376,0.999484270242393,YES
33,207,5.157297576070139E-4,YES
34,24,3.2264309221139574E-5,NO
35,24,3.2264309221139574E-5,NO
36,27,3.0366523944004133E-5,NO
37,260,5.157297576070139E-4,YES
38,30,8.602890571231934E-5,NO
39,428,1.2903225806451613E-4,NO
40,979,5.157297576070139E-4,NO
41,123,5.735589331803843E-5,NO
42,562,1.2903225806451613E-4,NO
43,205,7.374087456677236E-5,NO
44,37,3.687315634218289E-5,NO
45,35,2.7170221437304717E-5,NO
46,283,5.157297576070139E-4,NO
47,316,1.2903225806451613E-4,NO
48,204,1.2903225806451613E-4,NO
49,133,1.0323113451016826E-4,NO
50,285,0.20006193868070607,NO
51,336,1.2903225806451613E-4,NO
52,701,0.999484270242393,YES
53,301,0.999484270242393,YES
54,76,2.244517765358113E-5,NO
55,69,0.0625282312705685,NO
56,266,1.0323113451016826E-4,NO
57,253,5.157297576070139E-4,NO
58,217,1.2903225806451613E-4,NO
59,100,0.999484270242393,YES
60,191,0.100041296716911,NO
61,476,1.7202821262687082E-4,NO
62,95,3.9709327721081686E-5,NO
63,551,0.999484270242393,YES
64,136,5.735589331803843E-5,NO
65,33,6.45244547683572E-5,NO
66,474,0.999484270242393,YES
67,140,1.7202821262687082E-4,NO
68,111,5.735589331803843E-5,NO
69,34,5.162089613875697E-5,NO
70,39,0.0625282312705685,NO
71,36,1.8437258010988608E-5,NO
72,271,5.157297576070139E-4,YES
73,75,5.157297576070139E-4,NO
74,57,2.4582708522825045E-5,NO
75,124,1.7202821262687082E-4,NO
76,59,5.735589331803843E-5,NO
77,32,8.602890571231934E-5,NO
78,25,2.4582708522825045E-5,NO
79,53,3.687315634218289E-5,NO
80,53,3.687315634218289E-5,NO
81,88,4.692852785208128E-5,YES
82,107,7.374087456677236E-5,NO
83,133,1.0323113451016826E-4,NO
84,169,1.0323113451016826E-4,NO
85,94,5.157297576070139E-4,NO
86,35,5.157297576070139E-4,NO
87,685,5.157297576070139E-4,NO
88,162,2.579979360165119E-4,NO
89,39,0.0625282312705685,NO
90,79,2.867959160261558E-5,NO
91,85,0.038479866571360495,NO
92,110,1.2903225806451613E-4,NO
93,111,5.735589331803843E-5,NO
94,53,3.687315634218289E-5,NO
95,52,5.735589331803843E-5,NO
96,159,0.999484270242393,YES
97,524,0.999484270242393,YES
98,183,1.0323113451016826E-4,NO
99,215,0.999484270242393,NO
100,76,2.244517765358113E-5,NO
101,563,5.157297576070139E-4,NO
102,257,5.157297576070139E-4,NO
103,55,2.1510002151000216E-5,NO
104,102,8.602890571231934E-5,NO
105,403,1.0323113451016826E-4,NO
106,35,2.7170221437304717E-5,NO
107,145,0.08336918179471736,NO
108,119,1.0323113451016826E-4,NO
109,108,0.20006193868070607,NO
110,91,1.2903225806451613E-4,NO
111,69,0.0625282312705685,NO
112,80,0.08336918179471736,NO
113,63,1.0323113451016826E-4,NO
114,160,2.579979360165119E-4,NO
115,102,0.999484270242393,YES
116,54,2.064963759886014E-5,NO
117,267,1.0323113451016826E-4,NO
118,55,2.1510002151000216E-5,NO
119,46,8.602890571231934E-5,NO
120,226,1.0323113451016826E-4,NO
121,54,2.064963759886014E-5,NO
122,270,6.45244547683572E-5,NO
123,74,2.867959160261558E-5,NO
124,359,1.0323113451016826E-4,NO
125,78,3.2264309221139574E-5,NO
126,180,6.45244547683572E-5,NO
127,57,2.4582708522825045E-5,NO
128,50,2.7170221437304717E-5,NO
129,243,1.0323113451016826E-4,NO
130,254,1.2903225806451613E-4,NO
131,306,1.0323113451016826E-4,NO
132,139,1.0323113451016826E-4,NO
133,372,0.999484270242393,NO
134,75,0.09094748697733351,NO
135,222,1.0323113451016826E-4,NO
136,61,5.735589331803843E-5,NO
137,98,3.0366523944004133E-5,NO
138,28,1.3952644723807398E-5,NO
139,55,2.1510002151000216E-5,NO
140,194,1.2903225806451613E-4,NO
141,28,1.3952644723807398E-5,NO
142,50,2.7170221437304717E-5,NO
143,55,2.1510002151000216E-5,NO
144,124,1.7202821262687082E-4,NO
145,87,1.0323113451016826E-4,NO
146,65,1.7202821262687082E-4,NO
147,140,5.157297576070139E-4,NO
148,134,2.579979360165119E-4,NO
149,117,7.374087456677236E-5,NO
150,28,1.3952644723807398E-5,NO
151,57,2.4582708522825045E-5,NO
152,60,4.301815366084488E-5,NO
153,62,1.0323113451016826E-4,NO
154,89,1.7202821262687082E-4,NO
155,60,4.301815366084488E-5,NO
156,68,1.7202821262687082E-4,NO
157,522,0.999484270242393,YES
158,43,3.9709327721081686E-5,NO
159,247,0.100041296716911,NO
160,35,2.7170221437304717E-5,NO
161,42,7.374087456677236E-5,NO
162,57,2.4582708522825045E-5,NO
163,125,0.999484270242393,YES
164,61,5.735589331803843E-5,NO
165,92,1.7202821262687082E-4,NO
166,92,5.157297576070139E-4,NO
167,80,0.08336918179471736,NO
168,101,5.157297576070139E-4,NO
169,59,5.735589331803843E-5,NO
170,84,1.0323113451016826E-4,NO
171,81,5.157297576070139E-4,NO
172,173,0.999484270242393,YES
173,151,2.579979360165119E-4,NO
174,78,3.2264309221139574E-5,NO
175,72,2.579979360165119E-4,NO
176,73,2.579979360165119E-4,NO
177,324,0.999484270242393,NO
178,81,5.157297576070139E-4,NO
179,66,8.602890571231934E-5,NO
180,239,0.999484270242393,YES
181,91,5.157297576070139E-4,NO
182,57,1.7202821262687082E-4,NO
183,85,0.038479866571360495,NO
184,94,2.579979360165119E-4,NO
185,54,2.064963759886014E-5,NO
186,75,5.157297576070139E-4,NO
187,137,1.2903225806451613E-4,NO
188,133,0.999484270242393,YES
189,79,2.867959160261558E-5,NO
190,76,2.244517765358113E-5,NO
191,81,1.2903225806451613E-4,NO
192,99,5.157297576070139E-4,NO
193,115,1.2903225806451613E-4,NO
194,180,6.45244547683572E-5,NO
195,118,1.2903225806451613E-4,NO
196,132,1.0323113451016826E-4,NO
197,94,0.999484270242393,YES
198,88,4.692852785208128E-5,NO
199,51,5.162089613875697E-5,NO
200,111,0.999484270242393,YES
