ID, Size, Predicted, Actual
0,28,2.8721990948754955E-6,NO
1,28,2.8721990948754955E-6,NO
2,449,1.1577108147458126E-5,NO
3,1311,1.0,YES
4,25,2.8721990948754955E-6,NO
5,50,2.9786599664284163E-6,NO
6,76,3.133327800584611E-6,NO
7,38,2.9236123402547957E-6,NO
8,175,0.03329161573525371,YES
9,326,0.36701816028546125,YES
10,370,0.36214288365398795,YES
11,145,0.005895142268900955,YES
12,85,3.2025256178326985E-6,NO
13,64,3.06842101240581E-6,NO
14,36,2.9236123402547957E-6,NO
15,36,2.9236123402547957E-6,NO
16,32,3.793694937781762E-5,NO
17,26,2.8721990948754955E-6,NO
18,527,0.011351213060958052,YES
19,395,0.9994784798641814,YES
20,213,0.0013403687624404526,NO
21,24,2.8384667373406624E-5,NO
22,24,2.8721990948754955E-6,NO
23,27,2.8721990948754955E-6,NO
24,73,0.05630902943178897,YES
25,56,3.0375117556332885E-6,NO
26,30,2.6667789395677705E-5,NO
27,294,0.008083138361098585,NO
28,983,5.457905678317902E-4,NO
29,252,5.048506073255808E-6,NO
30,620,3.157770989834911E-5,NO
31,37,2.7162178322708032E-5,NO
32,35,2.9236123402547957E-6,NO
33,286,5.7671546395617225E-6,NO
34,232,4.7849412028102386E-6,NO
35,203,4.324902644387779E-6,NO
36,270,5.439974702514124E-6,NO
37,425,1.042561720879587E-5,NO
38,244,4.957946283390184E-6,NO
39,74,3.133327800584611E-6,NO
40,69,3.1003512755296357E-6,NO
41,247,4.957946283390184E-6,NO
42,237,4.01042142413294E-5,NO
43,202,4.324902644387779E-6,NO
44,99,3.314859220278875E-6,NO
45,191,4.189234790867136E-6,NO
46,464,0.5930253662279962,YES
47,95,3.2762368391213345E-6,NO
48,549,2.0014362011404467E-5,NO
49,136,3.621303790895952E-6,NO
50,40,2.950671556893399E-6,NO
51,86,3.2025256178326985E-6,NO
52,105,8.16887316806109E-5,NO
53,79,2.9426842664836583E-5,NO
54,85,3.2025256178326985E-6,NO
55,72,4.602414383790819E-5,NO
56,105,3.3547013435012166E-6,NO
57,52,3.007599201480546E-6,NO
58,151,0.9976688265081318,YES
59,264,0.9999999998119772,NO
60,183,0.3103152135991517,NO
61,195,0.5063533132456277,YES
62,76,3.472513331036557E-5,NO
63,250,0.9337039601802529,YES
64,237,1.0,YES
65,55,3.007599201480546E-6,NO
66,35,2.407554845588562E-5,NO
67,110,3.1416005755983904E-5,NO
68,114,2.8226467489037923E-5,NO
69,71,3.1003512755296357E-6,NO
70,54,3.007599201480546E-6,NO
71,267,3.919885176746814E-4,NO
72,55,8.466578116037333E-5,NO
73,46,6.366697074796871E-5,NO
74,226,0.999999999999732,NO
75,54,8.261799569997623E-5,NO
76,266,1.0,NO
77,74,3.133327800584611E-6,NO
78,359,1.0,NO
79,78,2.0108789501422579E-4,NO
80,181,0.9995120516460667,YES
81,57,9.011624658527493E-5,NO
82,50,6.903418732132675E-5,NO
83,243,0.9999546892716953,NO
84,253,0.9993892718214225,NO
85,306,0.9999999986722009,NO
86,139,0.005213212955703421,NO
87,375,0.9999999999999998,NO
88,75,0.0016207579089391338,NO
89,222,0.981451734299185,NO
90,28,3.138288595875063E-5,NO
91,55,3.007599201480546E-6,NO
92,149,0.32782292454582584,NO
93,25,2.969249162224056E-5,NO
94,50,1.0495551490000641E-4,NO
95,41,1.717792927733702E-5,NO
96,101,2.725386697357597E-4,NO
97,81,3.69139713500488E-5,NO
98,51,7.517131266238238E-6,NO
99,135,0.10300442621611293,NO
100,117,0.001525144611572842,NO
101,25,2.969249162224056E-5,NO
102,54,2.8037034621407987E-5,NO
103,60,3.0375117556332885E-6,NO
104,62,1.242523375474404E-4,NO
105,83,5.228782276024688E-4,NO
106,60,1.1341019814178746E-4,NO
107,63,1.3278973054208046E-4,NO
108,452,1.0,NO
109,42,5.023614935975057E-5,NO
110,57,1.0215083357989558E-4,NO
111,156,0.07142955533682882,NO
112,61,1.1652067822312462E-4,NO
113,91,0.0010125842120827736,NO
114,93,0.0012476861109612738,NO
115,80,4.3270736461116754E-4,NO
116,101,0.0013028719627404504,NO
117,59,1.1341019814178746E-4,NO
118,84,5.427708629825935E-4,NO
119,82,4.965816641491597E-4,NO
120,132,0.007108002772402032,NO
121,76,3.133327800584611E-6,NO
122,33,2.897461517133742E-6,NO
123,430,0.43989533586165097,YES
124,153,6.656118443831225E-5,NO
125,122,7.254226833890459E-5,NO
126,75,3.133327800584611E-6,NO
127,60,0.05386530496646715,YES
128,34,2.897461517133742E-6,NO
129,39,2.9236123402547957E-6,NO
130,36,2.9236123402547957E-6,NO
131,79,3.1673768280500395E-6,NO
132,28,2.8721990948754955E-6,NO
133,438,0.033467070189829015,NO
134,194,0.011365946216335087,NO
135,99,1.3485289435222108E-4,NO
136,55,3.472261575688522E-5,NO
137,43,2.950671556893399E-6,NO
138,27,2.8721990948754955E-6,NO
139,25,2.8721990948754955E-6,NO
140,53,3.007599201480546E-6,NO
141,108,0.03165666654151786,YES
142,103,2.7553721580853607E-5,NO
143,85,3.2025256178326985E-6,NO
144,54,3.007599201480546E-6,NO
145,78,3.1673768280500395E-6,NO
146,98,3.2762368391213345E-6,NO
147,99,0.002082405948271092,NO
148,79,3.334364217823061E-4,NO
149,78,0.02678508795901197,YES
150,101,1.812164569527572E-4,NO
151,177,3.3252748906283E-5,NO
152,123,3.481881831451916E-6,NO
153,88,7.85655618675374E-4,NO
154,51,3.007599201480546E-6,NO
155,119,1.2843100461890688E-4,NO
156,124,1.3592672560600372E-4,NO
157,169,0.9451806704692235,NO
