ID, Size, Predicted, Actual
0,50,0.0,NO
1,79,0.0,NO
2,67,1.0,NO
3,45,0.7347922077922078,NO
4,28,0.0,NO
5,28,0.0,NO
6,459,0.6303661616161615,YES
7,1479,1.0,YES
8,25,0.0,NO
9,39,0.4483050493506699,NO
10,47,0.6649039571539571,NO
11,184,0.0,NO
12,30,0.5451594794094794,NO
13,215,0.0,YES
14,50,0.0,NO
15,82,0.0,NO
16,41,0.5616830669330671,NO
17,245,0.0395,NO
18,227,0.683248237873238,NO
19,363,0.0,NO
20,407,0.0,NO
21,145,0.4201199950290508,NO
22,49,0.0,NO
23,85,0.23039147523628123,NO
24,64,0.0,NO
25,42,0.0,NO
26,36,0.3447811154954338,NO
27,37,0.0,NO
28,83,0.0,NO
29,32,0.0,NO
30,26,0.0,NO
31,866,0.12,YES
32,376,0.7645941481978632,YES
33,207,0.0,YES
34,24,0.0,NO
35,24,0.0,NO
36,27,0.0,NO
37,260,0.0,YES
38,30,0.5451594794094794,NO
39,428,0.6525968198468198,NO
40,979,0.0,NO
41,123,0.0,NO
42,562,0.09,NO
43,205,0.0,NO
44,37,0.0,NO
45,35,0.0,NO
46,283,0.6576587301587302,NO
47,316,0.0,NO
48,204,0.0,NO
49,133,0.0,NO
50,285,0.6576587301587302,NO
51,336,0.04,NO
52,701,1.0,YES
53,301,1.0,YES
54,76,0.0,NO
55,69,0.35094576525835774,NO
56,266,0.0,NO
57,253,0.03836111111111111,NO
58,217,0.06216666666666666,NO
59,100,1.0,YES
60,191,0.5094843440872854,NO
61,476,0.01,NO
62,95,0.0,NO
63,551,1.0,YES
64,136,0.0,NO
65,33,0.0,NO
66,474,1.0,YES
67,140,0.0,NO
68,111,0.0,NO
69,34,0.0,NO
70,39,0.4483050493506699,NO
71,36,0.3447811154954338,NO
72,271,0.4813165013091482,YES
73,75,0.4396688895469855,NO
74,57,0.0,NO
75,124,0.0,NO
76,59,0.0,NO
77,32,0.0,NO
78,25,0.0,NO
79,53,0.3714563608905714,NO
80,53,0.3714563608905714,NO
81,88,0.0,YES
82,107,0.5089573465749937,NO
83,133,0.0,NO
84,169,0.029769841269841276,NO
85,94,0.6433546453546453,NO
86,35,0.0,NO
87,685,0.23,NO
88,162,0.03,NO
89,39,0.4483050493506699,NO
90,79,0.0,NO
91,85,0.23039147523628123,NO
92,110,0.0,NO
93,111,0.0,NO
94,53,0.3714563608905714,NO
95,52,0.0,NO
96,159,1.0,YES
97,524,1.0,YES
98,183,0.0,NO
99,215,0.0,NO
100,76,0.0,NO
101,563,0.09,NO
102,257,0.0,NO
103,55,0.2509255341785091,NO
104,102,0.5767993672993674,NO
105,403,0.0,NO
106,35,0.0,NO
107,145,0.4201199950290508,NO
108,119,0.023472222222222224,NO
109,108,0.7098653568653569,NO
110,91,0.021952380952380952,NO
111,69,0.35094576525835774,NO
112,80,0.38339042637639337,NO
113,63,0.0,NO
114,160,0.028285714285714282,NO
115,102,1.0,YES
116,54,0.2060965428065547,NO
117,267,0.03460317460317461,NO
118,55,0.2509255341785091,NO
119,46,0.005,NO
120,226,0.01375,NO
121,54,0.2060965428065547,NO
122,270,0.4813165013091482,NO
123,74,0.0,NO
124,359,0.01,NO
125,78,0.0,NO
126,180,0.0,NO
127,57,0.0,NO
128,50,0.0,NO
129,243,0.5734868677074559,NO
130,254,0.03836111111111111,NO
131,306,0.03875,NO
132,139,0.0,NO
133,372,0.8130032467532466,NO
134,75,0.4396688895469855,NO
135,222,0.0,NO
136,61,0.0,NO
137,98,0.0,NO
138,28,0.0,NO
139,55,0.2509255341785091,NO
140,194,0.03,NO
141,28,0.0,NO
142,50,0.0,NO
143,55,0.2509255341785091,NO
144,124,0.0,NO
145,87,0.0,NO
146,65,0.0,NO
147,140,0.0,NO
148,134,0.0,NO
149,117,0.018500000000000003,NO
150,28,0.0,NO
151,57,0.0,NO
152,60,0.0,NO
153,62,0.0,NO
154,89,0.0,NO
155,60,0.0,NO
156,68,0.031304271708683475,NO
157,522,1.0,YES
158,43,0.0,NO
159,247,0.47622948375154245,NO
160,35,0.0,NO
161,42,0.0,NO
162,57,0.0,NO
163,125,1.0,YES
164,61,0.0,NO
165,92,0.64194782994783,NO
166,92,0.64194782994783,NO
167,80,0.38339042637639337,NO
168,101,0.015555555555555552,NO
169,59,0.0,NO
170,84,0.0,NO
171,81,0.0,NO
172,173,1.0,YES
173,151,0.19484920634920636,NO
174,78,0.0,NO
175,72,0.20224999999999999,NO
176,73,0.8982380952380953,NO
177,324,0.0,NO
178,81,0.0,NO
179,66,0.0,NO
180,239,1.0,YES
181,91,0.021952380952380952,NO
182,57,0.0,NO
183,85,0.23039147523628123,NO
184,94,0.6433546453546453,NO
185,54,0.2060965428065547,NO
186,75,0.4396688895469855,NO
187,137,0.0,NO
188,133,1.0,YES
189,79,0.0,NO
190,76,0.0,NO
191,81,0.0,NO
192,99,0.39358282476897016,NO
193,115,0.05138888888888889,NO
194,180,0.0,NO
195,118,0.6370801192271781,NO
196,132,0.0,NO
197,94,1.0,YES
198,88,0.0,NO
199,51,0.0,NO
200,111,1.0,YES
