ID, Size, Predicted, Actual
0,28,0.18850760635627167,NO
1,28,0.18850760635627167,NO
2,387,0.5279761645824438,NO
3,1087,1.0,YES
4,25,0.18710186114769864,NO
5,50,0.43018387427719357,NO
6,76,0.2589035673033015,NO
7,38,0.24435908448912602,NO
8,168,0.3082914251783696,NO
9,267,0.9999738570866269,YES
10,374,0.9819250558676806,NO
11,145,0.7778837823824456,NO
12,85,0.20627022087439,NO
13,64,0.7418399297267774,NO
14,36,0.18997745639081998,NO
15,36,0.18997745639081998,NO
16,36,0.18997745639081998,NO
17,26,0.18710186114769864,NO
18,491,1.0,YES
19,354,0.999893085500228,YES
20,196,0.9982051307952113,YES
21,24,0.18710186114769864,NO
22,27,0.9973091099869837,YES
23,55,0.1947819169368987,YES
24,54,0.1947819169368987,YES
25,26,0.9962593327991167,YES
26,187,0.3203686789689488,NO
27,983,0.9976383733779325,NO
28,252,0.998550566240074,YES
29,620,0.9998369107419616,YES
30,37,0.18997745639081998,NO
31,35,0.18997745639081998,NO
32,286,0.4079060298160441,NO
33,232,0.2874405442569549,NO
34,203,0.2661997533953671,NO
35,270,0.3168115271128182,NO
36,425,1.0,YES
37,244,1.0,YES
38,74,0.20215102287437345,NO
39,69,0.20020199399189909,NO
40,228,0.9999999998642436,YES
41,231,0.9999692800059657,YES
42,202,1.0,YES
43,99,0.9997213553841692,YES
44,191,0.9999652213195398,YES
45,447,1.0,YES
46,95,0.9999539636916884,YES
47,549,0.9999999988890172,YES
48,136,0.9997451152199116,YES
49,40,0.19151241958511872,NO
50,86,0.20627022087439,NO
51,90,0.20627022087439,NO
52,79,0.26130767132868926,NO
53,85,0.2637968438365155,NO
54,59,0.196518665625712,NO
55,112,0.27462900609998414,NO
56,52,0.1947819169368987,NO
57,157,0.2377800447730072,YES
58,74,0.20215102287437345,NO
59,230,0.35238440127837606,YES
60,211,0.3379909270194999,YES
61,55,0.1947819169368987,NO
62,29,0.18850760635627167,NO
63,111,0.27462900609998414,NO
64,98,0.26903531211216225,NO
65,43,0.19151241958511872,NO
66,54,0.1947819169368987,NO
67,205,0.2661997533953671,NO
68,121,0.22049658697030405,NO
69,107,0.2130222249462587,NO
70,74,0.20215102287437345,NO
71,76,0.2589035673033015,NO
72,412,0.5600452433259724,YES
73,146,0.29364537740235735,NO
74,125,0.22049658697030405,NO
75,75,0.20215102287437345,NO
76,47,0.19311354391843916,NO
77,34,0.18997745639081998,NO
78,39,0.19151241958511872,NO
79,36,0.18997745639081998,NO
80,79,0.2041733251354938,NO
81,28,0.18850760635627167,NO
82,422,0.9997195376154918,YES
83,211,0.9983101698995583,YES
84,88,0.9975939727400783,YES
85,57,0.196518665625712,NO
86,43,0.9973610000758845,YES
87,27,0.18850760635627167,NO
88,25,0.9972842638449158,YES
89,53,0.9974156481116564,YES
90,105,0.2717871173728862,YES
91,107,0.2717871173728862,YES
92,85,0.2637968438365155,NO
93,54,0.1947819169368987,NO
94,78,0.20215102287437345,NO
95,98,0.26903531211216225,NO
96,78,0.2589035673033015,NO
97,77,0.20215102287437345,NO
98,97,0.26903531211216225,NO
99,176,0.31221100703424753,NO
100,123,0.2805882303887022,NO
101,51,0.2501141818211981,NO
102,71,0.2565833303239796,NO
103,92,0.2663723090294016,YES
