ID, Size, Predicted, Actual
0,45,3.739575932089302E-5,YES
1,79,1.0857409639208279E-5,YES
2,67,1.1217049915872127E-4,NO
3,45,3.739575932089302E-5,YES
4,28,5.428763761916137E-6,NO
5,28,5.428763761916137E-6,NO
6,564,0.9996636394214596,YES
7,1492,0.5,NO
8,174,8.413259296651523E-5,NO
9,25,1.0857409639208279E-5,NO
10,39,0.032268221447727,NO
11,47,0.11114019670169403,NO
12,184,8.413259296651523E-5,NO
13,30,2.103580293659809E-5,NO
14,221,1.682368775235532E-4,NO
15,50,9.616586688720706E-6,NO
16,101,2.5889967637540457E-5,NO
17,41,3.739575932089302E-5,NO
18,250,8.413259296651523E-5,NO
19,227,3.739575932089302E-5,NO
20,363,4.2069835927639886E-5,NO
21,408,0.16670406102759702,NO
22,145,0.045468453583012054,NO
23,49,3.739575932089302E-5,NO
24,85,0.024398052752990236,NO
25,64,2.103580293659809E-5,NO
26,42,2.103580293659809E-5,NO
27,36,8.857395925597874E-6,NO
28,37,1.402406529604802E-5,NO
29,83,4.2069835927639886E-5,NO
30,32,2.103580293659809E-5,NO
31,26,1.8698578908002993E-5,NO
32,883,8.413259296651523E-5,YES
33,421,1.682368775235532E-4,NO
34,213,1.1217049915872127E-4,YES
35,24,1.2945318972659487E-5,NO
36,24,1.2945318972659487E-5,NO
37,27,1.5298941313261125E-5,NO
38,259,1.682368775235532E-4,NO
39,30,2.103580293659809E-5,NO
40,428,3.739575932089302E-5,NO
41,981,0.12503155237694574,NO
42,126,4.807923457858551E-5,NO
43,562,3.739575932089302E-5,NO
44,226,3.3656435110393114E-5,NO
45,37,1.402406529604802E-5,NO
46,35,8.857395925597874E-6,NO
47,283,8.413259296651523E-5,NO
48,316,3.739575932089302E-5,NO
49,204,3.739575932089302E-5,NO
50,133,0.05884099863390683,NO
51,298,3.363605785401951E-4,NO
52,336,3.739575932089302E-5,NO
53,701,0.3333707234997196,NO
54,301,8.413259296651523E-5,NO
55,76,8.857395925597874E-6,NO
56,69,0.0800113090189426,NO
57,266,3.3656435110393114E-5,NO
58,253,6.730833950326446E-5,NO
59,217,3.739575932089302E-5,NO
60,100,8.413259296651523E-5,NO
61,191,0.06668611304328315,NO
62,476,4.2069835927639886E-5,NO
63,95,0.05557217651458489,NO
64,551,8.413259296651523E-5,NO
65,136,2.4040773151264548E-5,NO
66,33,2.5889967637540457E-5,NO
67,496,0.3333707234997196,YES
68,156,3.363605785401951E-4,NO
69,113,1.682368775235532E-4,NO
70,34,2.2438126865169297E-5,NO
71,39,0.032268221447727,NO
72,36,8.857395925597874E-6,NO
73,288,6.730833950326446E-5,YES
74,75,0.04167952205985471,NO
75,57,7.47959939265653E-6,NO
76,124,3.3656435110393114E-5,NO
77,59,1.7714478042904466E-5,NO
78,32,2.103580293659809E-5,NO
79,25,1.0857409639208279E-5,NO
80,53,1.160617912976869E-5,YES
81,53,1.160617912976869E-5,NO
82,88,1.6027438975526103E-5,YES
83,107,2.804734391653111E-5,NO
84,134,4.807923457858551E-5,NO
85,169,3.3656435110393114E-5,NO
86,94,2.2438126865169297E-5,NO
87,35,8.857395925597874E-6,NO
88,695,0.5,NO
89,162,4.807923457858551E-5,NO
90,39,0.032268221447727,NO
91,79,1.0857409639208279E-5,NO
92,85,0.024398052752990236,NO
93,110,3.739575932089302E-5,NO
94,133,0.9996636394214596,YES
95,53,1.160617912976869E-5,NO
96,52,2.4040773151264548E-5,NO
97,197,0.9996636394214596,YES
98,533,3.363605785401951E-4,YES
99,183,3.3656435110393114E-5,YES
100,215,0.10002692514808832,NO
101,76,8.857395925597874E-6,NO
102,563,8.413259296651523E-5,YES
103,257,5.609154139555755E-5,NO
104,55,7.64958768722366E-6,NO
105,102,2.2438126865169297E-5,NO
106,403,0.10002692514808832,NO
107,35,8.857395925597874E-6,NO
108,145,0.045468453583012054,YES
109,119,3.3656435110393114E-5,NO
110,108,0.10002692514808832,NO
111,91,2.5889967637540457E-5,YES
112,69,0.0800113090189426,NO
113,80,0.045468453583012054,NO
114,63,3.3656435110393114E-5,NO
115,160,4.807923457858551E-5,YES
116,102,2.2438126865169297E-5,YES
117,54,8.414533582403528E-6,NO
118,267,3.3656435110393114E-5,NO
119,55,7.64958768722366E-6,NO
120,46,3.059694642474682E-5,NO
121,226,3.3656435110393114E-5,NO
122,54,8.414533582403528E-6,NO
123,270,2.5889967637540457E-5,NO
124,74,1.3463117788817535E-5,NO
125,359,3.3656435110393114E-5,NO
126,78,0.04349162215555718,NO
127,180,1.8698578908002993E-5,NO
128,57,7.47959939265653E-6,NO
129,50,9.616586688720706E-6,NO
130,243,3.3656435110393114E-5,NO
131,254,3.739575932089302E-5,NO
132,306,3.3656435110393114E-5,NO
133,139,3.3656435110393114E-5,NO
134,372,8.413259296651523E-5,NO
135,75,0.04167952205985471,NO
136,222,3.3656435110393114E-5,NO
137,572,0.9996636394214596,NO
138,38,6.730833950326446E-5,NO
139,348,0.5,NO
140,121,3.363605785401951E-4,NO
141,62,3.363605785401951E-4,NO
142,52,2.4040773151264548E-5,NO
143,158,0.20004038500370194,NO
144,778,0.3333707234997196,YES
145,199,4.2069835927639886E-5,NO
146,115,3.363605785401951E-4,NO
147,52,2.4040773151264548E-5,NO
148,88,1.6027438975526103E-5,NO
149,61,1.7714478042904466E-5,NO
150,98,0.045468453583012054,NO
151,28,5.428763761916137E-6,NO
152,55,7.64958768722366E-6,NO
153,195,1.1217049915872127E-4,NO
154,28,5.428763761916137E-6,NO
155,50,9.616586688720706E-6,NO
156,55,7.64958768722366E-6,NO
157,546,3.363605785401951E-4,NO
158,130,0.20004038500370194,NO
159,87,3.3656435110393114E-5,NO
160,65,4.2069835927639886E-5,NO
161,140,0.11114019670169403,NO
162,134,4.807923457858551E-5,NO
163,117,0.08335670611993044,NO
164,28,5.428763761916137E-6,NO
165,57,7.47959939265653E-6,NO
166,60,1.5298941313261125E-5,YES
167,62,3.3656435110393114E-5,NO
168,89,4.2069835927639886E-5,YES
169,60,1.5298941313261125E-5,NO
170,68,4.2069835927639886E-5,YES
171,522,0.14289148516755612,NO
172,43,1.8698578908002993E-5,NO
173,247,0.06668611304328315,NO
174,35,8.857395925597874E-6,NO
175,42,2.103580293659809E-5,NO
176,57,7.47959939265653E-6,NO
177,125,4.807923457858551E-5,NO
178,61,1.7714478042904466E-5,NO
179,92,2.804734391653111E-5,NO
180,92,2.804734391653111E-5,NO
181,80,0.045468453583012054,NO
182,101,2.5889967637540457E-5,NO
183,59,1.7714478042904466E-5,NO
184,84,3.3656435110393114E-5,NO
185,81,1.9798451761072286E-5,NO
186,173,8.413259296651523E-5,NO
187,197,3.363605785401951E-4,NO
188,54,8.414533582403528E-6,NO
189,94,2.2438126865169297E-5,NO
190,69,0.0800113090189426,NO
191,69,1.682368775235532E-4,NO
192,62,3.3656435110393114E-5,NO
193,59,1.7714478042904466E-5,NO
194,85,0.024398052752990236,NO
195,106,3.363605785401951E-4,NO
196,522,3.363605785401951E-4,YES
197,76,3.363605785401951E-4,NO
198,182,3.363605785401951E-4,NO
199,145,0.045468453583012054,NO
200,128,0.20004038500370194,NO
201,63,3.3656435110393114E-5,NO
202,159,1.1217049915872127E-4,NO
203,99,0.05884099863390683,NO
204,73,8.413259296651523E-5,NO
205,74,1.3463117788817535E-5,NO
206,330,1.682368775235532E-4,NO
207,81,1.9798451761072286E-5,NO
208,66,3.059694642474682E-5,NO
209,245,0.12503155237694574,NO
210,91,2.5889967637540457E-5,NO
211,57,7.47959939265653E-6,NO
212,85,0.024398052752990236,NO
213,94,2.2438126865169297E-5,NO
214,54,8.414533582403528E-6,NO
215,75,0.04167952205985471,NO
216,137,3.739575932089302E-5,NO
217,133,0.05884099863390683,NO
218,79,1.0857409639208279E-5,NO
219,76,8.857395925597874E-6,NO
220,81,1.9798451761072286E-5,NO
221,99,0.05884099863390683,NO
222,115,3.739575932089302E-5,NO
223,180,1.8698578908002993E-5,NO
224,118,3.739575932089302E-5,NO
225,132,3.3656435110393114E-5,NO
226,94,2.2438126865169297E-5,NO
227,88,1.6027438975526103E-5,NO
228,51,2.2438126865169297E-5,NO
229,111,0.05884099863390683,NO
