ID, Size, Predicted, Actual
0,40,0.030691900006667664,NO
1,28,0.030896858419092815,NO
2,28,0.030896858419092815,NO
3,449,0.23522476363291267,YES
4,1470,1.0,NO
5,25,0.0310304371065321,NO
6,39,0.030691900006667664,NO
7,50,0.030568626634094362,NO
8,82,0.03077237147280794,NO
9,41,0.03062012641174324,NO
10,245,0.05004819901745409,NO
11,227,0.046544696910188615,NO
12,363,0.1120107261111534,NO
13,407,0.9952174877969361,YES
14,145,0.033931135557311365,NO
15,49,0.030568626634094362,NO
16,85,0.03088275283465987,NO
17,64,0.03053497718759816,NO
18,36,0.030691900006667664,NO
19,37,0.030691900006667664,NO
20,83,0.03077237147280794,NO
21,32,0.0307840850158309,NO
22,26,0.0310304371065321,NO
23,686,0.9206298070004832,YES
24,398,0.15428570615061674,NO
25,206,0.041758637469788425,YES
26,24,0.0310304371065321,NO
27,24,0.0310304371065321,NO
28,27,0.030896858419092815,NO
29,30,0.030896858419092815,NO
30,428,0.19843239027008858,NO
31,972,0.9998822898231993,NO
32,123,0.03254036133135771,NO
33,562,0.5869912806871324,NO
34,205,0.041758637469788425,NO
35,37,0.030691900006667664,NO
36,35,0.0307840850158309,NO
37,276,0.06055503388600813,NO
38,316,0.07795200659604334,NO
39,204,0.041758637469788425,NO
40,133,0.03318513396855195,NO
41,285,0.0642839747540104,NO
42,336,0.09288388299283026,NO
43,464,0.26715561197108045,NO
44,294,0.06839869302874774,NO
45,76,0.03068255600126219,NO
46,69,0.030563972461693827,NO
47,266,0.05717542084941095,NO
48,247,0.05133666600803728,NO
49,217,0.04448401275260064,NO
50,99,0.03133961781996415,NO
51,191,0.039424114554782466,NO
52,476,0.3029997325673328,NO
53,95,0.031166102674745965,NO
54,550,0.5346529139665681,NO
55,136,0.03354512758583888,NO
56,33,0.0307840850158309,NO
57,483,0.9980091063491381,YES
58,140,0.03354512758583888,NO
59,111,0.0317520098521423,NO
60,34,0.0307840850158309,NO
61,39,0.030691900006667664,NO
62,36,0.030691900006667664,NO
63,210,0.9797341462052189,YES
64,111,0.0317520098521423,NO
65,57,0.03052609271535384,NO
66,43,0.03062012641174324,NO
67,27,0.030896858419092815,NO
68,25,0.0310304371065321,NO
69,53,0.03053730204997457,NO
70,88,0.03088275283465987,YES
71,107,0.031534793822040184,NO
72,132,0.03318513396855195,NO
73,169,0.03628068667658331,NO
74,80,0.03077237147280794,NO
75,29,0.030896858419092815,NO
76,430,0.19843239027008858,NO
77,162,0.03575174273499564,NO
78,39,0.030691900006667664,NO
79,79,0.03077237147280794,NO
80,85,0.03088275283465987,NO
81,110,0.0317520098521423,NO
82,111,0.0317520098521423,NO
83,53,0.03053730204997457,NO
84,52,0.03053730204997457,NO
85,154,0.034784360634763034,NO
86,403,0.9952174877969361,YES
87,183,0.03806192639685859,NO
88,215,0.043528944696664164,NO
89,76,0.03068255600126219,NO
90,554,1.0,YES
91,257,0.054112410503733395,NO
92,55,0.03052609271535384,NO
93,102,0.03133961781996415,NO
94,403,0.1608122568677971,NO
95,35,0.0307840850158309,NO
96,145,0.033931135557311365,NO
97,119,0.03225430120086303,NO
98,108,0.9726859482188135,YES
99,91,0.9720333620150615,YES
100,69,0.030563972461693827,NO
101,80,0.9718132036711347,YES
102,63,0.03053497718759816,NO
103,160,1.0,YES
104,98,0.03133961781996415,NO
105,54,0.03053730204997457,NO
106,267,0.05717542084941095,NO
107,55,0.03052609271535384,NO
108,46,0.030568626634094362,NO
109,226,0.045488506833866134,NO
110,54,0.03053730204997457,NO
111,270,0.05882368997061318,NO
112,74,0.03068255600126219,NO
113,359,0.10779796514683063,NO
114,78,0.03068255600126219,NO
115,180,0.03806192639685859,NO
116,57,0.03052609271535384,NO
117,50,0.030568626634094362,NO
118,243,0.05004819901745409,NO
119,254,0.05269034000682309,NO
120,306,0.07293971514940645,NO
121,139,0.03354512758583888,NO
122,375,0.1259684001709239,NO
123,75,0.03068255600126219,NO
124,222,0.045488506833866134,NO
125,61,0.03053497718759816,NO
126,98,0.03133961781996415,NO
127,28,0.030896858419092815,NO
128,55,0.03052609271535384,NO
129,194,0.0401618604050693,NO
130,28,0.030896858419092815,NO
131,50,0.030568626634094362,NO
132,55,0.03052609271535384,NO
133,124,0.03254036133135771,NO
134,87,0.03088275283465987,NO
135,65,0.030563972461693827,NO
136,144,0.033931135557311365,NO
137,134,0.03318513396855195,NO
138,117,0.03225430120086303,NO
139,28,0.030896858419092815,NO
140,57,0.03052609271535384,NO
141,60,0.03053497718759816,NO
142,62,0.03053497718759816,NO
143,89,0.03101391232918523,NO
144,60,0.03053497718759816,NO
145,68,0.030563972461693827,NO
146,522,0.4496462355501606,NO
147,43,0.03062012641174324,NO
148,247,0.05133666600803728,NO
149,35,0.0307840850158309,NO
150,42,0.03062012641174324,NO
151,57,0.03052609271535384,NO
152,117,0.03225430120086303,NO
153,61,0.03053497718759816,NO
154,92,0.03101391232918523,NO
155,93,0.031166102674745965,NO
156,80,0.03077237147280794,NO
157,101,0.03133961781996415,NO
158,59,0.03052609271535384,NO
159,84,0.03088275283465987,NO
160,82,0.03077237147280794,NO
161,172,0.036841238816780884,NO
162,143,0.033931135557311365,NO
163,78,0.03068255600126219,NO
164,66,0.030563972461693827,NO
165,66,0.030563972461693827,NO
166,85,0.9719142283815513,YES
167,54,0.03053730204997457,NO
168,77,0.03068255600126219,NO
169,137,0.03354512758583888,NO
170,130,0.03285043407532597,NO
171,79,0.03077237147280794,NO
172,76,0.03068255600126219,NO
173,81,0.03077237147280794,NO
174,98,0.03133961781996415,NO
175,115,0.031991689331323014,NO
176,180,0.03806192639685859,NO
177,118,0.03225430120086303,NO
178,64,0.03053497718759816,NO
179,95,0.031166102674745965,NO
180,88,0.03088275283465987,NO
181,51,0.03053730204997457,NO
182,120,0.03225430120086303,NO
