ID, Size, Predicted, Actual
0,45,0.41667088541412645,YES
1,79,1.3807127589263936E-5,YES
2,67,0.6249905080584801,NO
3,45,0.41667088541412645,YES
4,28,7.319536105368534E-6,NO
5,28,7.319536105368534E-6,NO
6,564,0.8332995850621598,YES
7,1492,6.067930999290271E-4,NO
8,174,1.5183647497025104E-4,NO
9,25,1.446459083499544E-5,NO
10,39,0.3225841221141146,NO
11,47,0.4545479648629683,NO
12,184,1.0123456404640068E-4,NO
13,30,0.32258759893066363,NO
14,221,1.5183647497025104E-4,NO
15,50,1.3807127589263936E-5,NO
16,101,2.8928344796648862E-5,NO
17,41,0.4347860538655787,NO
18,250,8.677499336223576E-5,NO
19,227,0.47619185373070455,NO
20,363,5.5223935453519066E-5,NO
21,408,6.067930999290271E-4,NO
22,145,0.26316546758820736,NO
23,49,5.062240676047972E-5,NO
24,85,0.1562565260814661,NO
25,64,2.8928344796648862E-5,NO
26,42,2.4300034576314252E-5,NO
27,36,0.29412132581033257,NO
28,37,1.9596986416039555E-5,NO
29,83,5.062240676047972E-5,NO
30,32,2.761349265249541E-5,NO
31,26,2.761349265249541E-5,NO
32,883,0.9999696253258323,YES
33,429,0.40000486000691515,NO
34,213,8.677499336223576E-5,YES
35,24,1.557721700413812E-5,NO
36,24,1.557721700413812E-5,NO
37,27,2.25001130156279E-5,NO
38,259,2.024281426432589E-4,NO
39,30,0.32258759893066363,NO
40,428,0.47619185373070455,YES
41,981,6.067930999290271E-4,YES
42,126,6.067930999290271E-4,NO
43,562,5.5223935453519066E-5,NO
44,226,4.3391261957586236E-5,NO
45,37,1.9596986416039555E-5,NO
46,35,1.1683003747445904E-5,NO
47,283,1.0123456404640068E-4,NO
48,316,5.5223935453519066E-5,NO
49,204,5.5223935453519066E-5,NO
50,133,0.33334008339761345,NO
51,298,6.067930999290271E-4,NO
52,336,5.5223935453519066E-5,NO
53,701,0.769205607601863,NO
54,301,1.214765578051323E-4,NO
55,76,1.2398271954547771E-5,NO
56,69,0.38461808069317227,NO
57,266,4.6728739397558694E-5,NO
58,253,7.592976639319999E-5,NO
59,217,5.5223935453519066E-5,NO
60,100,0.6666531670848449,NO
61,191,0.3846207766449701,NO
62,476,5.5223935453519066E-5,NO
63,95,0.3448340874487885,NO
64,551,1.214765578051323E-4,NO
65,136,3.7967766080208944E-5,NO
66,33,3.7967766080208944E-5,NO
67,551,0.9999392543419241,YES
68,168,0.769205607601863,NO
69,113,1.214765578051323E-4,NO
70,34,3.1973238999899895E-5,NO
71,39,0.3225841221141146,NO
72,36,0.29412132581033257,NO
73,291,0.9999392543419241,YES
74,75,0.23810281478567538,NO
75,57,1.0296913204261775E-5,NO
76,124,4.049874546597028E-5,NO
77,59,2.1696572420450582E-5,NO
78,32,2.761349265249541E-5,NO
79,25,1.446459083499544E-5,NO
80,53,0.9999696253258323,YES
81,53,0.22222972239489774,NO
82,88,2.09484460962611E-5,YES
83,107,0.40000486000691515,NO
84,134,5.5223935453519066E-5,NO
85,169,4.6728739397558694E-5,NO
86,94,0.29412500443037853,NO
87,35,1.1683003747445904E-5,NO
88,695,6.067930999290271E-4,NO
89,162,6.749426453256418E-5,NO
90,39,0.3225841221141146,NO
91,79,1.3807127589263936E-5,NO
92,85,0.1562565260814661,NO
93,110,4.3391261957586236E-5,NO
94,133,0.33334008339761345,NO
95,53,0.22222972239489774,NO
96,52,2.761349265249541E-5,NO
97,217,5.5223935453519066E-5,NO
98,555,0.9999392543419241,YES
99,202,0.9999696253258323,YES
100,215,0.45454796486296833,NO
101,76,1.2398271954547771E-5,NO
102,563,1.0123456404640068E-4,YES
103,257,5.5223935453519066E-5,NO
104,55,0.149260092094125,NO
105,102,0.34483408744878835,NO
106,403,0.4761918537307045,NO
107,35,1.1683003747445904E-5,NO
108,145,0.26316546758820736,YES
109,119,4.6728739397558694E-5,NO
110,108,0.5,NO
111,91,3.3749410157899105E-5,YES
112,69,0.38461808069317227,NO
113,80,0.25641784531084805,NO
114,63,4.049874546597028E-5,NO
115,160,7.592976639319999E-5,YES
116,102,0.34483408744878835,YES
117,54,0.15385262446308318,NO
118,267,4.6728739397558694E-5,NO
119,55,0.149260092094125,NO
120,46,4.049874546597028E-5,NO
121,226,4.3391261957586236E-5,NO
122,54,0.15385262446308318,NO
123,270,0.37037620373300395,NO
124,74,1.7357408574869334E-5,NO
125,359,4.6728739397558694E-5,NO
126,78,0.2325656964868291,NO
127,180,2.761349265249541E-5,NO
128,57,1.0296913204261775E-5,NO
129,50,1.3807127589263936E-5,NO
130,243,0.4347860538655787,NO
131,254,5.5223935453519066E-5,NO
132,306,4.6728739397558694E-5,NO
133,139,4.049874546597028E-5,NO
134,372,1.0123456404640068E-4,NO
135,75,0.23810281478567538,NO
136,222,4.049874546597028E-5,NO
137,572,3.035807606753626E-4,NO
138,38,7.592976639319999E-5,NO
139,348,3.035807606753626E-4,NO
140,124,4.049874546597028E-5,NO
141,62,3.573452769433647E-5,NO
142,53,0.22222972239489774,NO
143,158,2.024281426432589E-4,NO
144,778,3.035807606753626E-4,YES
145,203,0.5882289880245246,NO
146,115,4.3391261957586236E-5,NO
147,53,0.22222972239489774,NO
148,88,2.09484460962611E-5,NO
149,61,2.3365461537342416E-5,NO
150,98,0.2857217246036749,NO
151,28,7.319536105368534E-6,NO
152,55,0.149260092094125,NO
153,195,1.214765578051323E-4,NO
154,28,7.319536105368534E-6,NO
155,50,1.3807127589263936E-5,NO
156,55,0.149260092094125,NO
157,546,6.067930999290271E-4,NO
158,130,0.7407299073529924,NO
159,87,4.3391261957586236E-5,NO
160,65,5.5223935453519066E-5,NO
161,140,0.45454796486296833,NO
162,134,5.5223935453519066E-5,NO
163,117,0.4000048600069152,NO
164,28,7.319536105368534E-6,NO
165,57,1.0296913204261775E-5,NO
166,60,2.1696572420450582E-5,YES
167,62,3.573452769433647E-5,NO
168,88,0.9999392543419241,YES
169,60,2.1696572420450582E-5,NO
170,67,0.9999797498071595,YES
171,522,0.5263141066716315,YES
172,43,2.6412969437546695E-5,NO
173,247,0.3571490561635486,NO
174,35,1.1683003747445904E-5,NO
175,42,2.4300034576314252E-5,NO
176,57,1.0296913204261775E-5,NO
177,125,6.749426453256418E-5,NO
178,61,2.3365461537342416E-5,NO
179,92,0.3571490561635486,NO
180,92,0.3571490561635486,NO
181,80,0.25641784531084805,NO
182,101,2.8928344796648862E-5,NO
183,59,2.1696572420450582E-5,NO
184,84,4.049874546597028E-5,NO
185,81,2.5312484759139443E-5,NO
186,173,1.0123456404640068E-4,NO
187,197,6.067930999290271E-4,NO
188,54,0.15385262446308318,NO
189,94,0.29412500443037853,NO
190,69,0.38461808069317227,NO
191,69,0.38461808069317227,NO
192,62,3.573452769433647E-5,NO
193,59,2.1696572420450582E-5,NO
194,85,0.1562565260814661,NO
195,106,1.5183647497025104E-4,NO
196,522,0.5263141066716315,YES
197,76,1.2398271954547771E-5,NO
198,182,3.035807606753626E-4,NO
199,145,0.26316546758820736,NO
200,128,0.9090457258709927,NO
201,63,4.049874546597028E-5,NO
202,159,1.214765578051323E-4,NO
203,99,0.46511726475915144,NO
204,73,0.5882289880245246,NO
205,74,1.7357408574869334E-5,NO
206,330,2.024281426432589E-4,NO
207,81,2.5312484759139443E-5,NO
208,66,3.3749410157899105E-5,NO
209,245,0.5263141066716316,NO
210,91,3.3749410157899105E-5,NO
211,57,1.0296913204261775E-5,NO
212,85,0.1562565260814661,NO
213,94,0.29412500443037853,NO
214,54,0.15385262446308318,NO
215,75,0.23810281478567538,NO
216,137,5.062240676047972E-5,NO
217,133,0.33334008339761345,NO
218,79,1.3807127589263936E-5,NO
219,76,1.2398271954547771E-5,NO
220,81,2.5312484759139443E-5,NO
221,102,0.34483408744878835,NO
222,115,4.3391261957586236E-5,NO
223,180,2.761349265249541E-5,NO
224,118,0.45454796486296833,NO
225,132,3.7967766080208944E-5,NO
226,94,0.29412500443037853,NO
227,88,2.09484460962611E-5,NO
228,51,3.0374674167576566E-5,NO
229,67,0.6249905080584801,NO
230,115,4.3391261957586236E-5,NO
231,179,2.761349265249541E-5,NO
232,83,5.062240676047972E-5,NO
233,111,0.3030375551921814,NO
234,218,0.9090457258709927,NO
235,173,1.0123456404640068E-4,NO
236,166,0.9999392543419241,NO
237,104,6.067930999290271E-4,NO
238,114,0.9090457258709927,NO
239,51,3.0374674167576566E-5,NO
240,45,0.41667088541412645,NO
241,49,5.062240676047972E-5,NO
242,41,0.4347860538655787,NO
243,44,0.21277338293186404,NO
244,96,6.067930999290271E-4,NO
245,31,2.761349265249541E-5,NO
246,150,2.024281426432589E-4,NO
247,171,0.8332995850621598,NO
248,122,0.7142671180305897,NO
249,120,0.7407299073529924,NO
250,150,2.024281426432589E-4,NO
251,39,0.3225841221141146,NO
252,76,1.2398271954547771E-5,NO
253,30,0.32258759893066363,NO
254,340,0.9999392543419241,NO
255,46,4.049874546597028E-5,NO
256,48,0.9999392543419241,NO
257,145,0.26316546758820736,NO
258,31,2.761349265249541E-5,NO
259,34,3.1973238999899895E-5,NO
260,296,0.6249905080584801,NO
261,45,0.41667088541412645,NO
262,28,7.319536105368534E-6,NO
263,34,3.1973238999899895E-5,NO
