ID, Size, Predicted, Actual
0,45,8.66903886798519E-4,NO
1,79,8.66903886798519E-4,NO
2,67,8.66903886798519E-4,NO
3,45,2.1700815952506867E-4,NO
4,28,1.847611600728186E-5,NO
5,28,1.847611600728186E-5,NO
6,564,8.66903886798519E-4,YES
7,1491,0.9999131741258823,YES
8,25,3.4733968615742845E-5,NO
9,39,0.3225905847760659,NO
10,47,0.66664737091106,NO
11,184,8.66903886798519E-4,NO
12,30,8.682587411779722E-5,NO
13,221,0.9999131741258823,YES
14,50,3.3398135980507115E-5,NO
15,101,0.9999131741258823,NO
16,41,1.4469303939682949E-4,NO
17,250,0.9999131741258823,YES
18,227,1.4469303939682949E-4,NO
19,363,1.7362159854147625E-4,NO
20,407,2.1700815952506867E-4,NO
21,145,0.400006946793723,NO
22,49,1.4469303939682949E-4,NO
23,85,0.2439132872265833,NO
24,64,6.67918105170742E-5,NO
25,42,8.682587411779722E-5,NO
26,36,2.7136325347668517E-5,NO
27,37,4.8240319850277326E-5,NO
28,83,1.7362159854147625E-4,NO
29,32,8.682587411779722E-5,NO
30,26,5.788726682022613E-5,NO
31,882,0.9999131741258823,YES
32,413,0.9999131741258823,YES
33,213,4.338280306051933E-4,YES
34,24,4.34167067524137E-5,NO
35,24,4.34167067524137E-5,NO
36,27,4.570158771702158E-5,NO
37,259,0.9999131741258823,YES
38,30,8.682587411779722E-5,NO
39,428,1.4469303939682949E-4,NO
40,979,8.66903886798519E-4,NO
41,123,7.893385892550633E-5,NO
42,562,1.4469303939682949E-4,NO
43,205,9.647133208472234E-5,NO
44,37,4.8240319850277326E-5,NO
45,35,3.3398135980507115E-5,NO
46,283,8.66903886798519E-4,NO
47,316,1.4469303939682949E-4,NO
48,204,1.4469303939682949E-4,NO
49,133,8.682587411779722E-5,NO
50,285,0.6249864325736665,NO
51,336,1.4469303939682949E-4,NO
52,701,8.66903886798519E-4,NO
53,301,8.66903886798519E-4,NO
54,76,2.9943363303734516E-5,NO
55,69,0.3448368789748182,NO
56,266,1.2402773261145416E-4,NO
57,253,4.338280306051933E-4,NO
58,217,1.4469303939682949E-4,NO
59,100,8.66903886798519E-4,NO
60,191,0.476192445210262,NO
61,476,1.7362159854147625E-4,NO
62,95,0.416672696852097,NO
63,551,8.66903886798519E-4,NO
64,136,7.893385892550633E-5,NO
65,33,8.682587411779722E-5,NO
66,491,0.9999131741258823,YES
67,143,0.9999131741258823,YES
68,113,0.9999131741258823,YES
69,34,7.23569892511111E-5,NO
70,39,0.3225905847760659,NO
71,36,2.7136325347668517E-5,NO
72,277,0.9999131741258823,YES
73,75,0.41667269685209685,NO
74,57,2.894530897493687E-5,NO
75,124,1.2402773261145416E-4,NO
76,59,6.67918105170742E-5,NO
77,32,8.682587411779722E-5,NO
78,25,3.4733968615742845E-5,NO
79,53,4.34167067524137E-5,NO
80,53,4.34167067524137E-5,NO
81,88,5.788726682022613E-5,YES
82,107,9.647133208472234E-5,NO
83,133,8.682587411779722E-5,YES
84,169,1.2402773261145416E-4,NO
85,94,1.4469303939682949E-4,NO
86,35,3.3398135980507115E-5,NO
87,689,8.66903886798519E-4,YES
88,162,2.1700815952506867E-4,NO
89,39,0.3225905847760659,NO
90,79,3.7754085652028985E-5,NO
91,85,0.2439132872265833,NO
92,110,1.4469303939682949E-4,NO
93,122,8.66903886798519E-4,NO
94,53,4.34167067524137E-5,NO
95,52,7.893385892550633E-5,NO
96,177,0.9999131741258823,NO
97,527,0.9999131741258823,YES
98,183,1.2402773261145416E-4,NO
99,215,0.6249864325736664,NO
100,76,2.9943363303734516E-5,NO
101,563,8.66903886798519E-4,NO
102,257,2.893023587184837E-4,NO
103,55,2.7136325347668517E-5,NO
104,102,9.647133208472234E-5,NO
105,403,0.6249864325736665,NO
106,35,3.3398135980507115E-5,NO
107,145,0.400006946793723,NO
108,119,1.2402773261145416E-4,NO
109,108,0.6249864325736665,NO
110,91,1.2402773261145416E-4,NO
111,69,0.3448368789748182,NO
112,80,0.400006946793723,NO
113,63,1.2402773261145416E-4,NO
114,160,2.1700815952506867E-4,NO
115,102,9.647133208472234E-5,NO
116,54,2.8011641640624208E-5,NO
117,267,1.2402773261145416E-4,NO
118,55,2.7136325347668517E-5,NO
119,46,1.0852763114402651E-4,NO
120,226,1.2402773261145416E-4,NO
121,54,2.8011641640624208E-5,NO
122,270,8.682587411779722E-5,NO
123,74,4.34167067524137E-5,NO
124,359,1.2402773261145416E-4,NO
125,78,4.34167067524137E-5,NO
126,180,7.23569892511111E-5,NO
127,57,2.894530897493687E-5,NO
128,50,3.3398135980507115E-5,NO
129,243,1.2402773261145416E-4,NO
130,254,1.4469303939682949E-4,NO
131,306,1.2402773261145416E-4,NO
132,139,1.2402773261145416E-4,NO
133,372,8.66903886798519E-4,NO
134,75,0.41667269685209685,NO
135,222,1.2402773261145416E-4,NO
136,61,6.67918105170742E-5,NO
137,98,0.35715171791508726,NO
138,28,1.847611600728186E-5,NO
139,55,2.7136325347668517E-5,NO
140,195,8.66903886798519E-4,NO
141,28,1.847611600728186E-5,NO
142,50,3.3398135980507115E-5,NO
143,55,2.7136325347668517E-5,NO
144,130,8.66903886798519E-4,NO
145,87,1.2402773261145416E-4,NO
146,65,1.7362159854147625E-4,NO
147,140,1.4469303939682949E-4,NO
148,134,2.1700815952506867E-4,NO
149,117,0.5555501955200166,NO
150,28,1.847611600728186E-5,NO
151,57,2.894530897493687E-5,NO
152,60,5.426970533457612E-5,NO
153,62,1.2402773261145416E-4,NO
154,89,1.7362159854147625E-4,NO
155,60,5.426970533457612E-5,NO
156,68,1.7362159854147625E-4,NO
157,522,0.7691948044097217,NO
158,43,5.788726682022613E-5,NO
159,247,0.47619244521026194,NO
160,35,3.3398135980507115E-5,NO
161,42,8.682587411779722E-5,NO
162,57,2.894530897493687E-5,NO
163,125,2.1700815952506867E-4,NO
164,61,6.67918105170742E-5,NO
165,92,1.4469303939682949E-4,NO
166,92,1.4469303939682949E-4,NO
167,80,0.400006946793723,NO
168,101,1.0852763114402651E-4,NO
169,59,6.67918105170742E-5,NO
170,84,1.2402773261145416E-4,NO
171,81,1.0852763114402651E-4,NO
172,173,8.66903886798519E-4,NO
173,159,8.66903886798519E-4,NO
174,99,0.9999131741258823,YES
175,73,8.66903886798519E-4,NO
176,74,8.66903886798519E-4,NO
177,330,0.9999131741258823,YES
178,81,1.0852763114402651E-4,NO
179,66,1.0852763114402651E-4,NO
180,245,0.9999131741258823,YES
181,91,1.2402773261145416E-4,NO
182,57,2.894530897493687E-5,NO
183,85,0.2439132872265833,NO
184,94,1.4469303939682949E-4,NO
185,54,2.8011641640624208E-5,NO
186,75,0.41667269685209685,NO
187,137,1.4469303939682949E-4,NO
188,133,8.682587411779722E-5,NO
189,79,3.7754085652028985E-5,NO
190,76,2.9943363303734516E-5,NO
191,81,1.0852763114402651E-4,NO
192,99,0.476192445210262,NO
193,115,1.4469303939682949E-4,NO
194,180,7.23569892511111E-5,NO
195,118,1.4469303939682949E-4,NO
196,132,1.2402773261145416E-4,NO
197,94,1.4469303939682949E-4,NO
198,88,5.788726682022613E-5,NO
199,51,7.23569892511111E-5,NO
200,111,6.202155869902556E-5,NO
