ID, Size, Predicted, Actual
0,45,0.4191943004535884,YES
1,79,0.0,YES
2,67,0.6308738206238206,NO
3,45,0.4191943004535884,YES
4,28,0.0,NO
5,28,0.0,NO
6,564,0.800489898989899,YES
7,1492,0.6219642857142857,NO
8,174,0.0,NO
9,25,0.0,NO
10,39,0.3219781507639268,NO
11,47,0.4741274860760153,NO
12,184,0.0,NO
13,30,0.32205316008642487,NO
14,221,0.0,NO
15,50,0.0,NO
16,101,0.0,NO
17,41,0.4428564059349662,NO
18,250,0.00875,NO
19,227,0.4655237083178261,NO
20,363,0.0,NO
21,408,0.455114996114996,NO
22,145,0.26764610963530566,NO
23,49,0.0,NO
24,85,0.15210554533070778,NO
25,64,0.0,NO
26,42,0.0,NO
27,36,0.3082385318991131,NO
28,37,0.0,NO
29,83,0.0,NO
30,32,0.0,NO
31,26,0.0,NO
32,883,1.0,YES
33,429,0.05754021305491894,NO
34,213,0.0,YES
35,24,0.0,NO
36,24,0.0,NO
37,27,0.0,NO
38,259,0.1843769841269841,NO
39,30,0.32205316008642487,NO
40,428,0.44034396640511175,YES
41,981,0.023833333333333335,YES
42,126,0.0,NO
43,562,0.0,NO
44,226,0.0,NO
45,37,0.0,NO
46,35,0.0,NO
47,283,0.021630952380952376,NO
48,316,0.0,NO
49,204,0.005,NO
50,133,0.34024524090161795,NO
51,298,0.6072218614718614,NO
52,336,0.0,NO
53,701,0.7368555888555887,NO
54,301,0.0955,NO
55,76,0.0,NO
56,69,0.37953131768245024,NO
57,266,0.0,NO
58,253,0.0,NO
59,217,0.0,NO
60,100,0.6693289210789213,NO
61,191,0.3785125677126449,NO
62,476,0.0,NO
63,95,0.3557588761857337,NO
64,551,0.046071428571428576,NO
65,136,0.0,NO
66,33,0.0,NO
67,551,1.0,YES
68,168,0.7967518037518038,NO
69,113,0.04207142857142857,NO
70,34,0.0,NO
71,39,0.3219781507639268,NO
72,36,0.3082385318991131,NO
73,291,1.0,YES
74,75,0.23336982986967564,NO
75,57,0.0,NO
76,124,0.0,NO
77,59,0.0,NO
78,32,0.0,NO
79,25,0.0,NO
80,53,1.0,YES
81,53,0.23266455249688922,NO
82,88,0.0,YES
83,107,0.4171672870043613,NO
84,134,0.0,NO
85,169,0.0,NO
86,94,0.30395954964306005,NO
87,35,0.0,NO
88,695,0.4165071040071041,NO
89,162,0.0,NO
90,39,0.3219781507639268,NO
91,79,0.0,NO
92,85,0.15210554533070778,NO
93,110,0.0,NO
94,133,0.34024524090161795,NO
95,53,0.23266455249688922,NO
96,52,0.0,NO
97,217,0.0,NO
98,555,1.0,YES
99,202,1.0,YES
100,215,0.45684897017327364,NO
101,76,0.0,NO
102,563,0.025555555555555554,YES
103,257,0.0,NO
104,55,0.1610280395936684,NO
105,102,0.34683266323123635,NO
106,403,0.48289971212997523,NO
107,35,0.0,NO
108,145,0.26764610963530566,YES
109,119,0.0,NO
110,108,0.5062944277944278,NO
111,91,0.0,YES
112,69,0.37953131768245024,NO
113,80,0.2672345885690895,NO
114,63,0.0,NO
115,160,0.0,YES
116,102,0.34683266323123635,YES
117,54,0.1528351517181516,NO
118,267,0.0,NO
119,55,0.1610280395936684,NO
120,46,0.0,NO
121,226,0.0,NO
122,54,0.1528351517181516,NO
123,270,0.3840925315915894,NO
124,74,0.0,NO
125,359,0.0,NO
126,78,0.21897327306647055,NO
127,180,0.0,NO
128,57,0.0,NO
129,50,0.0,NO
130,243,0.4340678228032718,NO
131,254,0.0,NO
132,306,0.0,NO
133,139,0.0,NO
134,372,0.03224206349206349,NO
135,75,0.23336982986967564,NO
136,222,0.0,NO
137,572,0.33330122655122657,NO
138,38,0.010638528138528138,NO
139,348,0.3564016122766122,NO
140,124,0.0,NO
141,62,0.0,NO
142,53,0.23266455249688922,NO
143,158,0.016666666666666663,NO
144,778,0.34,YES
145,203,0.5997695082695084,NO
146,115,0.008,NO
147,53,0.23266455249688922,NO
148,88,0.0,NO
149,61,0.0,NO
150,98,0.28406375043558707,NO
151,28,0.0,NO
152,55,0.1610280395936684,NO
153,195,0.0,NO
154,28,0.0,NO
155,50,0.0,NO
156,55,0.1610280395936684,NO
157,546,0.48139414751914744,NO
158,130,0.7384556832056831,NO
159,87,0.0,NO
160,65,0.0,NO
161,140,0.45249076070128713,NO
162,134,0.0,NO
163,117,0.4294092354200645,NO
164,28,0.0,NO
165,57,0.0,NO
166,60,0.0,YES
167,62,0.0,NO
168,88,1.0,YES
169,60,0.0,NO
170,67,1.0,YES
171,522,0.5401058247308247,YES
172,43,0.0,NO
173,247,0.35304162535950473,NO
174,35,0.0,NO
175,42,0.0,NO
176,57,0.0,NO
177,125,0.0,NO
178,61,0.0,NO
179,92,0.35340614111550633,NO
180,92,0.35340614111550633,NO
181,80,0.2672345885690895,NO
182,101,0.0,NO
183,59,0.0,NO
184,84,0.0,NO
185,81,0.0,NO
186,173,0.0,NO
187,197,0.0,NO
188,54,0.1528351517181516,NO
189,94,0.30395954964306005,NO
190,69,0.37953131768245024,NO
191,69,0.37953131768245024,NO
192,62,0.0,NO
193,59,0.0,NO
194,85,0.15210554533070778,NO
195,106,0.06276821054762231,NO
196,522,0.5401058247308247,YES
197,76,0.0,NO
198,182,0.0,NO
199,145,0.26764610963530566,NO
200,128,0.9184978632478632,NO
201,63,0.0,NO
202,159,0.0,NO
203,99,0.4665962859662834,NO
204,73,0.5716228771228772,NO
205,74,0.0,NO
206,330,0.008,NO
207,81,0.0,NO
208,66,0.0,NO
209,245,0.5340979838015439,NO
210,91,0.0,NO
211,57,0.0,NO
212,85,0.15210554533070778,NO
213,94,0.30395954964306005,NO
214,54,0.1528351517181516,NO
215,75,0.23336982986967564,NO
216,137,0.0,NO
217,133,0.34024524090161795,NO
218,79,0.0,NO
219,76,0.0,NO
220,81,0.0,NO
221,102,0.34683266323123635,NO
222,115,0.008,NO
223,180,0.0,NO
224,118,0.44296739745462643,NO
225,132,0.0,NO
226,94,0.30395954964306005,NO
227,88,0.0,NO
228,51,0.0,NO
229,67,0.6308738206238206,NO
230,115,0.008,NO
231,179,0.0,NO
232,83,0.0,NO
233,111,0.32131274825666395,NO
234,218,0.9023845598845598,NO
235,173,0.0,NO
236,166,1.0,NO
237,104,0.372794955044955,NO
238,114,0.9154758297258297,NO
239,51,0.0,NO
240,45,0.4191943004535884,NO
241,49,0.0,NO
242,41,0.4428564059349662,NO
243,44,0.4191943004535884,NO
244,96,0.027948717948717953,NO
245,31,0.0,NO
246,150,0.2091861471861472,NO
247,171,0.8184188311688312,NO
248,122,0.7058051115551116,NO
249,120,0.7505146121508353,NO
250,150,0.2091861471861472,NO
251,39,0.3219781507639268,NO
252,76,0.0,NO
253,30,0.32205316008642487,NO
254,340,0.99,NO
255,46,0.0,NO
256,48,0.99,NO
257,145,0.26764610963530566,NO
258,31,0.0,NO
259,34,0.0,NO
260,296,0.38676832073155604,NO
261,45,0.4191943004535884,NO
262,28,0.0,NO
263,34,0.0,NO
