ID, Size, Predicted, Actual
0,28,0.02,NO
1,28,0.02,NO
2,387,0.1,NO
3,1087,0.1,NO
4,25,0.01,NO
5,50,0.2546666666666667,NO
6,76,0.62,NO
7,38,0.98,NO
8,168,0.75,NO
9,268,0.89,NO
10,374,0.1,NO
11,145,0.53,NO
12,85,0.2,NO
13,64,0.73,NO
14,36,0.15,NO
15,36,0.15,NO
16,36,0.15,NO
17,26,0.01,NO
18,491,0.09,NO
19,354,0.05,NO
20,196,0.67,NO
21,24,0.01,NO
22,27,0.01,NO
23,69,0.99,YES
24,56,0.94,YES
25,26,0.01,NO
26,187,0.95,NO
27,983,0.1,NO
28,252,0.1,NO
29,620,0.1,NO
30,37,0.23,NO
31,35,0.14,NO
32,286,0.05,NO
33,232,0.24,NO
34,203,0.38,NO
35,270,0.05,NO
36,425,0.1,NO
37,244,0.14,NO
38,74,0.62,NO
39,69,0.73,NO
40,228,0.24,NO
41,231,0.24,NO
42,202,0.38,NO
43,99,0.22,NO
44,191,0.95,NO
45,447,0.09,YES
46,95,0.2,NO
47,549,0.09,NO
48,136,0.14,NO
49,40,0.9065714285714286,NO
50,86,0.2,NO
51,90,0.2,NO
52,79,0.39,NO
53,85,0.2,NO
54,59,0.52,NO
55,112,0.13,NO
56,52,0.2546666666666667,NO
57,157,0.93,YES
58,74,0.62,NO
59,230,0.93,YES
60,206,0.98,YES
61,55,0.22466666666666668,NO
62,29,0.06,NO
63,111,0.13,NO
64,98,0.21,NO
65,43,0.3259999999999999,NO
66,54,0.2546666666666667,NO
67,205,0.38,NO
68,121,0.12,NO
69,107,0.14,NO
70,74,0.62,NO
71,76,0.62,NO
72,33,0.39,NO
73,420,0.75,YES
74,146,0.53,NO
75,125,0.13,NO
76,75,0.62,NO
77,47,0.248,NO
78,34,0.13,NO
79,39,1.0,NO
80,36,0.15,NO
81,79,0.39,NO
82,28,0.02,NO
83,422,0.1,NO
84,212,0.94,NO
85,88,0.2,NO
86,57,0.37,NO
87,43,0.3259999999999999,NO
88,27,0.01,NO
89,25,0.01,NO
90,53,0.2546666666666667,NO
91,108,0.97,YES
92,102,0.93,YES
93,85,0.2,NO
94,54,0.2546666666666667,NO
95,78,0.62,NO
96,98,0.21,NO
97,78,0.62,NO
98,77,0.62,NO
99,97,0.21,NO
100,176,0.76,NO
101,123,0.13,NO
102,51,0.2546666666666667,NO
103,71,0.92,NO
104,94,0.86,YES
