ID, Size, Predicted, Actual
0,50,4.4794686430754514E-5,NO
1,79,4.134922627848498E-5,NO
2,67,0.9998925062349847,NO
3,45,0.7142528060097267,NO
4,28,2.0285380709804793E-5,NO
5,28,2.0285380709804793E-5,NO
6,459,0.6249832027450164,YES
7,1479,0.9998925062349847,YES
8,25,3.583639125656727E-5,NO
9,39,0.45454767586003253,NO
10,47,0.6249832027450163,NO
11,184,1.3435998483870475E-4,NO
12,30,0.5263128115037983,NO
13,215,1.7913060112837183E-4,YES
14,50,4.4794686430754514E-5,NO
15,82,9.772351449901789E-5,NO
16,41,0.5882241346074396,NO
17,245,2.149413203268792E-4,NO
18,227,0.6666427774513689,NO
19,363,2.149413203268792E-4,NO
20,407,5.370070258197345E-4,NO
21,145,0.41667413244773854,NO
22,49,1.7913060112837183E-4,NO
23,85,0.22728605516019465,NO
24,64,7.166764589353718E-5,NO
25,42,8.26916140884454E-5,NO
26,36,0.35714834248731814,NO
27,37,5.65814278349964E-5,NO
28,83,1.7913060112837183E-4,NO
29,32,1.0749376501521888E-4,NO
30,26,6.71890199350522E-5,NO
31,866,0.0010728617830090504,YES
32,376,0.7407215691614685,YES
33,207,1.5354837388503764E-4,YES
34,24,3.981789541181275E-5,NO
35,24,3.981789541181275E-5,NO
36,27,5.119327215326988E-5,NO
37,260,5.370070258197345E-4,YES
38,30,0.5263128115037983,NO
39,428,0.6666427774513689,NO
40,979,1.7913060112837183E-4,NO
41,123,9.772351449901789E-5,NO
42,562,2.149413203268792E-4,NO
43,205,1.1943466368764916E-4,NO
44,37,5.65814278349964E-5,NO
45,35,3.839593692177662E-5,NO
46,283,0.6666427774513689,NO
47,316,2.149413203268792E-4,NO
48,204,2.149413203268792E-4,NO
49,133,1.5354837388503764E-4,NO
50,285,0.6666427774513689,NO
51,336,2.149413203268792E-4,NO
52,701,0.9998925062349847,YES
53,301,0.9998925062349847,YES
54,76,3.583639125656727E-5,NO
55,69,0.3571538274105492,NO
56,266,1.5354837388503764E-4,NO
57,253,5.370070258197345E-4,NO
58,217,2.149413203268792E-4,NO
59,100,0.9998925062349847,YES
60,191,0.5000000000000001,NO
61,476,2.149413203268792E-4,NO
62,95,7.678597730447112E-5,NO
63,551,0.9998925062349847,YES
64,136,1.0749376501521888E-4,NO
65,33,1.0749376501521888E-4,NO
66,474,0.9998925062349847,YES
67,140,2.149413203268792E-4,NO
68,111,7.166764589353718E-5,NO
69,34,8.26916140884454E-5,NO
70,39,0.45454767586003253,NO
71,36,0.35714834248731814,NO
72,271,0.47619291396534075,YES
73,75,0.4166741324477385,NO
74,57,3.7072037263481173E-5,NO
75,124,1.5354837388503764E-4,NO
76,59,7.678597730447112E-5,NO
77,32,1.0749376501521888E-4,NO
78,25,3.583639125656727E-5,NO
79,53,0.3703806935284402,NO
80,53,0.3703806935284402,NO
81,88,7.166764589353718E-5,YES
82,107,0.5263128115037983,NO
83,133,1.5354837388503764E-4,NO
84,169,1.5354837388503764E-4,NO
85,94,0.6666427774513689,NO
86,35,3.839593692177662E-5,NO
87,685,0.0010728617830090504,NO
88,162,3.581328971344486E-4,NO
89,39,0.45454767586003253,NO
90,79,4.134922627848498E-5,NO
91,85,0.22728605516019465,NO
92,110,1.3435998483870475E-4,NO
93,111,7.166764589353718E-5,NO
94,53,0.3703806935284402,NO
95,52,8.95813473247821E-5,NO
96,159,0.9998925062349847,YES
97,524,0.9998925062349847,YES
98,183,1.3435998483870475E-4,NO
99,215,1.7913060112837183E-4,NO
100,76,3.583639125656727E-5,NO
101,563,2.149413203268792E-4,NO
102,257,2.149413203268792E-4,NO
103,55,0.23257151305883103,NO
104,102,0.5555489195038873,NO
105,403,1.7913060112837183E-4,NO
106,35,3.839593692177662E-5,NO
107,145,0.41667413244773854,NO
108,119,1.5354837388503764E-4,NO
109,108,0.7142528060097267,NO
110,91,1.7913060112837183E-4,NO
111,69,0.3571538274105492,NO
112,80,0.37038069352844016,NO
113,63,1.5354837388503764E-4,NO
114,160,5.370070258197345E-4,NO
115,102,0.9998925062349847,YES
116,54,0.22223549527683034,NO
117,267,1.5354837388503764E-4,NO
118,55,0.23257151305883103,NO
119,46,1.1943466368764916E-4,NO
120,226,1.5354837388503764E-4,NO
121,54,0.22223549527683034,NO
122,270,0.47619291396534075,NO
123,74,4.300305307818659E-5,NO
124,359,1.5354837388503764E-4,NO
125,78,4.134922627848498E-5,NO
126,180,1.0749376501521888E-4,NO
127,57,3.7072037263481173E-5,NO
128,50,4.4794686430754514E-5,NO
129,243,0.5882241346074396,NO
130,254,2.149413203268792E-4,NO
131,306,1.5354837388503764E-4,NO
132,139,1.1943466368764916E-4,NO
133,372,0.8332736124351169,NO
134,75,0.4166741324477385,NO
135,222,1.1943466368764916E-4,NO
136,61,7.678597730447112E-5,NO
137,98,5.375266058347515E-5,NO
138,28,2.0285380709804793E-5,NO
139,55,0.23257151305883103,NO
140,194,1.7913060112837183E-4,NO
141,28,2.0285380709804793E-5,NO
142,50,4.4794686430754514E-5,NO
143,55,0.23257151305883103,NO
144,124,1.5354837388503764E-4,NO
145,87,1.3435998483870475E-4,NO
146,65,2.686477786544756E-4,NO
147,140,2.149413203268792E-4,NO
148,134,3.581328971344486E-4,NO
149,117,1.0749376501521888E-4,NO
150,28,2.0285380709804793E-5,NO
151,57,3.7072037263481173E-5,NO
152,60,6.71890199350522E-5,NO
153,62,1.5354837388503764E-4,NO
154,89,2.686477786544756E-4,NO
155,60,6.71890199350522E-5,NO
156,68,2.686477786544756E-4,NO
157,522,0.9998925062349847,YES
158,43,6.32372245091242E-5,NO
159,247,0.4545498969575145,NO
160,35,3.839593692177662E-5,NO
161,42,8.26916140884454E-5,NO
162,57,3.7072037263481173E-5,NO
163,125,0.9998925062349847,YES
164,61,7.678597730447112E-5,NO
165,92,0.6249832027450164,NO
166,92,0.6249832027450164,NO
167,80,0.37038069352844016,NO
168,101,9.772351449901789E-5,NO
169,59,7.678597730447112E-5,NO
170,84,1.1943466368764916E-4,NO
171,81,1.7913060112837183E-4,NO
172,173,0.9999462473394165,YES
173,151,0.0010728617830090504,NO
174,78,4.134922627848498E-5,NO
175,72,3.581328971344486E-4,NO
176,73,0.9090109534881372,NO
177,324,0.0010728617830090504,NO
178,81,1.7913060112837183E-4,NO
179,66,8.95813473247821E-5,NO
180,239,0.9998925062349847,YES
181,91,1.7913060112837183E-4,NO
182,57,3.7072037263481173E-5,NO
183,85,0.22728605516019465,NO
184,94,0.6666427774513689,NO
185,54,0.22223549527683034,NO
186,75,0.4166741324477385,NO
187,137,1.7913060112837183E-4,NO
188,133,0.9998925062349847,YES
189,79,4.134922627848498E-5,NO
190,76,3.583639125656727E-5,NO
191,81,1.7913060112837183E-4,NO
192,99,0.40000860061061577,NO
193,115,1.7913060112837183E-4,NO
194,180,1.0749376501521888E-4,NO
195,118,0.6249832027450164,NO
196,132,1.0749376501521888E-4,NO
197,94,0.9998925062349847,YES
198,88,7.166764589353718E-5,NO
199,51,7.678597730447112E-5,NO
200,111,0.9999462473394165,YES
