ID, Size, Predicted, Actual
0,50,0.024188134789341724,NO
1,79,0.024233721298186708,NO
2,67,0.024162025856254262,NO
3,45,0.02423000438291131,NO
4,28,0.024541006748981933,NO
5,28,0.024541006748981933,NO
6,459,0.18861943666120187,YES
7,1472,1.0,YES
8,25,0.024655306078713267,NO
9,39,0.02428611784538732,NO
10,47,0.02423000438291131,NO
11,184,0.029639725687259286,NO
12,30,0.024441485624892845,NO
13,220,0.9735431256378678,YES
14,50,0.024188134789341724,NO
15,82,0.024290907630545543,NO
16,41,0.02428611784538732,NO
17,245,0.03887922324247581,YES
18,227,0.03557577401806376,NO
19,363,0.08208525363177196,NO
20,407,0.12001078578580285,NO
21,145,0.026689744787633342,NO
22,49,0.024188134789341724,NO
23,85,0.024362442169188717,NO
24,64,0.024147394099199717,NO
25,42,0.02428611784538732,NO
26,36,0.024356571303129675,NO
27,37,0.024356571303129675,NO
28,83,0.024290907630545543,NO
29,32,0.024441485624892845,NO
30,26,0.024541006748981933,NO
31,895,0.9981080508094382,YES
32,376,0.09161920702558014,YES
33,213,0.03347999019477637,YES
34,24,0.024655306078713267,NO
35,24,0.024655306078713267,NO
36,27,0.024541006748981933,NO
37,260,0.9784507100035843,YES
38,30,0.024441485624892845,NO
39,428,0.1469302721310408,NO
40,979,0.9997591172584153,NO
41,123,0.025471368666379637,NO
42,562,0.472541022497425,NO
43,205,0.032242760643426106,NO
44,37,0.024356571303129675,NO
45,35,0.024356571303129675,NO
46,283,0.047676342317454566,NO
47,316,0.0586054103427511,NO
48,204,0.032242760643426106,NO
49,133,0.025906747394950656,NO
50,285,0.047676342317454566,NO
51,336,0.06668024451406233,NO
52,701,0.8933413770670608,NO
53,301,0.05347791683688492,NO
54,76,0.024233721298186708,NO
55,69,0.024162025856254262,NO
56,266,0.04286695431260007,NO
57,253,0.0398071431414461,NO
58,217,0.03347999019477637,NO
59,100,0.0246644882930907,NO
60,191,0.03060226142410613,NO
61,476,0.22319877599847845,NO
62,95,0.02454907191632785,NO
63,551,0.4246142827153507,NO
64,136,0.026149989412648584,NO
65,33,0.024441485624892845,NO
66,474,0.22319877599847845,YES
67,140,0.026410832996130392,YES
68,111,0.02494052109821479,YES
69,34,0.024441485624892845,NO
70,39,0.02428611784538732,NO
71,36,0.024356571303129675,NO
72,271,0.043986228420886925,YES
73,75,0.02419078519818462,NO
74,57,0.02416043742076135,NO
75,124,0.025471368666379637,NO
76,59,0.024146864922092903,NO
77,32,0.024441485624892845,NO
78,25,0.024655306078713267,NO
79,53,0.02416043742076135,NO
80,53,0.02416043742076135,NO
81,88,0.024362442169188717,YES
82,107,0.024794896083657723,NO
83,133,0.025906747394950656,NO
84,169,0.028374188214832043,NO
85,94,0.02454907191632785,NO
86,35,0.024356571303129675,NO
87,685,0.8673325214832635,NO
88,162,0.02764008883426192,NO
89,39,0.02428611784538732,NO
90,79,0.024233721298186708,NO
91,85,0.024362442169188717,NO
92,110,0.02494052109821479,NO
93,111,0.02494052109821479,NO
94,53,0.02416043742076135,NO
95,52,0.024188134789341724,NO
96,159,0.02764008883426192,NO
97,524,0.350900832230744,YES
98,183,0.029639725687259286,NO
99,215,0.03347999019477637,NO
100,76,0.024233721298186708,NO
101,563,0.472541022497425,NO
102,257,0.04077966697825899,NO
103,55,0.02416043742076135,NO
104,102,0.0246644882930907,NO
105,403,0.115349894088977,NO
106,35,0.024356571303129675,NO
107,145,0.026689744787633342,NO
108,119,0.02527846235067939,NO
109,108,0.02494052109821479,NO
110,91,0.024448447652652788,NO
111,69,0.024162025856254262,NO
112,80,0.024233721298186708,NO
113,63,0.024147394099199717,NO
114,160,0.02764008883426192,NO
115,102,0.0246644882930907,NO
116,54,0.02416043742076135,NO
117,267,0.04286695431260007,NO
118,55,0.02416043742076135,NO
119,46,0.02423000438291131,NO
120,226,0.03484338038115918,NO
121,54,0.02416043742076135,NO
122,270,0.043986228420886925,NO
123,74,0.02419078519818462,NO
124,359,0.07920067126319662,NO
125,78,0.024233721298186708,NO
126,180,0.02919495254505586,NO
127,57,0.02416043742076135,NO
128,50,0.024188134789341724,NO
129,243,0.03799393976968867,NO
130,254,0.04077966697825899,NO
131,306,0.05510706243758677,NO
132,139,0.026149989412648584,NO
133,372,0.08828728614845834,NO
134,75,0.02419078519818462,NO
135,222,0.03484338038115918,NO
136,61,0.024146864922092903,NO
137,98,0.02454907191632785,NO
138,28,0.024541006748981933,NO
139,55,0.02416043742076135,NO
140,194,0.03060226142410613,NO
141,28,0.024541006748981933,NO
142,50,0.024188134789341724,NO
143,55,0.02416043742076135,NO
144,124,0.025471368666379637,NO
145,87,0.024362442169188717,NO
146,65,0.024147394099199717,NO
147,140,0.026410832996130392,NO
148,134,0.025906747394950656,NO
149,117,0.02527846235067939,NO
150,28,0.024541006748981933,NO
151,57,0.02416043742076135,NO
152,60,0.024146864922092903,NO
153,62,0.024147394099199717,NO
154,89,0.024362442169188717,NO
155,60,0.024146864922092903,NO
156,68,0.024162025856254262,NO
157,522,0.3372593613592607,NO
158,43,0.02428611784538732,NO
159,247,0.03887922324247581,NO
160,35,0.024356571303129675,NO
161,42,0.02428611784538732,NO
162,57,0.02416043742076135,NO
163,125,0.025471368666379637,NO
164,61,0.024146864922092903,NO
165,92,0.024448447652652788,NO
166,92,0.024448447652652788,NO
167,80,0.024233721298186708,NO
168,101,0.0246644882930907,NO
169,59,0.024146864922092903,NO
170,84,0.024290907630545543,NO
171,81,0.024290907630545543,NO
172,173,0.028773370610252716,NO
173,151,0.026987226398123856,NO
174,78,0.024233721298186708,YES
175,72,0.02419078519818462,NO
176,73,0.02419078519818462,NO
177,324,0.06245117258778782,YES
178,81,0.024290907630545543,NO
179,66,0.024147394099199717,NO
180,239,0.03714943005346592,YES
181,91,0.024448447652652788,NO
182,57,0.02416043742076135,NO
183,85,0.024362442169188717,NO
184,94,0.02454907191632785,NO
185,54,0.02416043742076135,NO
186,75,0.02419078519818462,NO
187,137,0.026149989412648584,NO
188,133,0.025906747394950656,NO
189,79,0.024233721298186708,NO
190,76,0.024233721298186708,NO
191,81,0.024290907630545543,NO
192,99,0.0246644882930907,NO
193,115,0.025101616271114395,NO
194,180,0.02919495254505586,NO
195,118,0.02527846235067939,NO
196,132,0.025906747394950656,NO
197,94,0.02454907191632785,NO
198,88,0.024362442169188717,NO
199,51,0.024188134789341724,NO
200,111,0.02494052109821479,NO
