ID, Size, Predicted, Actual
0,45,0.022917157106296073,NO
1,79,0.022998898570093768,NO
2,67,0.022914434353653746,NO
3,45,0.022917157106296073,NO
4,28,0.023140016424462367,NO
5,28,0.023140016424462367,NO
6,564,0.4085601880069982,YES
7,1491,1.0,YES
8,25,0.023226947635869,NO
9,39,0.02295433604312844,NO
10,47,0.022917157106296073,NO
11,184,0.027947739316264555,NO
12,30,0.023065678554863536,NO
13,221,1.0,YES
14,50,0.022892222489917995,NO
15,101,0.02342858233564689,NO
16,41,0.02295433604312844,NO
17,250,0.9754137511390037,YES
18,227,0.03317502639937619,NO
19,363,0.0748331226454883,NO
20,407,0.10717805771926624,NO
21,145,0.02530007921351793,NO
22,49,0.022892222489917995,NO
23,85,0.02313287071889319,NO
24,64,0.02289059053629107,NO
25,42,0.02295433604312844,NO
26,36,0.023003817393129445,NO
27,37,0.023003817393129445,NO
28,83,0.023059651014430634,NO
29,32,0.023065678554863536,NO
30,26,0.023140016424462367,NO
31,882,1.0,YES
32,413,0.9923594587605747,YES
33,213,0.03134063181917733,YES
34,24,0.023226947635869,NO
35,24,0.023226947635869,NO
36,27,0.023140016424462367,NO
37,259,0.9765242849661264,YES
38,30,0.023065678554863536,NO
39,428,0.12491244050037932,NO
40,979,0.9993970193036124,NO
41,123,0.024185528249383432,NO
42,562,0.4085601880069982,NO
43,205,0.030252465513243693,NO
44,37,0.023003817393129445,NO
45,35,0.023003817393129445,NO
46,283,0.04360213215036461,NO
47,316,0.052846189215673293,NO
48,204,0.030252465513243693,NO
49,133,0.024586249844345754,NO
50,285,0.04475149447302845,NO
51,336,0.061488295012691596,NO
52,701,0.8451804973977132,NO
53,301,0.04852596456882188,NO
54,76,0.022998898570093768,NO
55,69,0.022914434353653746,NO
56,266,0.04044749576953229,NO
57,253,0.0376896153297943,NO
58,217,0.031924076937153406,NO
59,100,0.02342858233564689,NO
60,191,0.028802660475278668,NO
61,476,0.1938011487013631,NO
62,95,0.02331719135176094,NO
63,551,0.3659412910574753,NO
64,136,0.02480879767326651,NO
65,33,0.023065678554863536,NO
66,491,1.0,YES
67,143,0.9638194620350362,YES
68,113,0.9620154775644711,YES
69,34,0.023065678554863536,NO
70,39,0.02295433604312844,NO
71,36,0.023003817393129445,NO
72,277,1.0,YES
73,75,0.022950518239222575,NO
74,57,0.02287894956156228,NO
75,124,0.024185528249383432,NO
76,59,0.02287894956156228,NO
77,32,0.023065678554863536,NO
78,25,0.023226947635869,NO
79,53,0.02287949326332141,NO
80,53,0.02287949326332141,NO
81,88,0.02313287071889319,YES
82,107,0.02369070565558221,NO
83,133,0.024586249844345754,YES
84,169,0.026817853611188082,NO
85,94,0.02331719135176094,NO
86,35,0.023003817393129445,NO
87,689,0.8240771598181873,YES
88,162,0.02647926926723929,NO
89,39,0.02295433604312844,NO
90,79,0.022998898570093768,NO
91,85,0.02313287071889319,NO
92,110,0.02369070565558221,NO
93,122,0.024185528249383432,NO
94,53,0.02287949326332141,NO
95,52,0.022892222489917995,NO
96,177,0.027551461989517773,NO
97,527,0.9977748058810871,YES
98,183,0.027947739316264555,NO
99,215,0.03134063181917733,NO
100,76,0.022998898570093768,NO
101,563,0.4085601880069982,NO
102,257,0.038568010439826036,NO
103,55,0.02287949326332141,NO
104,102,0.02342858233564689,NO
105,403,0.10323096193424029,NO
106,35,0.023003817393129445,NO
107,145,0.02530007921351793,NO
108,119,0.024006706748397343,NO
109,108,0.02369070565558221,NO
110,91,0.02321867254451426,NO
111,69,0.022914434353653746,NO
112,80,0.023059651014430634,NO
113,63,0.02289059053629107,NO
114,160,0.026158722564396174,NO
115,102,0.02342858233564689,NO
116,54,0.02287949326332141,NO
117,267,0.04044749576953229,NO
118,55,0.02287949326332141,NO
119,46,0.022917157106296073,NO
120,226,0.03317502639937619,NO
121,54,0.02287949326332141,NO
122,270,0.04044749576953229,NO
123,74,0.022950518239222575,NO
124,359,0.07234602368190952,NO
125,78,0.022998898570093768,NO
126,180,0.027947739316264555,NO
127,57,0.02287894956156228,NO
128,50,0.022892222489917995,NO
129,243,0.035279431479169676,NO
130,254,0.0376896153297943,NO
131,306,0.04990160097162534,NO
132,139,0.025046611154786413,NO
133,372,0.08016485653517487,NO
134,75,0.022950518239222575,NO
135,222,0.03253516661337883,NO
136,61,0.02287894956156228,NO
137,98,0.02342858233564689,NO
138,28,0.023140016424462367,NO
139,55,0.02287949326332141,NO
140,195,0.029262794692670693,NO
141,28,0.023140016424462367,NO
142,50,0.022892222489917995,NO
143,55,0.02287949326332141,NO
144,130,0.024586249844345754,NO
145,87,0.02313287071889319,NO
146,65,0.02289059053629107,NO
147,140,0.025046611154786413,NO
148,134,0.024586249844345754,NO
149,117,0.024006706748397343,NO
150,28,0.023140016424462367,NO
151,57,0.02287894956156228,NO
152,60,0.02287894956156228,NO
153,62,0.02289059053629107,NO
154,89,0.02321867254451426,NO
155,60,0.02287894956156228,NO
156,68,0.022914434353653746,NO
157,522,0.29019196054728574,NO
158,43,0.02295433604312844,NO
159,247,0.03604691609087551,NO
160,35,0.023003817393129445,NO
161,42,0.02295433604312844,NO
162,57,0.02287894956156228,NO
163,125,0.024185528249383432,NO
164,61,0.02287894956156228,NO
165,92,0.02321867254451426,NO
166,92,0.02321867254451426,NO
167,80,0.023059651014430634,NO
168,101,0.02342858233564689,NO
169,59,0.02287894956156228,NO
170,84,0.023059651014430634,NO
171,81,0.023059651014430634,NO
172,173,0.027175048454920293,NO
173,159,0.026158722564396174,NO
174,99,0.9613556051827544,YES
175,73,0.022950518239222575,NO
176,74,0.022950518239222575,NO
177,330,0.9850114985365209,YES
178,81,0.023059651014430634,NO
179,66,0.022914434353653746,NO
180,245,0.9748594803796544,YES
181,91,0.02321867254451426,NO
182,57,0.02287894956156228,NO
183,85,0.02313287071889319,NO
184,94,0.02331719135176094,NO
185,54,0.02287949326332141,NO
186,75,0.022950518239222575,NO
187,137,0.02480879767326651,NO
188,133,0.024586249844345754,NO
189,79,0.022998898570093768,NO
190,76,0.022998898570093768,NO
191,81,0.023059651014430634,NO
192,99,0.02342858233564689,NO
193,115,0.023841853792836522,NO
194,180,0.027947739316264555,NO
195,118,0.024006706748397343,NO
196,132,0.024586249844345754,NO
197,94,0.02331719135176094,NO
198,88,0.02313287071889319,NO
199,51,0.022892222489917995,NO
200,111,0.02369070565558221,NO
