ID, Size, Predicted, Actual
0,40,0.0024974986457022012,NO
1,28,8.352810328986605E-4,NO
2,28,8.352810328986605E-4,NO
3,449,0.0024974986457022012,YES
4,1352,0.9997491223154104,YES
5,25,0.0024974986457022012,NO
6,39,6.267225193906642E-4,NO
7,50,0.0024974986457022012,NO
8,76,0.0024974986457022012,NO
9,40,0.0024974986457022012,NO
10,245,0.0024974986457022012,NO
11,227,0.0024974986457022012,NO
12,363,0.0024974986457022012,NO
13,375,0.0024974986457022012,YES
14,145,0.0024974986457022012,NO
15,49,0.0024974986457022012,NO
16,85,0.0024974986457022012,NO
17,64,0.0024974986457022012,NO
18,36,6.267225193906642E-4,NO
19,37,0.0024974986457022012,NO
20,32,0.0024974986457022012,NO
21,26,0.001251875881168907,NO
22,660,0.9997491223154104,YES
23,398,0.0024974986457022012,YES
24,206,0.0024974986457022012,NO
25,24,0.0024974986457022012,NO
26,24,0.0024974986457022012,NO
27,27,0.001251875881168907,NO
28,30,0.9997491223154104,NO
29,428,0.0024974986457022012,NO
30,972,0.0024974986457022012,NO
31,123,0.0024974986457022012,NO
32,562,0.0024974986457022012,NO
33,205,0.0024974986457022012,NO
34,37,0.0024974986457022012,NO
35,35,0.001251875881168907,NO
36,276,0.0024974986457022012,NO
37,316,0.0024974986457022012,NO
38,204,0.0024974986457022012,NO
39,133,0.0024974986457022012,NO
40,285,0.0024974986457022012,NO
41,336,0.0024974986457022012,NO
42,464,0.9997491223154104,NO
43,294,0.0024974986457022012,NO
44,76,0.0024974986457022012,NO
45,69,0.0024974986457022012,NO
46,266,0.0024974986457022012,NO
47,247,0.0024974986457022012,NO
48,217,0.0024974986457022012,NO
49,99,0.0024974986457022012,NO
50,191,0.0024974986457022012,NO
51,476,0.9997491223154104,NO
52,95,0.0024974986457022012,NO
53,549,0.0024974986457022012,YES
54,136,0.0024974986457022012,NO
55,33,0.0024974986457022012,NO
56,478,0.9997491223154104,YES
57,140,0.0024974986457022012,NO
58,111,0.9997491223154104,YES
59,34,0.0024974986457022012,NO
60,39,6.267225193906642E-4,NO
61,36,6.267225193906642E-4,NO
62,202,0.9997491223154104,YES
63,106,0.0024974986457022012,NO
64,57,0.9997491223154104,YES
65,43,0.0024974986457022012,NO
66,27,0.0024974986457022012,NO
67,25,0.0024974986457022012,NO
68,53,6.267225193906642E-4,NO
69,88,0.0024974986457022012,YES
70,107,0.0024974986457022012,NO
71,132,0.9997491223154104,NO
72,169,0.0024974986457022012,NO
73,80,0.0024974986457022012,NO
74,29,0.9997491223154104,NO
75,430,0.0024974986457022012,NO
76,79,0.0024974986457022012,NO
77,85,0.0024974986457022012,NO
78,110,0.9997491223154104,YES
79,111,0.0024974986457022012,NO
80,53,0.0024974986457022012,NO
81,52,0.0024974986457022012,NO
82,155,0.0024974986457022012,NO
83,270,0.0024974986457022012,NO
84,183,0.0024974986457022012,NO
85,215,0.9997491223154104,YES
86,76,0.0024974986457022012,NO
87,285,0.9997491223154104,YES
88,258,0.9997491223154104,YES
89,55,0.7691268433633704,NO
90,102,0.0024974986457022012,NO
91,390,0.9997491223154104,NO
92,35,0.0024974986457022012,NO
93,145,0.0024974986457022012,NO
94,119,0.0024974986457022012,NO
95,71,0.0024974986457022012,NO
96,75,0.0024974986457022012,NO
97,69,0.9997491223154104,YES
98,80,0.0024974986457022012,NO
99,63,0.9997491223154104,YES
100,120,0.0024974986457022012,NO
101,98,0.9997491223154104,YES
102,54,6.267225193906642E-4,NO
103,267,0.0024974986457022012,NO
104,55,0.0024974986457022012,NO
105,46,0.0024974986457022012,NO
106,226,0.0024974986457022012,NO
107,54,6.267225193906642E-4,NO
108,270,0.0024974986457022012,NO
109,74,8.352810328986605E-4,NO
110,359,0.0024974986457022012,NO
111,78,0.001251875881168907,NO
112,180,0.0024974986457022012,NO
113,57,0.001251875881168907,NO
114,50,0.0024974986457022012,NO
115,243,0.0024974986457022012,NO
116,254,0.0024974986457022012,NO
117,306,0.0024974986457022012,NO
118,139,0.0024974986457022012,NO
119,375,0.9997491223154104,NO
120,75,0.0024974986457022012,NO
121,222,0.0024974986457022012,NO
122,28,0.001251875881168907,NO
123,55,0.7691268433633704,NO
124,187,0.9997491223154104,YES
125,28,0.0024974986457022012,NO
126,50,0.9997491223154104,YES
127,41,0.0024974986457022012,NO
128,113,0.9997491223154104,YES
129,87,0.9997491223154104,YES
130,51,0.0024974986457022012,NO
131,144,0.9997491223154104,YES
132,117,0.0024974986457022012,NO
133,28,0.0024974986457022012,NO
134,57,0.0024974986457022012,NO
135,60,0.001251875881168907,NO
136,62,0.0024974986457022012,NO
137,83,0.0024974986457022012,NO
138,60,0.001251875881168907,NO
139,63,0.0024974986457022012,NO
140,522,0.9997491223154104,YES
141,43,0.0024974986457022012,NO
142,247,0.0024974986457022012,NO
143,35,0.001251875881168907,NO
144,42,8.352810328986605E-4,NO
145,57,0.001251875881168907,NO
146,91,0.9997491223154104,YES
147,61,0.0024974986457022012,NO
148,92,0.0024974986457022012,NO
149,93,0.0024974986457022012,NO
150,80,0.0024974986457022012,NO
151,101,0.0024974986457022012,NO
152,59,0.001251875881168907,NO
153,84,0.001251875881168907,NO
154,82,0.0024974986457022012,NO
155,132,0.0024974986457022012,NO
156,143,0.0024974986457022012,NO
157,78,0.0024974986457022012,NO
158,66,0.0024974986457022012,NO
159,66,0.0024974986457022012,NO
160,85,0.0024974986457022012,NO
161,54,6.267225193906642E-4,NO
162,77,0.0024974986457022012,NO
163,137,0.0024974986457022012,NO
164,99,0.0024974986457022012,NO
165,79,0.0024974986457022012,NO
166,76,0.0024974986457022012,NO
167,81,0.0024974986457022012,NO
168,98,0.9997491223154104,YES
169,115,0.0024974986457022012,NO
170,180,0.0024974986457022012,NO
171,118,0.0024974986457022012,NO
172,64,0.0024974986457022012,NO
173,95,0.9997491223154104,YES
174,88,0.0024974986457022012,NO
175,51,0.0024974986457022012,NO
176,120,0.9997491223154104,NO
