ID, Size, Predicted, Actual
0,45,2.383734754775918E-7,NO
1,79,2.3647770780729837E-7,NO
2,67,2.3604937679028998E-7,NO
3,45,2.383734754775918E-7,NO
4,28,2.430370983853157E-7,NO
5,28,2.430370983853157E-7,NO
6,564,1.1766723588904828E-5,YES
7,1491,1.0,YES
8,173,0.9999857879926894,NO
9,25,2.430370983853157E-7,NO
10,39,2.3930073932734887E-7,NO
11,47,2.383734754775918E-7,NO
12,184,2.90441024114475E-7,NO
13,30,2.4163028262894223E-7,NO
14,221,3.3777304065694256E-7,NO
15,50,2.376020495791115E-7,NO
16,101,2.4025352806059503E-7,NO
17,41,2.3930073932734887E-7,NO
18,250,3.986670437428494E-7,NO
19,227,3.5302088380239685E-7,NO
20,363,9.312089498771331E-7,NO
21,407,1.4626343713179061E-6,YES
22,145,2.573890383705101E-7,NO
23,49,2.376020495791115E-7,NO
24,85,2.369241813088778E-7,NO
25,64,2.3620938037470027E-7,NO
26,42,2.3930073932734887E-7,NO
27,36,2.403856387058231E-7,NO
28,37,2.403856387058231E-7,NO
29,83,2.369241813088778E-7,NO
30,32,2.4163028262894223E-7,NO
31,26,2.430370983853157E-7,NO
32,883,0.9896714816746003,YES
33,413,1.5355912992222628E-6,YES
34,213,3.240134454297505E-7,YES
35,24,2.4460883942683863E-7,NO
36,24,2.4460883942683863E-7,NO
37,27,2.430370983853157E-7,NO
38,259,4.2041951927669343E-7,NO
39,30,2.4163028262894223E-7,NO
40,428,1.7838791487881304E-6,NO
41,979,0.10668749281835498,YES
42,123,2.4614103021641076E-7,YES
43,562,1.0966083684723081E-5,NO
44,205,3.1765054550627795E-7,YES
45,37,2.403856387058231E-7,NO
46,35,2.403856387058231E-7,NO
47,283,4.85551847027989E-7,NO
48,316,6.102401845672812E-7,NO
49,204,3.1161226605084266E-7,NO
50,133,2.523437404469399E-7,NO
51,285,5.007042242803391E-7,YES
52,336,7.324120433584048E-7,NO
53,701,1.3127261857560799E-4,YES
54,301,5.511735699204875E-7,NO
55,76,2.3618341157262066E-7,NO
56,69,2.3604937679028998E-7,YES
57,266,4.321521596545489E-7,NO
58,253,3.986670437428494E-7,NO
59,217,3.3071570940920705E-7,NO
60,100,2.3918675599696455E-7,NO
61,191,3.004550585027917E-7,NO
62,476,3.2468477307380496E-6,NO
63,95,2.3827739824692125E-7,NO
64,551,9.542860709474182E-6,NO
65,136,2.523437404469399E-7,NO
66,33,2.4163028262894223E-7,NO
67,491,3.874743116772839E-6,YES
68,143,2.573890383705101E-7,YES
69,113,2.428679248658159E-7,NO
70,34,2.403856387058231E-7,NO
71,39,2.3930073932734887E-7,NO
72,36,2.403856387058231E-7,NO
73,277,4.7115991120624785E-7,YES
74,75,2.3618341157262066E-7,NO
75,57,2.3652104466308315E-7,NO
76,124,2.4803244182339405E-7,NO
77,59,2.3652104466308315E-7,NO
78,32,2.4163028262894223E-7,NO
79,25,2.430370983853157E-7,NO
80,53,2.3698496968384244E-7,NO
81,53,2.3698496968384244E-7,NO
82,88,2.375236924584736E-7,YES
83,107,2.414797875125235E-7,NO
84,133,0.001992130608666268,YES
85,169,2.773724753719301E-7,NO
86,94,2.3827739824692125E-7,NO
87,35,2.403856387058231E-7,NO
88,689,1.0978707103312679E-4,YES
89,162,2.698518876689074E-7,NO
90,39,2.3930073932734887E-7,NO
91,79,2.3647770780729837E-7,NO
92,85,2.369241813088778E-7,NO
93,110,2.428679248658159E-7,NO
94,122,2.4614103021641076E-7,NO
95,53,2.3698496968384244E-7,NO
96,52,2.3698496968384244E-7,NO
97,177,2.814815035354773E-7,YES
98,533,0.054053080270768085,YES
99,183,2.90441024114475E-7,YES
100,215,3.3071570940920705E-7,NO
101,76,2.3618341157262066E-7,NO
102,563,1.0966083684723081E-5,NO
103,257,4.0926765266639054E-7,NO
104,55,2.3698496968384244E-7,NO
105,102,2.4025352806059503E-7,NO
106,403,1.3940369053495542E-6,NO
107,35,2.403856387058231E-7,NO
108,145,2.573890383705101E-7,NO
109,119,2.4614103021641076E-7,NO
110,108,2.414797875125235E-7,NO
111,91,2.375236924584736E-7,NO
112,69,2.3604937679028998E-7,NO
113,80,2.3647770780729837E-7,NO
114,63,2.3620938037470027E-7,NO
115,160,2.698518876689074E-7,NO
116,102,2.4025352806059503E-7,NO
117,54,2.3698496968384244E-7,NO
118,267,4.4449703650859864E-7,NO
119,55,2.3698496968384244E-7,NO
120,46,2.383734754775918E-7,NO
121,226,3.4520216255890876E-7,NO
122,54,2.3698496968384244E-7,NO
123,270,4.4449703650859864E-7,NO
124,74,2.360407260694941E-7,NO
125,359,8.932423066548125E-7,NO
126,78,2.3618341157262066E-7,NO
127,180,2.858345534617632E-7,NO
128,57,2.3652104466308315E-7,NO
129,50,2.376020495791115E-7,NO
130,243,3.790105187560848E-7,NO
131,254,4.0926765266639054E-7,NO
132,306,5.698328621741128E-7,NO
133,139,2.547722419588819E-7,NO
134,372,1.0139999889761196E-6,NO
135,75,2.3618341157262066E-7,NO
136,222,3.3777304065694256E-7,NO
137,61,2.3620938037470027E-7,NO
138,98,2.3918675599696455E-7,NO
139,28,2.430370983853157E-7,NO
140,55,2.3698496968384244E-7,NO
141,195,3.004550585027917E-7,NO
142,28,2.430370983853157E-7,NO
143,50,2.376020495791115E-7,NO
144,55,2.3698496968384244E-7,NO
145,130,2.500986396933726E-7,NO
146,87,2.369241813088778E-7,NO
147,65,2.3620938037470027E-7,NO
148,140,2.547722419588819E-7,NO
149,134,2.523437404469399E-7,NO
150,117,2.4442065583989247E-7,NO
151,28,2.430370983853157E-7,NO
152,57,2.3652104466308315E-7,NO
153,60,2.3652104466308315E-7,NO
154,62,2.3620938037470027E-7,NO
155,89,2.375236924584736E-7,NO
156,60,2.3652104466308315E-7,NO
157,68,2.3604937679028998E-7,NO
158,522,5.9860604313033186E-6,NO
159,43,2.383734754775918E-7,NO
160,247,3.8858999670494926E-7,NO
161,35,2.403856387058231E-7,NO
162,42,2.3930073932734887E-7,NO
163,57,2.3652104466308315E-7,NO
164,125,2.4803244182339405E-7,NO
165,61,2.3620938037470027E-7,NO
166,92,2.3827739824692125E-7,NO
167,92,2.3827739824692125E-7,NO
168,80,2.3647770780729837E-7,NO
169,101,2.4025352806059503E-7,NO
170,59,2.3652104466308315E-7,NO
171,84,2.369241813088778E-7,NO
172,81,2.3647770780729837E-7,NO
173,173,2.814815035354773E-7,NO
174,159,2.6642443795279594E-7,NO
175,99,2.3918675599696455E-7,NO
176,73,2.360407260694941E-7,NO
177,74,2.360407260694941E-7,NO
178,330,7.052576591284138E-7,NO
179,81,2.3647770780729837E-7,NO
180,66,2.3604937679028998E-7,NO
181,245,3.8858999670494926E-7,NO
182,91,2.375236924584736E-7,NO
183,57,2.3652104466308315E-7,NO
184,85,2.369241813088778E-7,NO
185,94,2.3827739824692125E-7,NO
186,54,2.3698496968384244E-7,NO
187,75,2.3618341157262066E-7,NO
188,137,2.547722419588819E-7,NO
189,133,2.523437404469399E-7,NO
190,79,2.3647770780729837E-7,NO
191,76,2.3618341157262066E-7,NO
192,81,2.3647770780729837E-7,NO
193,99,2.3918675599696455E-7,NO
194,115,2.4442065583989247E-7,NO
195,180,2.858345534617632E-7,NO
196,118,2.4442065583989247E-7,NO
197,132,2.500986396933726E-7,NO
198,94,2.3827739824692125E-7,NO
199,88,2.375236924584736E-7,NO
200,51,2.376020495791115E-7,NO
201,111,2.428679248658159E-7,NO
