ID, Size, Predicted, Actual
0,50,4.1551445345330773E-7,NO
1,79,4.163170071559723E-7,NO
2,67,4.150548376154561E-7,NO
3,45,4.162515677926678E-7,NO
4,28,4.2172874613803636E-7,NO
5,28,4.2172874613803636E-7,NO
6,459,3.896818524860844E-6,YES
7,1472,1.0,YES
8,25,4.2374259189233024E-7,NO
9,39,4.172395446961596E-7,NO
10,47,4.162515677926678E-7,NO
11,184,5.120247792761509E-7,NO
12,30,4.199756626611393E-7,NO
13,220,0.005087537989729001,YES
14,50,4.1551445345330773E-7,NO
15,82,4.1732388261217155E-7,NO
16,41,4.172395446961596E-7,NO
17,245,6.780931381383304E-7,YES
18,227,6.183523392271894E-7,NO
19,363,1.4990363927821416E-6,NO
20,407,2.2860828592473868E-6,NO
21,145,4.596666038170702E-7,NO
22,49,4.1551445345330773E-7,NO
23,85,4.185835520280168E-7,NO
24,64,4.147972741792156E-7,NO
25,42,4.172395446961596E-7,NO
26,36,4.1848016353513364E-7,NO
27,37,4.1848016353513364E-7,NO
28,83,4.1732388261217155E-7,NO
29,32,4.199756626611393E-7,NO
30,26,4.2172874613803636E-7,NO
31,895,0.16196014466127712,YES
32,376,1.6907051732613323E-6,YES
33,213,3.6340506023854333E-6,YES
34,24,4.2374259189233024E-7,NO
35,24,4.2374259189233024E-7,NO
36,27,4.2172874613803636E-7,NO
37,260,0.03565051929466306,YES
38,30,4.199756626611393E-7,NO
39,428,2.8871910865101325E-6,NO
40,979,0.06504731170879033,NO
41,123,4.381345668642683E-7,NO
42,562,1.5017385735109363E-5,NO
43,205,5.584902271951448E-7,NO
44,37,4.1848016353513364E-7,NO
45,35,4.1848016353513364E-7,NO
46,283,8.392049206813431E-7,NO
47,316,1.0435555926847197E-6,NO
48,204,5.584902271951448E-7,NO
49,133,4.458227145042346E-7,NO
50,285,8.392049206813431E-7,NO
51,336,1.1976122648564505E-6,NO
52,701,1.4038171258329667E-4,NO
53,301,9.470945758721657E-7,NO
54,76,4.163170071559723E-7,NO
55,69,4.150548376154561E-7,NO
56,266,7.507580908356755E-7,NO
57,253,6.949479335560248E-7,NO
58,217,5.806631293999382E-7,NO
59,100,4.2390439428042914E-7,NO
60,191,5.29177437330739E-7,NO
61,476,4.816480936116255E-6,NO
62,95,4.218708312596723E-7,NO
63,551,1.2370298480841975E-5,NO
64,136,4.501210036763003E-7,NO
65,33,4.199756626611393E-7,NO
66,474,4.816480936116255E-6,YES
67,140,4.54732713667616E-7,YES
68,111,4.2876986891681405E-7,YES
69,34,4.199756626611393E-7,NO
70,39,4.172395446961596E-7,NO
71,36,4.1848016353513364E-7,NO
72,271,7.712625995119653E-7,YES
73,75,4.155611120348172E-7,NO
74,57,4.150268759447731E-7,NO
75,124,4.381345668642683E-7,NO
76,59,4.1478795919702154E-7,NO
77,32,4.199756626611393E-7,NO
78,25,4.2374259189233024E-7,NO
79,53,4.150268759447731E-7,NO
80,53,4.150268759447731E-7,NO
81,88,4.185835520280168E-7,YES
82,107,4.2620267564236407E-7,NO
83,133,4.458227145042346E-7,NO
84,169,4.895242594332669E-7,NO
85,94,4.218708312596723E-7,NO
86,35,4.1848016353513364E-7,NO
87,685,1.0957805670956353E-4,NO
88,162,4.764992400205522E-7,NO
89,39,4.172395446961596E-7,NO
90,79,4.163170071559723E-7,NO
91,85,4.185835520280168E-7,NO
92,110,4.2876986891681405E-7,NO
93,111,4.2876986891681405E-7,NO
94,53,4.150268759447731E-7,NO
95,52,4.1551445345330773E-7,NO
96,159,4.764992400205522E-7,NO
97,524,9.061903652548948E-6,YES
98,183,5.120247792761509E-7,NO
99,215,5.806631293999382E-7,NO
100,76,4.163170071559723E-7,NO
101,563,1.5017385735109363E-5,NO
102,257,7.126479156321431E-7,NO
103,55,4.150268759447731E-7,NO
104,102,4.2390439428042914E-7,NO
105,403,2.1857211113263242E-6,NO
106,35,4.1848016353513364E-7,NO
107,145,4.596666038170702E-7,NO
108,119,4.3473032089441933E-7,NO
109,108,4.2876986891681405E-7,NO
110,91,4.2009828846512717E-7,NO
111,69,4.150548376154561E-7,NO
112,80,4.163170071559723E-7,NO
113,63,4.147972741792156E-7,NO
114,160,4.764992400205522E-7,NO
115,102,4.2390439428042914E-7,NO
116,54,4.150268759447731E-7,NO
117,267,7.507580908356755E-7,NO
118,55,4.150268759447731E-7,NO
119,46,4.162515677926678E-7,NO
120,226,6.051628445703602E-7,NO
121,54,4.150268759447731E-7,NO
122,270,7.712625995119653E-7,NO
123,74,4.155611120348172E-7,NO
124,359,1.441827392770313E-6,NO
125,78,4.163170071559723E-7,NO
126,180,5.041102861037207E-7,NO
127,57,4.150268759447731E-7,NO
128,50,4.1551445345330773E-7,NO
129,243,6.620431013933691E-7,NO
130,254,7.126479156321431E-7,NO
131,306,9.776294223141272E-7,NO
132,139,4.501210036763003E-7,NO
133,372,1.6232652113134237E-6,NO
134,75,4.155611120348172E-7,NO
135,222,6.051628445703602E-7,NO
136,61,4.1478795919702154E-7,NO
137,98,4.218708312596723E-7,NO
138,28,4.2172874613803636E-7,NO
139,55,4.150268759447731E-7,NO
140,194,5.29177437330739E-7,NO
141,28,4.2172874613803636E-7,NO
142,50,4.1551445345330773E-7,NO
143,55,4.150268759447731E-7,NO
144,124,4.381345668642683E-7,NO
145,87,4.185835520280168E-7,NO
146,65,4.147972741792156E-7,NO
147,140,4.54732713667616E-7,NO
148,134,4.458227145042346E-7,NO
149,117,4.3473032089441933E-7,NO
150,28,4.2172874613803636E-7,NO
151,57,4.150268759447731E-7,NO
152,60,4.1478795919702154E-7,NO
153,62,4.147972741792156E-7,NO
154,89,4.185835520280168E-7,NO
155,60,4.1478795919702154E-7,NO
156,68,4.150548376154561E-7,NO
157,522,8.530347761654393E-6,NO
158,43,4.172395446961596E-7,NO
159,247,6.780931381383304E-7,NO
160,35,4.1848016353513364E-7,NO
161,42,4.172395446961596E-7,NO
162,57,4.150268759447731E-7,NO
163,125,4.381345668642683E-7,NO
164,61,4.1478795919702154E-7,NO
165,92,4.2009828846512717E-7,NO
166,92,4.2009828846512717E-7,NO
167,80,4.163170071559723E-7,NO
168,101,4.2390439428042914E-7,NO
169,59,4.1478795919702154E-7,NO
170,84,4.1732388261217155E-7,NO
171,81,4.1732388261217155E-7,NO
172,173,4.96615159365996E-7,NO
173,151,4.6493210738597766E-7,NO
174,78,4.163170071559723E-7,YES
175,72,4.155611120348172E-7,NO
176,73,4.155611120348172E-7,NO
177,324,1.1165964614898595E-6,YES
178,81,4.1732388261217155E-7,NO
179,66,4.147972741792156E-7,NO
180,239,6.467597917381596E-7,YES
181,91,4.2009828846512717E-7,NO
182,57,4.150268759447731E-7,NO
183,85,4.185835520280168E-7,NO
184,94,4.218708312596723E-7,NO
185,54,4.150268759447731E-7,NO
186,75,4.155611120348172E-7,NO
187,137,4.501210036763003E-7,NO
188,133,4.458227145042346E-7,NO
189,79,4.163170071559723E-7,NO
190,76,4.163170071559723E-7,NO
191,81,4.1732388261217155E-7,NO
192,99,4.2390439428042914E-7,NO
193,115,4.3161067588570095E-7,NO
194,180,5.041102861037207E-7,NO
195,118,4.3473032089441933E-7,NO
196,132,4.458227145042346E-7,NO
197,94,4.218708312596723E-7,NO
198,88,4.185835520280168E-7,NO
199,51,4.1551445345330773E-7,NO
200,111,4.2876986891681405E-7,NO
