ID, Size, Predicted, Actual
0,40,0.23961832216413187,NO
1,28,0.2408717725137522,NO
2,28,0.2408717725137522,NO
3,449,0.7537605069015229,YES
4,1470,1.0,NO
5,25,0.24168675310261145,NO
6,39,0.23961832216413187,NO
7,50,0.23886268820475795,NO
8,82,0.24011088608723577,NO
9,41,0.23917852774912474,NO
10,245,0.34397855442856223,NO
11,227,0.3269815684726644,NO
12,363,0.5566175174324333,NO
13,407,0.9995173836916786,YES
14,145,0.2590155552318148,NO
15,49,0.23886268820475795,NO
16,85,0.24078562340848003,NO
17,64,0.23865619822363524,NO
18,36,0.23961832216413187,NO
19,37,0.23961832216413187,NO
20,83,0.24011088608723577,NO
21,32,0.24018253801746883,NO
22,26,0.24168675310261145,NO
23,686,0.9914118413286197,YES
24,398,0.6448402880918688,NO
25,206,0.30250810666913247,YES
26,24,0.24168675310261145,NO
27,24,0.24168675310261145,NO
28,27,0.2408717725137522,NO
29,30,0.2408717725137522,NO
30,428,0.7112966078247454,NO
31,972,0.9999881713943792,NO
32,123,0.25079402874511614,NO
33,562,0.9339710290867398,NO
34,205,0.30250810666913247,NO
35,37,0.23961832216413187,NO
36,35,0.24018253801746883,NO
37,276,0.3908058623833853,NO
38,316,0.4569336328766146,NO
39,204,0.30250810666913247,NO
40,133,0.25462521088456197,NO
41,285,0.40608080574442307,NO
42,336,0.5047224190376175,NO
43,464,0.7839285058239377,NO
44,294,0.4222019487077468,NO
45,76,0.23956109165222167,NO
46,69,0.23883413367558926,NO
47,266,0.3763791448184903,NO
48,247,0.35004573460933874,NO
49,217,0.31662815344843226,NO
50,99,0.24356726517648264,NO
51,191,0.2900080909632953,NO
52,476,0.8122591199988537,NO
53,95,0.2425129061410688,NO
54,550,0.9195793082421078,NO
55,136,0.2567494640708203,NO
56,33,0.24018253801746883,NO
57,483,0.9997995989147187,YES
58,140,0.2567494640708203,NO
59,111,0.24606291697051083,NO
60,34,0.24018253801746883,NO
61,39,0.23961832216413187,NO
62,36,0.23961832216413187,NO
63,210,0.9979259056386619,YES
64,111,0.24606291697051083,NO
65,57,0.23860166231510446,NO
66,43,0.23917852774912474,NO
67,27,0.2408717725137522,NO
68,25,0.24168675310261145,NO
69,53,0.2386704678939908,NO
70,88,0.24078562340848003,YES
71,107,0.24475019298665382,NO
72,132,0.25462521088456197,NO
73,169,0.2725538093648862,NO
74,80,0.24011088608723577,NO
75,29,0.2408717725137522,NO
76,430,0.7112966078247454,NO
77,162,0.26954363383422675,NO
78,39,0.23961832216413187,NO
79,79,0.24011088608723577,NO
80,85,0.24078562340848003,NO
81,110,0.24606291697051083,NO
82,111,0.24606291697051083,NO
83,53,0.2386704678939908,NO
84,52,0.2386704678939908,NO
85,154,0.2639821083559591,NO
86,403,0.9995173836916786,YES
87,183,0.2825343287090784,NO
88,215,0.311736419273385,NO
89,76,0.23956109165222167,NO
90,554,1.0,YES
91,257,0.3627958951824576,NO
92,55,0.23860166231510446,NO
93,102,0.24356726517648264,NO
94,403,0.6560213373202342,NO
95,35,0.24018253801746883,NO
96,145,0.2590155552318148,NO
97,119,0.24908329402383741,NO
98,108,0.9971863933372368,YES
99,91,0.9971174360317383,YES
100,69,0.23883413367558926,NO
101,80,0.9970941536601046,YES
102,63,0.23865619822363524,NO
103,160,1.0,YES
104,98,0.24356726517648264,NO
105,54,0.2386704678939908,NO
106,267,0.3763791448184903,NO
107,55,0.23860166231510446,NO
108,46,0.23886268820475795,NO
109,226,0.3217089044034257,NO
110,54,0.2386704678939908,NO
111,270,0.38348662762201624,NO
112,74,0.23956109165222167,NO
113,359,0.5459640468816347,NO
114,78,0.23956109165222167,NO
115,180,0.2825343287090784,NO
116,57,0.23860166231510446,NO
117,50,0.23886268820475795,NO
118,243,0.34397855442856223,NO
119,254,0.35631751642416504,NO
120,306,0.4391592839636108,NO
121,139,0.2567494640708203,NO
122,375,0.5892159520480351,NO
123,75,0.23956109165222167,NO
124,222,0.3217089044034257,NO
125,61,0.23865619822363524,NO
126,98,0.24356726517648264,NO
127,28,0.2408717725137522,NO
128,55,0.23860166231510446,NO
129,194,0.29399982637496574,NO
130,28,0.2408717725137522,NO
131,50,0.23886268820475795,NO
132,55,0.23860166231510446,NO
133,124,0.25079402874511614,NO
134,87,0.24078562340848003,NO
135,65,0.23883413367558926,NO
136,144,0.2590155552318148,NO
137,134,0.25462521088456197,NO
138,117,0.24908329402383741,NO
139,28,0.2408717725137522,NO
140,57,0.23860166231510446,NO
141,60,0.23865619822363524,NO
142,62,0.23865619822363524,NO
143,89,0.24158601602193194,NO
144,60,0.23865619822363524,NO
145,68,0.23883413367558926,NO
146,522,0.8904855537993646,NO
147,43,0.23917852774912474,NO
148,247,0.35004573460933874,NO
149,35,0.24018253801746883,NO
150,42,0.23917852774912474,NO
151,57,0.23860166231510446,NO
152,117,0.24908329402383741,NO
153,61,0.23865619822363524,NO
154,92,0.24158601602193194,NO
155,93,0.2425129061410688,NO
156,80,0.24011088608723577,NO
157,101,0.24356726517648264,NO
158,59,0.23860166231510446,NO
159,84,0.24078562340848003,NO
160,82,0.24011088608723577,NO
161,172,0.27572046696109964,NO
162,143,0.2590155552318148,NO
163,78,0.23956109165222167,NO
164,66,0.23883413367558926,NO
165,66,0.23883413367558926,NO
166,85,0.9971048384854047,YES
167,54,0.2386704678939908,NO
168,77,0.23956109165222167,NO
169,137,0.2567494640708203,NO
170,130,0.2526407196233516,NO
171,79,0.24011088608723577,NO
172,76,0.23956109165222167,NO
173,81,0.24011088608723577,NO
174,98,0.24356726517648264,NO
175,115,0.24750679097948275,NO
176,180,0.2825343287090784,NO
177,118,0.24908329402383741,NO
178,64,0.23865619822363524,NO
179,95,0.2425129061410688,NO
180,88,0.24078562340848003,NO
181,51,0.2386704678939908,NO
182,120,0.24908329402383741,NO
