ID, Size, Predicted, Actual
0,28,7.518441882699542E-4,NO
1,28,7.518441882699542E-4,NO
2,449,0.00521585122869161,NO
3,1087,0.0026215994872525283,YES
4,25,0.0010519491420988617,NO
5,50,0.0026215994872525283,NO
6,76,0.00131424516808504,NO
7,38,0.0026215994872525283,NO
8,168,0.0026215994872525283,YES
9,268,0.00521585122869161,YES
10,371,0.9994734715477969,YES
11,145,0.0026215994872525283,YES
12,85,8.769317809606051E-4,NO
13,64,0.0026215994872525283,NO
14,36,4.7870805716863294E-4,NO
15,36,4.7870805716863294E-4,NO
16,39,0.00521585122869161,NO
17,26,0.0010519491420988617,NO
18,504,0.9994734715477969,NO
19,357,0.9994734715477969,YES
20,196,0.0026215994872525283,NO
21,24,0.00131424516808504,NO
22,27,0.0010519491420988617,NO
23,69,0.00131424516808504,YES
24,56,0.00521585122869161,NO
25,26,0.0010519491420988617,NO
26,187,0.0026215994872525283,NO
27,983,0.0026215994872525283,NO
28,252,0.0026215994872525283,NO
29,620,0.0026215994872525283,NO
30,37,0.00131424516808504,NO
31,35,0.0017507929100318354,NO
32,286,0.0026215994872525283,NO
33,232,0.0026215994872525283,NO
34,203,0.0017507929100318354,NO
35,270,0.0026215994872525283,NO
36,425,0.0026215994872525283,NO
37,244,0.0026215994872525283,NO
38,74,7.518441882699542E-4,NO
39,69,0.00131424516808504,NO
40,247,0.9994734715477969,YES
41,231,0.0026215994872525283,NO
42,202,0.0017507929100318354,NO
43,99,0.0026215994872525283,NO
44,191,0.8330407661782434,NO
45,447,0.0026215994872525283,YES
46,95,0.0026215994872525283,NO
47,549,0.0026215994872525283,NO
48,136,0.0026215994872525283,NO
49,40,0.7690126275114537,NO
50,86,0.0017507929100318354,NO
51,90,0.0017507929100318354,NO
52,79,0.00131424516808504,NO
53,85,8.769317809606051E-4,NO
54,59,0.0026215994872525283,NO
55,105,0.00521585122869161,NO
56,52,0.0026215994872525283,NO
57,157,0.00521585122869161,YES
58,74,7.518441882699542E-4,NO
59,243,0.00521585122869161,YES
60,227,0.00521585122869161,YES
61,55,0.0026215994872525283,NO
62,29,0.0026215994872525283,NO
63,111,0.00521585122869161,NO
64,113,0.00521585122869161,NO
65,71,0.9994734715477969,NO
66,54,0.0010519491420988617,NO
67,205,0.0026215994872525283,NO
68,121,0.0026215994872525283,NO
69,107,0.0026215994872525283,NO
70,74,7.518441882699542E-4,NO
71,55,0.8330407661782434,NO
72,104,0.00521585122869161,NO
73,61,0.00521585122869161,NO
74,148,0.00521585122869161,NO
75,66,0.00521585122869161,NO
76,87,0.00521585122869161,NO
77,85,0.00521585122869161,NO
78,72,0.0017507929100318354,NO
79,54,0.0026215994872525283,NO
80,60,0.00521585122869161,NO
81,76,0.00131424516808504,NO
82,33,0.00521585122869161,NO
83,430,0.9994734715477969,YES
84,146,0.0026215994872525283,NO
85,125,0.0026215994872525283,NO
86,75,0.0026215994872525283,NO
87,47,0.0026215994872525283,YES
88,34,0.0017507929100318354,NO
89,39,0.8330407661782434,NO
90,36,4.7870805716863294E-4,NO
91,79,0.00131424516808504,NO
92,28,7.518441882699542E-4,NO
93,426,0.9994734715477969,NO
94,212,0.00521585122869161,NO
95,88,0.0026215994872525283,NO
96,57,0.0026215994872525283,NO
97,43,0.00131424516808504,NO
98,27,0.0010519491420988617,NO
99,25,0.0010519491420988617,NO
100,53,0.0026215994872525283,NO
101,108,0.00521585122869161,YES
102,102,0.00521585122869161,NO
103,85,8.769317809606051E-4,NO
104,54,0.0010519491420988617,NO
105,78,0.00131424516808504,NO
106,98,0.00131424516808504,NO
107,78,0.00131424516808504,NO
108,77,0.0026215994872525283,YES
109,97,0.0026215994872525283,NO
110,176,0.0026215994872525283,NO
111,123,0.0026215994872525283,NO
112,51,0.0026215994872525283,NO
113,71,0.8330407661782434,NO
114,94,0.0026215994872525283,NO
