ID, Size, Predicted, Actual
0,45,2.672737335895488E-7,YES
1,79,2.629019501619542E-7,YES
2,67,2.632583544245396E-7,NO
3,45,2.672737335895488E-7,YES
4,28,2.7381965129505763E-7,NO
5,28,2.7381965129505763E-7,NO
6,564,2.062509448395972E-5,YES
7,1492,1.0,NO
8,174,3.1395436931651937E-7,NO
9,25,2.7594385632068517E-7,NO
10,39,2.701638398327969E-7,NO
11,47,2.672737335895488E-7,NO
12,184,3.2423421171102726E-7,NO
13,30,2.7381965129505763E-7,NO
14,221,3.8748872210376017E-7,NO
15,50,2.661081834546994E-7,NO
16,101,2.660893307906381E-7,NO
17,41,2.686247001635678E-7,NO
18,250,4.4976101646889463E-7,NO
19,227,3.9656753513709473E-7,NO
20,363,1.1861720443983562E-6,NO
21,408,1.9234606510290396E-6,NO
22,145,2.86470084048148E-7,NO
23,49,2.672737335895488E-7,NO
24,85,2.632521373562879E-7,NO
25,64,2.6370220390547415E-7,NO
26,42,2.686247001635678E-7,NO
27,36,2.7189430434450723E-7,NO
28,37,2.701638398327969E-7,NO
29,83,2.629886769168931E-7,NO
30,32,2.7381965129505763E-7,NO
31,26,2.7594385632068517E-7,NO
32,883,0.03603812678524578,YES
33,421,2.252944043779478E-6,NO
34,213,3.706958499057258E-7,YES
35,24,2.7594385632068517E-7,NO
36,24,2.7594385632068517E-7,NO
37,27,2.7594385632068517E-7,NO
38,259,4.889674587970232E-7,NO
39,30,2.7381965129505763E-7,NO
40,428,2.5118084720269433E-6,NO
41,981,0.4487814504670183,NO
42,126,2.7378408752467604E-7,NO
43,562,1.9111776464122515E-5,NO
44,226,3.9656753513709473E-7,NO
45,37,2.701638398327969E-7,NO
46,35,2.7189430434450723E-7,NO
47,283,5.696513483398106E-7,NO
48,316,7.531815513891593E-7,NO
49,204,3.5558450968855717E-7,NO
50,133,2.782286140601349E-7,NO
51,298,6.515106202695392E-7,NO
52,336,9.166080672728036E-7,NO
53,701,3.3673477610818953E-4,NO
54,301,6.515106202695392E-7,NO
55,76,2.629019501619542E-7,NO
56,69,2.632583544245396E-7,NO
57,266,5.0345721139556E-7,NO
58,253,4.621570467171966E-7,NO
59,217,3.7887206830525314E-7,NO
60,100,2.6511002617752943E-7,NO
61,191,3.3575121779376E-7,NO
62,476,4.793305795357721E-6,NO
63,95,2.6431174207979197E-7,NO
64,551,1.6443185736601356E-5,NO
65,136,2.807604998157064E-7,NO
66,33,2.7189430434450723E-7,NO
67,496,6.6049097071004274E-6,YES
68,156,2.9308189904570254E-7,NO
69,113,2.685993258633264E-7,NO
70,34,2.7189430434450723E-7,NO
71,39,2.701638398327969E-7,NO
72,36,2.7189430434450723E-7,NO
73,288,5.885045201212907E-7,YES
74,75,2.629019501619542E-7,NO
75,57,2.65125678817665E-7,NO
76,124,2.7378408752467604E-7,NO
77,59,2.6432422641211557E-7,NO
78,32,2.7381965129505763E-7,NO
79,25,2.7594385632068517E-7,NO
80,53,2.661081834546994E-7,YES
81,53,2.661081834546994E-7,NO
82,88,2.636928626353299E-7,YES
83,107,2.6725164260787726E-7,NO
84,134,2.782286140601349E-7,NO
85,169,3.0481804834528193E-7,NO
86,94,2.6431174207979197E-7,NO
87,35,2.7189430434450723E-7,NO
88,695,2.7717312121609177E-4,NO
89,162,3.006527434838023E-7,NO
90,39,2.701638398327969E-7,NO
91,79,2.629019501619542E-7,NO
92,85,2.632521373562879E-7,NO
93,110,2.685993258633264E-7,NO
94,133,0.0026435773392038528,YES
95,53,2.661081834546994E-7,NO
96,52,2.661081834546994E-7,NO
97,197,0.9950441820302878,YES
98,533,1.2270284353265333E-5,YES
99,183,3.2423421171102726E-7,YES
100,215,3.706958499057258E-7,NO
101,76,2.629019501619542E-7,NO
102,563,2.062509448395972E-5,YES
103,257,4.7521371025305103E-7,NO
104,55,2.65125678817665E-7,NO
105,102,2.660893307906381E-7,NO
106,403,1.827163848656586E-6,NO
107,35,2.7189430434450723E-7,NO
108,145,2.86470084048148E-7,YES
109,119,2.718622007873624E-7,NO
110,108,2.6725164260787726E-7,NO
111,91,2.636928626353299E-7,YES
112,69,2.632583544245396E-7,NO
113,80,2.629886769168931E-7,NO
114,63,2.6370220390547415E-7,NO
115,160,2.967435428371294E-7,YES
116,102,2.660893307906381E-7,YES
117,54,2.65125678817665E-7,NO
118,267,5.0345721139556E-7,NO
119,55,2.65125678817665E-7,NO
120,46,2.672737335895488E-7,NO
121,226,3.9656753513709473E-7,NO
122,54,2.65125678817665E-7,NO
123,270,5.187245319369771E-7,NO
124,74,2.6299178232167935E-7,NO
125,359,1.1343784979814782E-6,NO
126,78,2.629019501619542E-7,NO
127,180,3.1894579299094757E-7,NO
128,57,2.65125678817665E-7,NO
129,50,2.661081834546994E-7,NO
130,243,4.379914707070784E-7,NO
131,254,4.621570467171966E-7,NO
132,306,6.748832104391014E-7,NO
133,139,2.807604998157064E-7,NO
134,372,1.2995767022119418E-6,NO
135,75,2.629019501619542E-7,NO
136,222,3.8748872210376017E-7,NO
137,572,2.4069129555186128E-5,NO
138,38,2.701638398327969E-7,NO
139,348,9.96181707877853E-7,NO
140,121,2.3542931909014956E-6,NO
141,62,2.289015392950773E-6,NO
142,52,2.661081834546994E-7,NO
143,158,2.967435428371294E-7,NO
144,778,0.0021879529429299745,YES
145,199,3.420065280563173E-7,NO
146,115,2.339337004500307E-6,NO
147,52,2.661081834546994E-7,NO
148,88,2.636928626353299E-7,NO
149,61,2.6432422641211557E-7,NO
150,98,2.6511002617752943E-7,NO
151,28,2.7381965129505763E-7,NO
152,55,2.65125678817665E-7,NO
153,195,3.420065280563173E-7,NO
154,28,2.7381965129505763E-7,NO
155,50,2.661081834546994E-7,NO
156,55,2.65125678817665E-7,NO
157,546,1.9025915972897822E-4,NO
158,130,2.759047587359115E-7,NO
159,87,2.632521373562879E-7,NO
160,65,2.6370220390547415E-7,NO
161,140,2.835057258412547E-7,NO
162,134,2.782286140601349E-7,NO
163,117,2.7013513035298894E-7,NO
164,28,2.7381965129505763E-7,NO
165,57,2.65125678817665E-7,NO
166,60,2.6432422641211557E-7,YES
167,62,2.6432422641211557E-7,NO
168,89,2.636928626353299E-7,YES
169,60,2.6432422641211557E-7,NO
170,68,2.632583544245396E-7,YES
171,522,9.921280459008075E-6,NO
172,43,2.686247001635678E-7,NO
173,247,4.4976101646889463E-7,NO
174,35,2.7189430434450723E-7,NO
175,42,2.686247001635678E-7,NO
176,57,2.65125678817665E-7,NO
177,125,2.7378408752467604E-7,NO
178,61,2.6432422641211557E-7,NO
179,92,2.636928626353299E-7,NO
180,92,2.636928626353299E-7,NO
181,80,2.629886769168931E-7,NO
182,101,2.660893307906381E-7,NO
183,59,2.6432422641211557E-7,NO
184,84,2.632521373562879E-7,NO
185,81,2.629886769168931E-7,NO
186,173,3.092486398849368E-7,NO
187,197,2.7495335075537247E-6,NO
188,54,2.65125678817665E-7,NO
189,94,2.6431174207979197E-7,NO
190,69,2.632583544245396E-7,NO
191,69,2.27978509083403E-6,NO
192,62,2.6432422641211557E-7,NO
193,59,2.6432422641211557E-7,NO
194,85,2.632521373562879E-7,NO
195,106,2.6725164260787726E-7,NO
196,522,1.0,YES
197,76,1.3471779360491139E-5,NO
198,182,2.8078272317850816E-6,NO
199,145,2.86470084048148E-7,NO
200,128,2.759047587359115E-7,NO
201,63,2.6370220390547415E-7,NO
202,159,2.967435428371294E-7,NO
203,99,2.6511002617752943E-7,NO
204,73,2.6299178232167935E-7,NO
205,74,2.6299178232167935E-7,NO
206,330,8.456589258067458E-7,NO
207,81,2.629886769168931E-7,NO
208,66,2.6370220390547415E-7,NO
209,245,4.379914707070784E-7,NO
210,91,2.636928626353299E-7,NO
211,57,2.65125678817665E-7,NO
212,85,2.632521373562879E-7,NO
213,94,2.6431174207979197E-7,NO
214,54,2.65125678817665E-7,NO
215,75,2.629019501619542E-7,NO
216,137,2.807604998157064E-7,NO
217,133,2.782286140601349E-7,NO
218,79,2.629019501619542E-7,NO
219,76,2.629019501619542E-7,NO
220,81,2.629886769168931E-7,NO
221,99,2.6511002617752943E-7,NO
222,115,2.7013513035298894E-7,NO
223,180,3.1894579299094757E-7,NO
224,118,2.718622007873624E-7,NO
225,132,2.782286140601349E-7,NO
226,94,2.6431174207979197E-7,NO
227,88,2.636928626353299E-7,NO
228,51,2.661081834546994E-7,NO
229,111,2.685993258633264E-7,NO
