ID, Size, Predicted, Actual
0,50,4.488326949382609E-5,NO
1,79,4.937115325545335E-5,NO
2,67,1.4103457515411949E-4,NO
3,45,3.289569572137331E-4,NO
4,28,2.3511289033453495E-5,NO
5,28,2.3511289033453495E-5,NO
6,459,0.8695334850504609,YES
7,1472,9.855740259105095E-4,YES
8,25,4.29319905530599E-5,NO
9,39,0.35715293317268515,NO
10,47,0.7142554883281333,NO
11,184,1.6453260275123006E-4,NO
12,30,1.2340960451514025E-4,NO
13,220,0.9999012674425697,YES
14,50,4.488326949382609E-5,NO
15,82,1.0970043469951609E-4,NO
16,41,1.974261300874623E-4,NO
17,245,1.974261300874623E-4,YES
18,227,1.974261300874623E-4,NO
19,363,2.467583043407814E-4,NO
20,407,3.289569572137331E-4,NO
21,145,0.43478820852050676,NO
22,49,1.974261300874623E-4,NO
23,85,0.26317020391033946,NO
24,64,8.227983909169476E-5,NO
25,42,1.2340960451514025E-4,NO
26,36,3.2915185544082166E-5,NO
27,37,6.171241816268926E-5,NO
28,83,2.467583043407814E-4,NO
29,32,1.2340960451514025E-4,NO
30,26,7.052723435559389E-5,NO
31,895,9.855740259105095E-4,YES
32,376,0.6666447246540882,YES
33,213,9.855740259105095E-4,YES
34,24,5.485623510259478E-5,NO
35,24,5.485623510259478E-5,NO
36,27,5.485623510259478E-5,NO
37,260,0.9999012674425697,YES
38,30,1.2340960451514025E-4,NO
39,428,1.974261300874623E-4,NO
40,979,1.974261300874623E-4,NO
41,123,9.873255743045831E-5,NO
42,562,1.974261300874623E-4,NO
43,205,1.2340960451514025E-4,NO
44,37,6.171241816268926E-5,NO
45,35,4.488326949382609E-5,NO
46,283,0.6666447246540882,NO
47,316,1.974261300874623E-4,NO
48,204,1.974261300874623E-4,NO
49,133,1.4103457515411949E-4,NO
50,285,0.6666447246540882,NO
51,336,1.974261300874623E-4,NO
52,701,2.467583043407814E-4,NO
53,301,9.855740259105095E-4,NO
54,76,3.797867560466274E-5,NO
55,69,0.37037985204170837,NO
56,266,1.6453260275123006E-4,NO
57,253,9.855740259105095E-4,NO
58,217,1.974261300874623E-4,NO
59,100,1.4103457515411949E-4,NO
60,191,0.5,NO
61,476,2.467583043407814E-4,NO
62,95,0.434788208520507,NO
63,551,0.8332784801072722,NO
64,136,9.873255743045831E-5,NO
65,33,1.0970043469951609E-4,NO
66,474,2.467583043407814E-4,YES
67,140,2.467583043407814E-4,YES
68,111,8.975848167940706E-5,YES
69,34,8.975848167940706E-5,NO
70,39,0.35715293317268515,NO
71,36,3.2915185544082166E-5,NO
72,271,1.0970043469951609E-4,YES
73,75,0.4761927152555736,NO
74,57,3.9497702623214444E-5,NO
75,124,1.974261300874623E-4,NO
76,59,8.975848167940706E-5,NO
77,32,1.2340960451514025E-4,NO
78,25,4.29319905530599E-5,NO
79,53,5.80826976147338E-5,NO
80,53,5.80826976147338E-5,NO
81,88,7.59515821283269E-5,YES
82,107,1.2340960451514025E-4,NO
83,133,1.4103457515411949E-4,NO
84,169,1.6453260275123006E-4,NO
85,94,3.289569572137331E-4,NO
86,35,4.488326949382609E-5,NO
87,685,2.467583043407814E-4,NO
88,162,3.289569572137331E-4,NO
89,39,0.35715293317268515,NO
90,79,4.937115325545335E-5,NO
91,85,0.26317020391033946,NO
92,110,1.974261300874623E-4,NO
93,111,8.975848167940706E-5,NO
94,53,5.80826976147338E-5,NO
95,52,9.873255743045831E-5,NO
96,159,3.289569572137331E-4,NO
97,524,0.8332784801072722,YES
98,183,1.6453260275123006E-4,NO
99,215,1.6453260275123006E-4,NO
100,76,3.797867560466274E-5,NO
101,563,1.974261300874623E-4,NO
102,257,4.932731701794622E-4,NO
103,55,3.526610439860665E-5,NO
104,102,1.4103457515411949E-4,NO
105,403,0.6666447246540882,NO
106,35,4.488326949382609E-5,NO
107,145,0.43478820852050676,NO
108,119,1.6453260275123006E-4,NO
109,108,0.6666447246540882,NO
110,91,1.974261300874623E-4,NO
111,69,0.37037985204170837,NO
112,80,0.43478820852050676,NO
113,63,1.6453260275123006E-4,NO
114,160,3.289569572137331E-4,NO
115,102,1.4103457515411949E-4,NO
116,54,3.526610439860665E-5,NO
117,267,1.6453260275123006E-4,NO
118,55,3.526610439860665E-5,NO
119,46,1.4103457515411949E-4,NO
120,226,1.6453260275123006E-4,NO
121,54,3.526610439860665E-5,NO
122,270,1.0970043469951609E-4,NO
123,74,5.1969364922847714E-5,NO
124,359,1.6453260275123006E-4,NO
125,78,5.485623510259478E-5,NO
126,180,9.873255743045831E-5,NO
127,57,3.9497702623214444E-5,NO
128,50,4.488326949382609E-5,NO
129,243,1.6453260275123006E-4,NO
130,254,1.974261300874623E-4,NO
131,306,1.6453260275123006E-4,NO
132,139,1.6453260275123006E-4,NO
133,372,0.9090174703331714,NO
134,75,0.4761927152555736,NO
135,222,1.6453260275123006E-4,NO
136,61,8.975848167940706E-5,NO
137,98,0.3703798520417085,NO
138,28,2.3511289033453495E-5,NO
139,55,3.526610439860665E-5,NO
140,194,1.974261300874623E-4,NO
141,28,2.3511289033453495E-5,NO
142,50,4.488326949382609E-5,NO
143,55,3.526610439860665E-5,NO
144,124,1.974261300874623E-4,NO
145,87,1.6453260275123006E-4,NO
146,65,2.467583043407814E-4,NO
147,140,2.467583043407814E-4,NO
148,134,3.289569572137331E-4,NO
149,117,0.5882250442298327,NO
150,28,2.3511289033453495E-5,NO
151,57,3.9497702623214444E-5,NO
152,60,7.052723435559389E-5,NO
153,62,1.6453260275123006E-4,NO
154,89,2.467583043407814E-4,NO
155,60,7.052723435559389E-5,NO
156,68,2.467583043407814E-4,NO
157,522,0.8332784801072722,NO
158,43,7.052723435559389E-5,NO
159,247,0.4999999999999999,NO
160,35,4.488326949382609E-5,NO
161,42,1.2340960451514025E-4,NO
162,57,3.9497702623214444E-5,NO
163,125,3.289569572137331E-4,NO
164,61,8.975848167940706E-5,NO
165,92,2.467583043407814E-4,NO
166,92,2.467583043407814E-4,NO
167,80,0.43478820852050676,NO
168,101,1.4103457515411949E-4,NO
169,59,8.975848167940706E-5,NO
170,84,1.6453260275123006E-4,NO
171,81,1.974261300874623E-4,NO
172,173,0.9090174703331714,NO
173,151,9.855740259105095E-4,NO
174,78,5.485623510259478E-5,YES
175,72,9.855740259105095E-4,NO
176,73,9.855740259105095E-4,NO
177,324,9.855740259105095E-4,YES
178,81,1.974261300874623E-4,NO
179,66,1.4103457515411949E-4,NO
180,239,4.932731701794622E-4,YES
181,91,1.974261300874623E-4,NO
182,57,3.9497702623214444E-5,NO
183,85,0.26317020391033946,NO
184,94,3.289569572137331E-4,NO
185,54,3.526610439860665E-5,NO
186,75,0.4761927152555736,NO
187,137,1.974261300874623E-4,NO
188,133,1.4103457515411949E-4,NO
189,79,4.937115325545335E-5,NO
190,76,3.797867560466274E-5,NO
191,81,1.974261300874623E-4,NO
192,99,0.5,NO
193,115,1.974261300874623E-4,NO
194,180,9.873255743045831E-5,NO
195,118,1.974261300874623E-4,NO
196,132,1.6453260275123006E-4,NO
197,94,3.289569572137331E-4,NO
198,88,7.59515821283269E-5,NO
199,51,8.975848167940706E-5,NO
200,111,8.975848167940706E-5,NO
