ID, Size, Predicted, Actual
0,28,0.2963681312447338,NO
1,28,0.2963681312447338,NO
2,449,0.95,NO
3,1087,0.2963681312447338,YES
4,25,0.2963681312447338,NO
5,50,0.2963681312447338,NO
6,76,0.2963681312447338,NO
7,38,0.2963681312447338,NO
8,168,0.2963681312447338,YES
9,268,0.2963681312447338,YES
10,371,1.0,YES
11,145,0.2963681312447338,YES
12,85,0.2963681312447338,NO
13,64,0.2963681312447338,NO
14,36,0.2963681312447338,NO
15,36,0.2963681312447338,NO
16,39,0.2963681312447338,NO
17,26,0.2963681312447338,NO
18,504,0.2963681312447338,NO
19,357,1.0,YES
20,196,0.2963681312447338,NO
21,24,0.2963681312447338,NO
22,27,0.2963681312447338,NO
23,69,0.2963681312447338,YES
24,56,0.2963681312447338,NO
25,26,0.2963681312447338,NO
26,187,0.2963681312447338,NO
27,983,0.2963681312447338,NO
28,252,0.2963681312447338,NO
29,620,0.2963681312447338,NO
30,37,0.2963681312447338,NO
31,35,0.2963681312447338,NO
32,286,0.2963681312447338,NO
33,232,0.2963681312447338,NO
34,203,0.2963681312447338,NO
35,270,0.2963681312447338,NO
36,425,0.2963681312447338,NO
37,244,0.2963681312447338,NO
38,74,0.2963681312447338,NO
39,69,0.2963681312447338,NO
40,247,1.0,YES
41,231,0.2963681312447338,NO
42,202,0.2963681312447338,NO
43,99,0.2963681312447338,NO
44,191,0.2963681312447338,NO
45,447,0.2963681312447338,YES
46,95,0.2963681312447338,NO
47,549,0.2963681312447338,NO
48,136,0.2963681312447338,NO
49,40,0.2963681312447338,NO
50,86,0.2963681312447338,NO
51,90,0.2963681312447338,NO
52,79,0.2963681312447338,NO
53,85,0.2963681312447338,NO
54,59,0.2963681312447338,NO
55,105,0.2653095238095238,NO
56,52,0.2963681312447338,NO
57,157,0.2963681312447338,YES
58,74,0.2963681312447338,NO
59,243,0.3406904761904762,YES
60,227,0.38,YES
61,55,0.2963681312447338,NO
62,29,0.2963681312447338,NO
63,111,0.8317486056472437,NO
64,113,0.8317486056472437,NO
65,71,0.8317486056472437,NO
66,54,0.2963681312447338,NO
67,205,0.2963681312447338,NO
68,121,0.2963681312447338,NO
69,107,0.2963681312447338,NO
70,74,0.2963681312447338,NO
71,55,0.2963681312447338,NO
72,104,0.2963681312447338,NO
73,61,0.2963681312447338,NO
74,148,0.2963681312447338,NO
75,66,0.2963681312447338,NO
76,87,0.2963681312447338,NO
77,85,0.2963681312447338,NO
78,72,0.2963681312447338,NO
79,54,0.2963681312447338,NO
80,60,0.2963681312447338,NO
81,76,0.2963681312447338,NO
82,33,0.2963681312447338,NO
83,430,1.0,YES
84,146,0.2963681312447338,NO
85,125,0.2963681312447338,NO
86,75,0.2963681312447338,NO
87,47,0.2963681312447338,YES
88,34,0.2963681312447338,NO
89,39,0.2963681312447338,NO
90,36,0.2963681312447338,NO
91,79,0.2963681312447338,NO
92,28,0.2963681312447338,NO
93,426,0.8364061094134623,NO
94,212,0.2963681312447338,NO
95,88,0.2963681312447338,NO
96,57,0.2963681312447338,NO
97,43,0.2963681312447338,NO
98,27,0.2963681312447338,NO
99,25,0.2963681312447338,NO
100,53,0.2963681312447338,NO
101,108,0.2963681312447338,YES
102,102,0.2963681312447338,NO
103,85,0.2963681312447338,NO
104,54,0.2963681312447338,NO
105,78,0.2963681312447338,NO
106,98,0.2963681312447338,NO
107,78,0.2963681312447338,NO
108,77,0.2963681312447338,YES
109,97,0.2963681312447338,NO
110,176,0.2963681312447338,NO
111,123,0.2963681312447338,NO
112,51,0.2963681312447338,NO
113,71,0.2963681312447338,NO
114,94,0.2963681312447338,NO
