ID, Size, Predicted, Actual
0,40,0.2666591332199251,NO
1,28,0.26836355454825667,NO
2,28,0.26836355454825667,NO
3,449,0.7871965926249275,YES
4,1358,1.0,NO
5,25,0.26943778169604576,NO
6,39,0.2666591332199251,NO
7,50,0.2655411326417144,NO
8,82,0.2662007674485116,NO
9,41,0.2666591332199251,NO
10,245,0.3757976816718094,NO
11,227,0.3516165950297363,NO
12,363,0.591327109501567,NO
13,375,0.6246120707756795,YES
14,145,0.2867810679704978,NO
15,49,0.2655411326417144,NO
16,85,0.2662007674485116,NO
17,64,0.26495414386022076,NO
18,36,0.2674376566291047,NO
19,37,0.2666591332199251,NO
20,92,0.26769894546690687,NO
21,32,0.2674376566291047,NO
22,26,0.26943778169604576,NO
23,669,0.9999915776340351,YES
24,398,0.9995620758971318,YES
25,206,0.3308011067246727,YES
26,24,0.26943778169604576,NO
27,24,0.26943778169604576,NO
28,27,0.26836355454825667,NO
29,30,0.26836355454825667,NO
30,428,0.7462487816637189,NO
31,972,0.9999929270500705,NO
32,123,0.2757744212470844,NO
33,562,0.9457309465791316,NO
34,205,0.3308011067246727,NO
35,37,0.2666591332199251,NO
36,35,0.2674376566291047,NO
37,276,0.4265604338870853,NO
38,316,0.4976117990167869,NO
39,204,0.3308011067246727,NO
40,133,0.27969607274737757,NO
41,285,0.43469835588890005,NO
42,336,0.5377930244661253,NO
43,464,0.8157731022338313,NO
44,294,0.4516282075473396,NO
45,76,0.265671166440367,NO
46,69,0.2650481804401833,NO
47,266,0.4034736128494956,NO
48,247,0.3823853423632161,NO
49,217,0.3407982050323056,NO
50,99,0.2686690756174557,NO
51,191,0.31729607859905135,NO
52,476,0.8336321469929635,NO
53,95,0.26769894546690687,NO
54,550,0.9999377162261075,YES
55,136,0.28189530861802,NO
56,33,0.2674376566291047,NO
57,479,1.0,YES
58,140,0.28425623563675034,NO
59,111,0.9975126117485972,YES
60,34,0.2674376566291047,NO
61,39,0.2666591332199251,NO
62,36,0.2674376566291047,NO
63,202,0.9980737775147515,YES
64,106,0.2710564102211561,NO
65,57,0.2650048962928717,NO
66,43,0.26602717768160516,NO
67,27,0.26836355454825667,NO
68,25,0.26943778169604576,NO
69,53,0.26520049093188763,NO
70,88,0.2668764597571212,YES
71,107,0.2710564102211561,NO
72,132,0.27969607274737757,NO
73,169,0.301948892679595,NO
74,80,0.265671166440367,NO
75,29,0.26836355454825667,NO
76,430,0.7462487816637189,NO
77,79,0.265671166440367,NO
78,85,0.2662007674485116,NO
79,110,0.2724760486390939,NO
80,111,0.2724760486390939,NO
81,53,0.26520049093188763,NO
82,52,0.26520049093188763,NO
83,158,0.2923318683482144,NO
84,270,0.4109471876425449,YES
85,183,0.3092523414617965,NO
86,215,0.3407982050323056,NO
87,76,0.265671166440367,NO
88,285,0.43469835588890005,YES
89,258,0.3962223966384279,NO
90,55,0.26520049093188763,NO
91,102,0.2697878489215095,NO
92,403,0.691827082916746,NO
93,35,0.2674376566291047,NO
94,145,0.2867810679704978,NO
95,119,0.27404819539432634,NO
96,71,0.26528710458091476,YES
97,75,0.26528710458091476,YES
98,69,0.2650481804401833,NO
99,80,0.265671166440367,YES
100,63,0.26495414386022076,NO
101,120,0.2757744212470844,YES
102,98,0.2686690756174557,NO
103,54,0.26520049093188763,NO
104,267,0.4109471876425449,NO
105,55,0.26520049093188763,NO
106,46,0.26602717768160516,NO
107,226,0.3516165950297363,NO
108,54,0.26520049093188763,NO
109,270,0.4109471876425449,NO
110,74,0.26528710458091476,NO
111,359,0.591327109501567,NO
112,78,0.265671166440367,NO
113,180,0.3092523414617965,NO
114,57,0.2650048962928717,NO
115,50,0.2655411326417144,NO
116,243,0.3757976816718094,NO
117,254,0.3891932159564769,NO
118,306,0.47861317123357305,NO
119,139,0.28189530861802,NO
120,375,0.6246120707756795,NO
121,75,0.26528710458091476,NO
122,222,0.34610339302059334,NO
123,61,0.2650048962928717,NO
124,98,0.2686690756174557,NO
125,28,0.26836355454825667,NO
126,55,0.26520049093188763,NO
127,194,0.3216028833063744,NO
128,28,0.26836355454825667,NO
129,50,0.2655411326417144,NO
130,55,0.26520049093188763,NO
131,118,0.27404819539432634,NO
132,87,0.2668764597571212,NO
133,65,0.26495414386022076,NO
134,144,0.28425623563675034,NO
135,117,0.27404819539432634,NO
136,28,0.26836355454825667,NO
137,57,0.2650048962928717,NO
138,60,0.2650048962928717,NO
139,62,0.26495414386022076,NO
140,89,0.2668764597571212,NO
141,60,0.2650048962928717,NO
142,68,0.2650481804401833,NO
143,522,0.9067267289319225,NO
144,43,0.26602717768160516,NO
145,247,0.3823853423632161,NO
146,35,0.2674376566291047,NO
147,42,0.26602717768160516,NO
148,57,0.2650048962928717,NO
149,91,0.26769894546690687,NO
150,61,0.2650048962928717,NO
151,92,0.26769894546690687,NO
152,93,0.26769894546690687,NO
153,80,0.265671166440367,NO
154,101,0.2697878489215095,NO
155,59,0.2650048962928717,NO
156,84,0.2662007674485116,NO
157,82,0.2662007674485116,NO
158,132,0.27969607274737757,NO
159,143,0.28425623563675034,NO
160,78,0.265671166440367,NO
161,66,0.2650481804401833,NO
162,66,0.2650481804401833,NO
163,85,0.2662007674485116,YES
164,54,0.26520049093188763,NO
165,77,0.265671166440367,NO
166,137,0.28189530861802,NO
167,130,0.27969607274737757,NO
168,79,0.265671166440367,NO
169,76,0.265671166440367,NO
170,81,0.2662007674485116,NO
171,98,0.2686690756174557,NO
172,115,0.27404819539432634,NO
173,180,0.3092523414617965,NO
174,118,0.27404819539432634,NO
175,64,0.26495414386022076,NO
176,95,0.26769894546690687,NO
177,88,0.2668764597571212,NO
178,51,0.2655411326417144,NO
179,120,0.2757744212470844,NO
