ID, Size, Predicted, Actual
0,45,0.8332499452356984,NO
1,28,3.491294210565936E-5,NO
2,28,3.491294210565936E-5,NO
3,449,2.501017263830694E-4,YES
4,1470,0.0014968666689178002,NO
5,25,5.77379989702781E-5,NO
6,39,0.5263137101901416,NO
7,47,0.714239764099963,NO
8,30,0.6666333097586711,NO
9,215,7.4955531883217E-4,NO
10,50,8.339505178958894E-5,NO
11,82,2.1438822800432805E-4,NO
12,41,0.6666333097586711,NO
13,245,4.999533743620608E-4,NO
14,227,0.76916859702666,NO
15,363,4.999533743620608E-4,NO
16,407,0.0014968666689178002,NO
17,145,0.4999999999999999,NO
18,49,3.7505878672454917E-4,NO
19,85,0.2631766082887247,NO
20,64,1.1546266477411655E-4,NO
21,36,0.384622047076866,NO
22,37,1.0007072398622295E-4,NO
23,83,3.7505878672454917E-4,NO
24,32,2.501017263830694E-4,NO
25,26,1.0721710008626327E-4,NO
26,835,0.0014968666689178002,YES
27,365,4.999533743620608E-4,NO
28,206,3.7505878672454917E-4,YES
29,24,6.526805924106118E-5,NO
30,24,6.526805924106118E-5,NO
31,27,7.900653209054062E-5,NO
32,260,7.4955531883217E-4,NO
33,30,0.6666333097586711,NO
34,428,0.76916859702666,NO
35,972,4.999533743620608E-4,NO
36,123,1.6676228927967586E-4,NO
37,562,4.999533743620608E-4,NO
38,205,2.1438822800432805E-4,NO
39,37,1.0007072398622295E-4,NO
40,35,6.823438434057857E-5,NO
41,276,4.999533743620608E-4,NO
42,316,4.999533743620608E-4,NO
43,204,4.999533743620608E-4,NO
44,133,4.999533743620608E-4,NO
45,285,0.76916859702666,NO
46,336,4.999533743620608E-4,NO
47,464,0.76916859702666,NO
48,294,3.000920502437474E-4,NO
49,76,6.254889697644307E-5,NO
50,69,0.4166770914828293,NO
51,266,3.000920502437474E-4,NO
52,247,0.5555462894386899,NO
53,217,4.999533743620608E-4,NO
54,99,0.43479112192077046,NO
55,191,0.5555462894386899,NO
56,476,4.999533743620608E-4,NO
57,95,1.5009106625767018E-4,NO
58,550,0.0014968666689178002,NO
59,136,1.8759975429851155E-4,NO
60,33,1.8759975429851155E-4,NO
61,483,0.0014968666689178002,NO
62,140,4.999533743620608E-4,NO
63,111,1.3645014749754178E-4,NO
64,34,1.3645014749754178E-4,NO
65,39,0.5263137101901416,NO
66,36,0.384622047076866,NO
67,257,0.0014968666689178002,YES
68,61,1.8759975429851155E-4,NO
69,57,7.148317620341383E-5,NO
70,124,4.999533743620608E-4,NO
71,59,1.5009106625767018E-4,NO
72,32,2.501017263830694E-4,NO
73,25,5.77379989702781E-5,NO
74,53,0.4761938801512477,NO
75,53,0.4761938801512477,NO
76,88,1.3645014749754178E-4,YES
77,107,0.5882197118041035,NO
78,133,4.999533743620608E-4,NO
79,169,3.000920502437474E-4,NO
80,80,0.4761938801512477,NO
81,29,1.8759975429851155E-4,NO
82,588,4.999533743620608E-4,NO
83,162,0.0014968666689178002,NO
84,39,0.5263137101901416,NO
85,79,6.823438434057857E-5,NO
86,85,0.2631766082887247,NO
87,110,2.501017263830694E-4,NO
88,111,1.3645014749754178E-4,NO
89,53,0.4761938801512477,NO
90,52,1.5009106625767018E-4,NO
91,154,7.4955531883217E-4,NO
92,403,7.4955531883217E-4,NO
93,183,2.501017263830694E-4,NO
94,215,7.4955531883217E-4,NO
95,76,6.254889697644307E-5,NO
96,554,0.0014968666689178002,YES
97,257,0.0014968666689178002,NO
98,55,0.2857326681536803,NO
99,102,0.6249765456306786,NO
100,403,7.4955531883217E-4,NO
101,35,6.823438434057857E-5,NO
102,145,0.4999999999999999,NO
103,119,3.000920502437474E-4,NO
104,108,0.8332499452356984,NO
105,91,3.7505878672454917E-4,NO
106,69,0.4166770914828293,NO
107,80,0.4761938801512477,NO
108,63,3.000920502437474E-4,NO
109,160,7.4955531883217E-4,NO
110,98,1.0721710008626327E-4,NO
111,54,0.25642900964459187,NO
112,267,3.000920502437474E-4,NO
113,55,0.2857326681536803,NO
114,46,2.1438822800432805E-4,NO
115,226,3.000920502437474E-4,NO
116,54,0.25642900964459187,NO
117,270,0.526311631235153,NO
118,74,6.526805924106118E-5,NO
119,359,3.000920502437474E-4,NO
120,78,6.823438434057857E-5,NO
121,180,2.501017263830694E-4,NO
122,57,7.148317620341383E-5,NO
123,50,8.339505178958894E-5,NO
124,243,0.6666333097586711,NO
125,254,4.999533743620608E-4,NO
126,306,3.000920502437474E-4,NO
127,139,2.1438822800432805E-4,NO
128,375,0.7999639716550588,NO
129,75,0.45455165767130357,NO
130,222,2.1438822800432805E-4,NO
131,61,1.8759975429851155E-4,NO
132,98,1.0721710008626327E-4,NO
133,28,3.491294210565936E-5,NO
134,55,0.2857326681536803,NO
135,194,3.7505878672454917E-4,NO
136,28,3.491294210565936E-5,NO
137,50,8.339505178958894E-5,NO
138,55,0.2857326681536803,NO
139,124,4.999533743620608E-4,NO
140,87,2.501017263830694E-4,NO
141,65,7.4955531883217E-4,NO
142,144,0.8332499452356984,NO
143,134,0.0014968666689178002,NO
144,117,2.501017263830694E-4,NO
145,28,3.491294210565936E-5,NO
146,57,7.148317620341383E-5,NO
147,60,1.2508214645230207E-4,NO
148,62,3.000920502437474E-4,NO
149,89,7.4955531883217E-4,NO
150,60,1.2508214645230207E-4,NO
151,68,7.4955531883217E-4,NO
152,522,7.4955531883217E-4,NO
153,43,1.0007072398622295E-4,NO
154,247,0.5555462894386899,NO
155,35,6.823438434057857E-5,NO
156,42,1.3645014749754178E-4,NO
157,57,7.148317620341383E-5,NO
158,117,2.501017263830694E-4,NO
159,61,1.8759975429851155E-4,NO
160,92,0.7142397640999629,NO
161,93,2.501017263830694E-4,NO
162,80,0.4761938801512477,NO
163,101,1.6676228927967586E-4,NO
164,59,1.5009106625767018E-4,NO
165,84,2.1438822800432805E-4,NO
166,82,2.1438822800432805E-4,NO
167,172,0.0014968666689178002,NO
168,143,3.7505878672454917E-4,NO
169,78,6.823438434057857E-5,NO
170,66,2.1438822800432805E-4,NO
171,66,2.1438822800432805E-4,NO
172,85,0.2631766082887247,NO
173,54,0.25642900964459187,NO
174,77,0.6249765456306787,NO
175,137,3.7505878672454917E-4,NO
176,130,0.8332499452356984,NO
177,79,6.823438434057857E-5,NO
178,76,6.254889697644307E-5,NO
179,81,3.7505878672454917E-4,NO
180,98,1.0721710008626327E-4,NO
181,115,3.7505878672454917E-4,NO
182,180,2.501017263830694E-4,NO
183,118,0.7142397640999629,NO
184,132,1.8759975429851155E-4,NO
185,95,1.5009106625767018E-4,NO
186,88,1.3645014749754178E-4,NO
187,51,1.2508214645230207E-4,NO
188,120,0.6249765456306787,NO
