ID, Size, Predicted, Actual
0,45,4.2716787697565144E-4,NO
1,79,4.2716787697565144E-4,NO
2,67,4.2716787697565144E-4,NO
3,45,1.0686044026501389E-4,NO
4,28,9.096284167917406E-6,NO
5,28,9.096284167917406E-6,NO
6,564,4.2716787697565144E-4,YES
7,1491,0.9995728321230245,YES
8,25,1.7100740462062005E-5,NO
9,39,0.045472211426350564,NO
10,47,0.16671416357936736,NO
11,184,4.2716787697565144E-4,NO
12,30,4.274965800273597E-5,NO
13,221,0.9995728321230245,YES
14,50,1.6443041304919756E-5,NO
15,101,0.9995728321230245,NO
16,41,7.124536905101169E-5,NO
17,250,0.9995728321230245,YES
18,227,7.124536905101169E-5,NO
19,363,8.54920064973925E-5,NO
20,407,1.0686044026501389E-4,NO
21,145,0.06252337946881847,NO
22,49,7.124536905101169E-5,NO
23,85,0.03126252505010021,NO
24,64,3.2885001150975034E-5,NO
25,42,4.274965800273597E-5,NO
26,36,1.3360053440213762E-5,NO
27,37,2.375071252137564E-5,NO
28,83,8.54920064973925E-5,NO
29,32,4.274965800273597E-5,NO
30,26,2.850058426197737E-5,NO
31,882,0.9995728321230245,YES
32,413,0.9995728321230245,YES
33,213,2.136752136752137E-4,YES
34,24,2.1375742807062544E-5,NO
35,24,2.1375742807062544E-5,NO
36,27,2.2500731273766396E-5,NO
37,259,0.9995728321230245,YES
38,30,4.274965800273597E-5,NO
39,428,7.124536905101169E-5,NO
40,979,4.2716787697565144E-4,NO
41,123,3.886362753099374E-5,NO
42,562,7.124536905101169E-5,NO
43,205,4.7499168764546616E-5,NO
44,37,2.375071252137564E-5,NO
45,35,1.6443041304919756E-5,NO
46,283,4.2716787697565144E-4,NO
47,316,7.124536905101169E-5,NO
48,204,7.124536905101169E-5,NO
49,133,4.274965800273597E-5,NO
50,285,0.14290076335877863,NO
51,336,7.124536905101169E-5,NO
52,701,4.2716787697565144E-4,NO
53,301,4.2716787697565144E-4,NO
54,76,1.474208718470361E-5,NO
55,69,0.05001923816852636,NO
56,266,6.106870229007633E-5,NO
57,253,2.136752136752137E-4,NO
58,217,7.124536905101169E-5,NO
59,100,4.2716787697565144E-4,NO
60,191,0.08336302101888136,NO
61,476,8.54920064973925E-5,NO
62,95,0.06669136717302705,NO
63,551,4.2716787697565144E-4,NO
64,136,3.886362753099374E-5,NO
65,33,4.274965800273597E-5,NO
66,491,0.9995728321230245,YES
67,143,0.9995728321230245,YES
68,113,0.9995728321230245,YES
69,34,3.5625222657641604E-5,NO
70,39,0.045472211426350564,NO
71,36,1.3360053440213762E-5,NO
72,277,0.9995728321230245,YES
73,75,0.06669136717302705,NO
74,57,1.4250698284215926E-5,NO
75,124,6.106870229007633E-5,NO
76,59,3.2885001150975034E-5,NO
77,32,4.274965800273597E-5,NO
78,25,1.7100740462062005E-5,NO
79,53,2.1375742807062544E-5,NO
80,53,2.1375742807062544E-5,NO
81,88,2.850058426197737E-5,YES
82,107,4.7499168764546616E-5,NO
83,133,4.274965800273597E-5,YES
84,169,6.106870229007633E-5,NO
85,94,7.124536905101169E-5,NO
86,35,1.6443041304919756E-5,NO
87,689,4.2716787697565144E-4,YES
88,162,1.0686044026501389E-4,NO
89,39,0.045472211426350564,NO
90,79,1.8587706091191284E-5,NO
91,85,0.03126252505010021,NO
92,110,7.124536905101169E-5,NO
93,122,4.2716787697565144E-4,NO
94,53,2.1375742807062544E-5,NO
95,52,3.886362753099374E-5,NO
96,177,0.9995728321230245,NO
97,527,0.9995728321230245,YES
98,183,6.106870229007633E-5,NO
99,215,0.14290076335877863,NO
100,76,1.474208718470361E-5,NO
101,563,4.2716787697565144E-4,NO
102,257,1.4247043738424277E-4,NO
103,55,1.3360053440213762E-5,NO
104,102,4.7499168764546616E-5,NO
105,403,0.14290076335877863,NO
106,35,1.6443041304919756E-5,NO
107,145,0.06252337946881847,NO
108,119,6.106870229007633E-5,NO
109,108,0.14290076335877863,NO
110,91,6.106870229007633E-5,NO
111,69,0.05001923816852636,NO
112,80,0.06252337946881847,NO
113,63,6.106870229007633E-5,NO
114,160,1.0686044026501389E-4,NO
115,102,4.7499168764546616E-5,NO
116,54,1.3791011019017803E-5,NO
117,267,6.106870229007633E-5,NO
118,55,1.3360053440213762E-5,NO
119,46,5.3435930319546855E-5,NO
120,226,6.106870229007633E-5,NO
121,54,1.3791011019017803E-5,NO
122,270,4.274965800273597E-5,NO
123,74,2.1375742807062544E-5,NO
124,359,6.106870229007633E-5,NO
125,78,2.1375742807062544E-5,NO
126,180,3.5625222657641604E-5,NO
127,57,1.4250698284215926E-5,NO
128,50,1.6443041304919756E-5,NO
129,243,6.106870229007633E-5,NO
130,254,7.124536905101169E-5,NO
131,306,6.106870229007633E-5,NO
132,139,6.106870229007633E-5,NO
133,372,4.2716787697565144E-4,NO
134,75,0.06669136717302705,NO
135,222,6.106870229007633E-5,NO
136,61,3.2885001150975034E-5,NO
137,98,0.05265171118061337,NO
138,28,9.096284167917406E-6,NO
139,55,1.3360053440213762E-5,NO
140,195,4.2716787697565144E-4,NO
141,28,9.096284167917406E-6,NO
142,50,1.6443041304919756E-5,NO
143,55,1.3360053440213762E-5,NO
144,130,4.2716787697565144E-4,NO
145,87,6.106870229007633E-5,NO
146,65,8.54920064973925E-5,NO
147,140,7.124536905101169E-5,NO
148,134,1.0686044026501389E-4,NO
149,117,0.11114805490903909,NO
150,28,9.096284167917406E-6,NO
151,57,1.4250698284215926E-5,NO
152,60,2.6719392935392506E-5,NO
153,62,6.106870229007633E-5,NO
154,89,8.54920064973925E-5,NO
155,60,2.6719392935392506E-5,NO
156,68,8.54920064973925E-5,NO
157,522,0.25005343022013254,NO
158,43,2.850058426197737E-5,NO
159,247,0.08336302101888136,NO
160,35,1.6443041304919756E-5,NO
161,42,4.274965800273597E-5,NO
162,57,1.4250698284215926E-5,NO
163,125,1.0686044026501389E-4,NO
164,61,3.2885001150975034E-5,NO
165,92,7.124536905101169E-5,NO
166,92,7.124536905101169E-5,NO
167,80,0.06252337946881847,NO
168,101,5.3435930319546855E-5,NO
169,59,3.2885001150975034E-5,NO
170,84,6.106870229007633E-5,NO
171,81,5.3435930319546855E-5,NO
172,173,4.2716787697565144E-4,NO
173,159,4.2716787697565144E-4,NO
174,99,0.9995728321230245,YES
175,73,4.2716787697565144E-4,NO
176,74,4.2716787697565144E-4,NO
177,330,0.9995728321230245,YES
178,81,5.3435930319546855E-5,NO
179,66,5.3435930319546855E-5,NO
180,245,0.9995728321230245,YES
181,91,6.106870229007633E-5,NO
182,57,1.4250698284215926E-5,NO
183,85,0.03126252505010021,NO
184,94,7.124536905101169E-5,NO
185,54,1.3791011019017803E-5,NO
186,75,0.06669136717302705,NO
187,137,7.124536905101169E-5,NO
188,133,4.274965800273597E-5,NO
189,79,1.8587706091191284E-5,NO
190,76,1.474208718470361E-5,NO
191,81,5.3435930319546855E-5,NO
192,99,0.08336302101888136,NO
193,115,7.124536905101169E-5,NO
194,180,3.5625222657641604E-5,NO
195,118,7.124536905101169E-5,NO
196,132,6.106870229007633E-5,NO
197,94,7.124536905101169E-5,NO
198,88,2.850058426197737E-5,NO
199,51,3.5625222657641604E-5,NO
200,111,3.053621595211921E-5,NO
