ID, Size, Predicted, Actual
0,45,8.394936189985765E-6,NO
1,28,1.7512005850344253E-6,NO
2,28,1.7512005850344253E-6,NO
3,449,1.4613587665011387E-5,YES
4,1470,1.0,NO
5,25,1.755948370408759E-6,NO
6,39,1.7451851304818473E-6,NO
7,47,1.5931737658278106E-5,NO
8,30,1.0093465223645257E-5,NO
9,215,0.9999154258198665,NO
10,50,1.7437739734968336E-6,NO
11,82,1.7672366734017057E-6,NO
12,41,1.7451851304818473E-6,NO
13,245,2.904771616461843E-6,NO
14,227,2.695458484162363E-6,NO
15,363,6.539360825128268E-6,NO
16,407,9.77529870519014E-6,NO
17,145,1.9731662595289146E-6,NO
18,49,1.7437739734968336E-6,NO
19,85,1.77526147428233E-6,NO
20,64,1.7502758147615052E-6,NO
21,36,1.7476152033976138E-6,NO
22,37,1.7476152033976138E-6,NO
23,83,1.77526147428233E-6,NO
24,32,1.7512005850344253E-6,NO
25,26,1.755948370408759E-6,NO
26,835,0.9973862952142355,YES
27,365,0.011406866734944994,NO
28,206,2.411103048937527E-6,YES
29,24,1.755948370408759E-6,NO
30,24,1.755948370408759E-6,NO
31,27,1.755948370408759E-6,NO
32,260,0.9999999975155713,NO
33,30,1.7512005850344253E-6,NO
34,428,1.1889330987812678E-5,NO
35,972,0.12429526342624321,NO
36,123,1.884911323937036E-6,NO
37,562,5.870468284300011E-5,NO
38,205,2.411103048937527E-6,NO
39,37,1.7476152033976138E-6,NO
40,35,1.7476152033976138E-6,NO
41,276,3.43389030666111E-6,NO
42,316,4.453368382898839E-6,NO
43,204,2.411103048937527E-6,NO
44,133,1.9259976987566585E-6,NO
45,285,3.6500378417918366E-6,NO
46,336,5.1522640855496E-6,NO
47,464,1.7177374304786427E-5,NO
48,294,3.890015975752839E-6,NO
49,76,1.7604061276560476E-6,NO
50,69,1.7547562464669028E-6,NO
51,266,3.239056609513303E-6,NO
52,247,2.98201605207147E-6,NO
53,217,2.572815193759692E-6,NO
54,99,1.8066739501937702E-6,NO
55,191,2.2729761049481325E-6,NO
56,476,1.01381933727163E-4,NO
57,95,1.7949603599275958E-6,NO
58,550,4.800982927684455E-5,NO
59,136,1.9259976987566585E-6,NO
60,33,1.7476152033976138E-6,NO
61,483,2.1505872536806592E-5,NO
62,140,1.0293759848416785E-5,NO
63,111,1.8339476370520496E-6,NO
64,34,1.7476152033976138E-6,NO
65,39,1.7451851304818473E-6,NO
66,36,1.7476152033976138E-6,NO
67,257,3.1638549862056316E-5,YES
68,61,0.43945916501340837,NO
69,57,1.7447901021675807E-6,NO
70,124,0.0050681443048885624,NO
71,59,8.471024001805818E-6,NO
72,32,8.430053249578624E-6,NO
73,25,1.755948370408759E-6,NO
74,53,1.7447901021675807E-6,NO
75,53,2.0293022106770835E-5,NO
76,88,1.7844965414590316E-6,YES
77,107,1.8196609386597106E-6,NO
78,133,2.5895441684982027E-5,NO
79,169,2.1204812181027876E-6,NO
80,80,1.7672366734017057E-6,NO
81,29,1.7512005850344253E-6,NO
82,588,0.4466430218879543,NO
83,162,2.056216422176278E-6,NO
84,39,1.7451851304818473E-6,NO
85,79,1.7672366734017057E-6,NO
86,85,1.77526147428233E-6,NO
87,110,1.8339476370520496E-6,NO
88,111,1.8339476370520496E-6,NO
89,53,1.7447901021675807E-6,NO
90,52,1.7437739734968336E-6,NO
91,154,2.0268176306570515E-6,NO
92,403,9.32368479499954E-6,NO
93,183,2.2316501218733333E-6,NO
94,215,2.5160844676984414E-6,NO
95,76,1.7604061276560476E-6,NO
96,554,5.1304883277797083E-5,YES
97,257,3.148931765899667E-6,NO
98,55,1.7447901021675807E-6,NO
99,102,1.8066739501937702E-6,NO
100,403,9.32368479499954E-6,NO
101,35,1.7476152033976138E-6,NO
102,145,1.9731662595289146E-6,NO
103,119,1.8665393800374113E-6,NO
104,108,1.8339476370520496E-6,NO
105,91,1.7844965414590316E-6,NO
106,69,1.7547562464669028E-6,NO
107,80,1.7672366734017057E-6,NO
108,63,1.7502758147615052E-6,NO
109,160,2.056216422176278E-6,NO
110,98,1.8066739501937702E-6,NO
111,54,1.7447901021675807E-6,NO
112,267,3.3339539300550785E-6,NO
113,55,1.7447901021675807E-6,NO
114,46,1.7439055629859281E-6,NO
115,226,2.632556709069038E-6,NO
116,54,1.7447901021675807E-6,NO
117,270,3.3339539300550785E-6,NO
118,74,1.7604061276560476E-6,NO
119,359,6.274291529308342E-6,NO
120,78,1.7672366734017057E-6,NO
121,180,2.1925177221538583E-6,NO
122,57,1.7447901021675807E-6,NO
123,50,1.7437739734968336E-6,NO
124,243,2.904771616461843E-6,NO
125,254,3.06332961510225E-6,NO
126,306,4.156697978086156E-6,NO
127,139,1.948798055827895E-6,NO
128,375,7.117603716647646E-6,NO
129,75,1.7604061276560476E-6,NO
130,222,2.632556709069038E-6,NO
131,61,1.746955955861894E-6,NO
132,98,1.8066739501937702E-6,NO
133,28,1.7512005850344253E-6,NO
134,55,1.7447901021675807E-6,NO
135,194,2.3165911994069747E-6,NO
136,28,1.7512005850344253E-6,NO
137,50,1.7437739734968336E-6,NO
138,55,1.7447901021675807E-6,NO
139,124,1.884911323937036E-6,NO
140,87,1.77526147428233E-6,NO
141,65,1.7502758147615052E-6,NO
142,144,1.9731662595289146E-6,NO
143,134,1.9259976987566585E-6,NO
144,117,1.8495631312647908E-6,NO
145,28,1.7512005850344253E-6,NO
146,57,1.7447901021675807E-6,NO
147,60,1.746955955861894E-6,NO
148,62,1.746955955861894E-6,NO
149,89,1.7844965414590316E-6,NO
150,60,1.746955955861894E-6,NO
151,68,1.7547562464669028E-6,NO
152,522,1.837463425855505E-4,NO
153,43,1.7439055629859281E-6,NO
154,247,2.98201605207147E-6,NO
155,35,1.7476152033976138E-6,NO
156,42,1.7451851304818473E-6,NO
157,57,1.7447901021675807E-6,NO
158,117,1.8495631312647908E-6,NO
159,61,1.746955955861894E-6,NO
160,92,1.7844965414590316E-6,NO
161,93,1.7949603599275958E-6,NO
162,80,1.7672366734017057E-6,NO
163,101,1.8066739501937702E-6,NO
164,59,1.746955955861894E-6,NO
165,84,1.77526147428233E-6,NO
166,82,1.7672366734017057E-6,NO
167,172,2.1204812181027876E-6,NO
168,143,1.9731662595289146E-6,NO
169,78,1.7672366734017057E-6,NO
170,66,1.7502758147615052E-6,NO
171,66,1.7502758147615052E-6,NO
172,85,1.77526147428233E-6,NO
173,54,1.7447901021675807E-6,NO
174,77,1.7604061276560476E-6,NO
175,137,1.9259976987566585E-6,NO
176,130,1.9047170051639783E-6,NO
177,79,1.7672366734017057E-6,NO
178,76,1.7604061276560476E-6,NO
179,81,1.7672366734017057E-6,NO
180,98,1.8066739501937702E-6,NO
181,115,1.8495631312647908E-6,NO
182,180,2.1925177221538583E-6,NO
183,118,1.8665393800374113E-6,NO
184,132,9.269786269597409E-5,NO
185,95,1.7949603599275958E-6,NO
186,88,1.7844965414590316E-6,NO
187,51,1.7437739734968336E-6,NO
188,120,1.8665393800374113E-6,NO
