ID, Size, Predicted, Actual
0,45,0.1525935052084954,YES
1,79,0.1504731156856319,YES
2,67,0.15064637502512607,NO
3,45,0.1525935052084954,YES
4,28,0.15574867097966075,NO
5,28,0.15574867097966075,NO
6,564,0.9328683112992638,YES
7,1492,1.0,NO
8,174,0.17459162379376492,NO
9,25,0.1567675054317375,NO
10,39,0.1539894539488301,NO
11,47,0.1525935052084954,NO
12,184,0.17928339354371484,NO
13,30,0.15574867097966075,NO
14,221,0.20701887710904315,NO
15,50,0.1520292290175771,NO
16,101,0.15202009572716044,NO
17,41,0.15324660784108723,NO
18,250,0.23255148605889697,NO
19,227,0.21084660937660094,NO
20,363,0.4441863863267672,NO
21,408,0.56444125218836,NO
22,145,0.16178014121456893,NO
23,49,0.1525935052084954,NO
24,85,0.15064335331804127,NO
25,64,0.15086204545682902,NO
26,42,0.15324660784108723,NO
27,36,0.15482308560862829,NO
28,37,0.1539894539488301,NO
29,83,0.15051528280047766,NO
30,32,0.15574867097966075,NO
31,26,0.1567675054317375,NO
32,883,0.9999602998139817,YES
33,421,0.6028414825011641,NO
34,213,0.1998400609840158,YES
35,24,0.1567675054317375,NO
36,24,0.1567675054317375,NO
37,27,0.1567675054317375,NO
38,259,0.2478000263242832,NO
39,30,0.15574867097966075,NO
40,428,0.6285693576886834,NO
41,981,0.9999981769429066,NO
42,126,0.15573159253994487,NO
43,562,0.9279356246914221,NO
44,226,0.21084660937660094,NO
45,37,0.1539894539488301,NO
46,35,0.15482308560862829,NO
47,283,0.27734865167656864,NO
48,316,0.33662530830572873,NO
49,204,0.1932680661110244,NO
50,133,0.157860604642002,NO
51,298,0.3050461812971874,NO
52,336,0.3817809863978244,NO
53,701,0.9956129917246429,NO
54,301,0.3050461812971874,NO
55,76,0.1504731156856319,NO
56,69,0.15064637502512607,NO
57,266,0.25328328146831086,NO
58,253,0.23743907512687334,NO
59,217,0.20335149267627672,NO
60,100,0.15154539481409493,NO
61,191,0.1844768591194654,NO
62,476,0.7635611905181493,NO
63,95,0.15115804708021754,NO
64,551,0.9172082636975007,NO
65,136,0.15906863194363763,NO
66,33,0.15482308560862829,NO
67,496,0.8165129359361253,YES
68,156,0.16489835648212287,NO
69,113,0.15323435032846477,NO
70,34,0.15482308560862829,NO
71,39,0.1539894539488301,NO
72,36,0.15482308560862829,NO
73,288,0.2839216294743061,YES
74,75,0.1504731156856319,NO
75,57,0.15155298633918998,NO
76,124,0.15573159253994487,NO
77,59,0.1511641075178447,NO
78,32,0.15574867097966075,NO
79,25,0.1567675054317375,NO
80,53,0.1520292290175771,YES
81,53,0.1520292290175771,NO
82,88,0.15085750757844346,YES
83,107,0.15258281731379933,NO
84,134,0.157860604642002,NO
85,169,0.17037650912082292,NO
86,94,0.15115804708021754,NO
87,35,0.15482308560862829,NO
88,695,0.9946749728989766,NO
89,162,0.16844049154712393,NO
90,39,0.1539894539488301,NO
91,79,0.1504731156856319,NO
92,85,0.15064335331804127,NO
93,110,0.15323435032846477,NO
94,133,0.9948179866216605,YES
95,53,0.1520292290175771,NO
96,52,0.1520292290175771,NO
97,197,0.995780259128778,YES
98,533,0.8920901866664285,YES
99,183,0.17928339354371484,YES
100,215,0.1998400609840158,NO
101,76,0.1504731156856319,NO
102,563,0.9328683112992638,YES
103,257,0.2425202722800494,NO
104,55,0.15155298633918998,NO
105,102,0.15202009572716044,NO
106,403,0.5517751186905725,NO
107,35,0.15482308560862829,NO
108,145,0.16178014121456893,YES
109,119,0.1548076350407047,NO
110,108,0.15258281731379933,NO
111,91,0.15085750757844346,YES
112,69,0.15064637502512607,NO
113,80,0.15051528280047766,NO
114,63,0.15086204545682902,NO
115,160,0.16661527264779552,YES
116,102,0.15202009572716044,YES
117,54,0.15155298633918998,NO
118,267,0.25328328146831086,NO
119,55,0.15155298633918998,NO
120,46,0.1525935052084954,NO
121,226,0.21084660937660094,NO
122,54,0.15155298633918998,NO
123,270,0.25897495385865615,NO
124,74,0.15051679259094372,NO
125,359,0.43319306669551966,NO
126,78,0.1504731156856319,NO
127,180,0.17687641485757222,NO
128,57,0.15155298633918998,NO
129,50,0.1520292290175771,NO
130,243,0.22785257277823673,NO
131,254,0.23743907512687334,NO
132,306,0.31256899567351387,NO
133,139,0.15906863194363763,NO
134,372,0.466828448822963,NO
135,75,0.1504731156856319,NO
136,222,0.20701887710904315,NO
137,572,0.9419163835785608,NO
138,38,0.1539894539488301,NO
139,348,0.401613690390454,NO
140,121,0.1548076350407047,NO
141,62,0.1511641075178447,NO
142,52,0.1520292290175771,NO
143,158,0.16661527264779552,NO
144,778,0.999323560393967,YES
145,199,0.18727017147662076,NO
146,115,0.1539756096143535,NO
147,52,0.1520292290175771,NO
148,88,0.15085750757844346,NO
149,61,0.1511641075178447,NO
150,98,0.15154539481409493,NO
151,28,0.15574867097966075,NO
152,55,0.15155298633918998,NO
153,195,0.18727017147662076,NO
154,28,0.15574867097966075,NO
155,50,0.1520292290175771,NO
156,55,0.15155298633918998,NO
157,546,0.9113972033303277,NO
158,130,0.1567487752345825,NO
159,87,0.15064335331804127,NO
160,65,0.15086204545682902,NO
161,140,0.16037453930292284,NO
162,134,0.157860604642002,NO
163,117,0.1539756096143535,NO
164,28,0.15574867097966075,NO
165,57,0.15155298633918998,NO
166,60,0.1511641075178447,YES
167,62,0.1511641075178447,NO
168,89,0.15085750757844346,YES
169,60,0.1511641075178447,NO
170,68,0.15064637502512607,YES
171,522,0.8698655628701594,NO
172,43,0.15324660784108723,NO
173,247,0.23255148605889697,NO
174,35,0.15482308560862829,NO
175,42,0.15324660784108723,NO
176,57,0.15155298633918998,NO
177,125,0.15573159253994487,NO
178,61,0.1511641075178447,NO
179,92,0.15085750757844346,NO
180,92,0.15085750757844346,NO
181,80,0.15051528280047766,NO
182,101,0.15202009572716044,NO
183,59,0.1511641075178447,NO
184,84,0.15064335331804127,NO
185,81,0.15051528280047766,NO
186,173,0.17242596108711167,NO
187,197,0.18727017147662076,NO
188,54,0.15155298633918998,NO
189,94,0.15115804708021754,NO
190,69,0.15064637502512607,NO
191,69,0.15064637502512607,NO
192,62,0.1511641075178447,NO
193,59,0.1511641075178447,NO
194,85,0.15064335331804127,NO
195,106,0.15258281731379933,NO
196,522,0.8698655628701594,YES
197,76,0.1504731156856319,NO
198,182,0.17928339354371484,NO
199,145,0.16178014121456893,NO
200,128,0.1567487752345825,NO
201,63,0.15086204545682902,NO
202,159,0.16661527264779552,NO
203,99,0.15154539481409493,NO
204,73,0.15051679259094372,NO
205,74,0.15051679259094372,NO
206,330,0.36295542420698834,NO
207,81,0.15051528280047766,NO
208,66,0.15086204545682902,NO
209,245,0.22785257277823673,NO
210,91,0.15085750757844346,NO
211,57,0.15155298633918998,NO
212,85,0.15064335331804127,NO
213,94,0.15115804708021754,NO
214,54,0.15155298633918998,NO
215,75,0.1504731156856319,NO
216,137,0.15906863194363763,NO
217,133,0.157860604642002,NO
218,79,0.1504731156856319,NO
219,76,0.1504731156856319,NO
220,81,0.15051528280047766,NO
221,99,0.15154539481409493,NO
222,115,0.1539756096143535,NO
223,180,0.17687641485757222,NO
224,118,0.1548076350407047,NO
225,132,0.157860604642002,NO
226,94,0.15115804708021754,NO
227,88,0.15085750757844346,NO
228,51,0.1520292290175771,NO
229,111,0.15323435032846477,NO
