ID, Size, Predicted, Actual
0,45,0.18945354044267634,NO
1,79,0.19001377123567137,NO
2,67,0.18943486781265276,NO
3,45,0.18945354044267634,NO
4,28,0.19097934908052921,NO
5,28,0.19097934908052921,NO
6,564,0.873160853926305,YES
7,1491,1.0,YES
8,25,0.191573156382434,NO
9,39,0.1897084378422645,NO
10,47,0.18945354044267634,NO
11,184,0.22270836152198523,NO
12,30,0.19047095565661962,NO
13,221,1.0,YES
14,50,0.18928251065900295,NO
15,101,0.1929475323342268,NO
16,41,0.1897084378422645,NO
17,250,0.9974770371937614,YES
18,227,0.2548141210115624,NO
19,363,0.44630960856580043,NO
20,407,0.5446867290217012,NO
21,145,0.20551070829673262,NO
22,49,0.18928251065900295,NO
23,85,0.19093050429639422,NO
24,64,0.18927131466422042,NO
25,42,0.1897084378422645,NO
26,36,0.19004746161819033,NO
27,37,0.19004746161819033,NO
28,83,0.1904297089599201,NO
29,32,0.19047095565661962,NO
30,26,0.19097934908052921,NO
31,882,1.0,YES
32,413,0.9992279876594056,YES
33,213,0.24381489801722908,YES
34,24,0.191573156382434,NO
35,24,0.191573156382434,NO
36,27,0.19097934908052921,NO
37,259,0.9975934554017458,YES
38,30,0.19047095565661962,NO
39,428,0.5872018325076225,NO
40,979,0.9999394598338806,NO
41,123,0.1980705631507554,NO
42,562,0.873160853926305,NO
43,205,0.23715565269616476,NO
44,37,0.19004746161819033,NO
45,35,0.19004746161819033,NO
46,283,0.31239477112510744,NO
47,316,0.35733379152477446,NO
48,204,0.23715565269616476,NO
49,133,0.2007595932586703,NO
50,285,0.3182716665500804,NO
51,336,0.3950035735103982,NO
52,701,0.9819502893051637,NO
53,301,0.33697752873691583,NO
54,76,0.19001377123567137,NO
55,69,0.18943486781265276,NO
56,266,0.29580777202717873,NO
57,253,0.2807323764742364,NO
58,217,0.24734380105640066,NO
59,100,0.1929475323342268,NO
60,191,0.2281228397450213,NO
61,476,0.7054990004691685,NO
62,95,0.19218878077688362,NO
63,551,0.8518836848593938,NO
64,136,0.2022461671574327,NO
65,33,0.19047095565661962,NO
66,491,1.0,YES
67,143,0.9962472381837466,YES
68,113,0.9960535026054916,YES
69,34,0.19047095565661962,NO
70,39,0.1897084378422645,NO
71,36,0.19004746161819033,NO
72,277,1.0,YES
73,75,0.1896822696143639,NO
74,57,0.1891914440357636,NO
75,124,0.1980705631507554,NO
76,59,0.1891914440357636,NO
77,32,0.19047095565661962,NO
78,25,0.191573156382434,NO
79,53,0.189195174770282,NO
80,53,0.189195174770282,NO
81,88,0.19093050429639422,YES
82,107,0.19472808165921998,NO
83,133,0.2007595932586703,YES
84,169,0.2154497933266815,NO
85,94,0.19218878077688362,NO
86,35,0.19004746161819033,NO
87,689,0.9790273307186635,YES
88,162,0.21325153037136116,NO
89,39,0.1897084378422645,NO
90,79,0.19001377123567137,NO
91,85,0.19093050429639422,NO
92,110,0.19472808165921998,NO
93,122,0.1980705631507554,NO
94,53,0.189195174770282,NO
95,52,0.18928251065900295,NO
96,177,0.2201760390368156,NO
97,527,0.9997762604644382,YES
98,183,0.22270836152198523,NO
99,215,0.24381489801722908,NO
100,76,0.19001377123567137,NO
101,563,0.873160853926305,NO
102,257,0.28559406567564183,NO
103,55,0.189195174770282,NO
104,102,0.1929475323342268,NO
105,403,0.5342689984889653,NO
106,35,0.19004746161819033,NO
107,145,0.20551070829673262,NO
108,119,0.19686545626683108,NO
109,108,0.19472808165921998,NO
110,91,0.1915166641112962,NO
111,69,0.18943486781265276,NO
112,80,0.1904297089599201,NO
113,63,0.18927131466422042,NO
114,160,0.2111604150124641,NO
115,102,0.1929475323342268,NO
116,54,0.189195174770282,NO
117,267,0.29580777202717873,NO
118,55,0.189195174770282,NO
119,46,0.18945354044267634,NO
120,226,0.2548141210115624,NO
121,54,0.189195174770282,NO
122,270,0.29580777202717873,NO
123,74,0.1896822696143639,NO
124,359,0.43731221090404204,NO
125,78,0.19001377123567137,NO
126,180,0.22270836152198523,NO
127,57,0.1891914440357636,NO
128,50,0.18928251065900295,NO
129,243,0.26709383892397864,NO
130,254,0.2807323764742364,NO
131,306,0.34357754892911707,NO
132,139,0.2038293583294067,NO
133,372,0.4648111491845434,NO
134,75,0.1896822696143639,NO
135,222,0.25100926445025545,NO
136,61,0.1891914440357636,NO
137,98,0.1929475323342268,NO
138,28,0.19097934908052921,NO
139,55,0.189195174770282,NO
140,195,0.231009793507564,NO
141,28,0.19097934908052921,NO
142,50,0.18928251065900295,NO
143,55,0.189195174770282,NO
144,130,0.2007595932586703,NO
145,87,0.19093050429639422,NO
146,65,0.18927131466422042,NO
147,140,0.2038293583294067,NO
148,134,0.2007595932586703,NO
149,117,0.19686545626683108,NO
150,28,0.19097934908052921,NO
151,57,0.1891914440357636,NO
152,60,0.1891914440357636,NO
153,62,0.18927131466422042,NO
154,89,0.1915166641112962,NO
155,60,0.1891914440357636,NO
156,68,0.18943486781265276,NO
157,522,0.8029237157692738,NO
158,43,0.1897084378422645,NO
159,247,0.27148515278762636,NO
160,35,0.19004746161819033,NO
161,42,0.1897084378422645,NO
162,57,0.1891914440357636,NO
163,125,0.1980705631507554,NO
164,61,0.1891914440357636,NO
165,92,0.1915166641112962,NO
166,92,0.1915166641112962,NO
167,80,0.1904297089599201,NO
168,101,0.1929475323342268,NO
169,59,0.1891914440357636,NO
170,84,0.1904297089599201,NO
171,81,0.1904297089599201,NO
172,173,0.21775725284768263,NO
173,159,0.2111604150124641,NO
174,99,0.9959824740904424,YES
175,73,0.1896822696143639,NO
176,74,0.1896822696143639,NO
177,330,0.9984753897981081,YES
178,81,0.1904297089599201,NO
179,66,0.18943486781265276,NO
180,245,0.9974188434775131,YES
181,91,0.1915166641112962,NO
182,57,0.1891914440357636,NO
183,85,0.19093050429639422,NO
184,94,0.19218878077688362,NO
185,54,0.189195174770282,NO
186,75,0.1896822696143639,NO
187,137,0.2022461671574327,NO
188,133,0.2007595932586703,NO
189,79,0.19001377123567137,NO
190,76,0.19001377123567137,NO
191,81,0.1904297089599201,NO
192,99,0.1929475323342268,NO
193,115,0.19575166539196703,NO
194,180,0.22270836152198523,NO
195,118,0.19686545626683108,NO
196,132,0.2007595932586703,NO
197,94,0.19218878077688362,NO
198,88,0.19093050429639422,NO
199,51,0.18928251065900295,NO
200,111,0.19472808165921998,NO
