ID, Size, Predicted, Actual
0,45,0.001252672657700317,NO
1,28,3.924126118458039E-5,NO
2,28,3.924126118458039E-5,NO
3,449,2.510376804013294E-4,YES
4,1470,0.001252672657700317,YES
5,25,6.608699637591288E-5,NO
6,39,0.45455064328745093,NO
7,47,0.8332635802152284,NO
8,30,3.137577179967948E-4,NO
9,215,4.1825613660175415E-4,NO
10,50,7.847636334621901E-5,NO
11,82,2.0921557399857462E-4,NO
12,41,4.1825613660175415E-4,NO
13,245,4.1825613660175415E-4,NO
14,227,4.1825613660175415E-4,NO
15,363,6.271219073164987E-4,NO
16,407,0.001252672657700317,NO
17,145,0.5263123112107171,NO
18,49,4.1825613660175415E-4,NO
19,85,0.31251471547294424,NO
20,64,1.255503580713285E-4,NO
21,36,4.829606213561197E-5,NO
22,37,1.0462967715725108E-4,NO
23,83,6.271219073164987E-4,NO
24,32,3.137577179967948E-4,NO
25,26,1.0462967715725108E-4,NO
26,834,0.001252672657700317,YES
27,365,6.271219073164987E-4,NO
28,206,3.137577179967948E-4,YES
29,24,8.96852614890596E-5,NO
30,24,8.96852614890596E-5,NO
31,27,7.847636334621901E-5,NO
32,260,0.001252672657700317,NO
33,30,3.137577179967948E-4,NO
34,428,4.1825613660175415E-4,NO
35,972,4.1825613660175415E-4,NO
36,123,1.569280963998134E-4,NO
37,562,4.1825613660175415E-4,NO
38,205,2.0921557399857462E-4,NO
39,37,1.0462967715725108E-4,NO
40,35,7.847636334621901E-5,NO
41,276,4.1825613660175415E-4,NO
42,316,4.1825613660175415E-4,NO
43,204,4.1825613660175415E-4,NO
44,133,4.1825613660175415E-4,NO
45,285,0.7691787631103125,NO
46,336,4.1825613660175415E-4,NO
47,464,0.7691787631103126,YES
48,294,3.137577179967948E-4,YES
49,76,6.278306147151283E-5,NO
50,69,0.4347897297644342,NO
51,266,3.137577179967948E-4,NO
52,247,0.5882222598608354,NO
53,217,4.1825613660175415E-4,NO
54,99,1.255503580713285E-4,YES
55,191,0.555547804668451,NO
56,476,6.271219073164987E-4,NO
57,95,1.1413929465199201E-4,NO
58,550,6.271219073164987E-4,YES
59,136,1.569280963998134E-4,NO
60,33,1.793383549635993E-4,NO
61,464,0.001252672657700317,YES
62,140,6.271219073164987E-4,NO
63,111,1.793383549635993E-4,NO
64,34,1.394965058934173E-4,NO
65,39,0.45455064328745093,NO
66,36,4.829606213561197E-5,NO
67,257,0.001252672657700317,YES
68,61,2.0921557399857462E-4,NO
69,57,7.386078859951003E-5,NO
70,124,0.001252672657700317,NO
71,59,1.793383549635993E-4,NO
72,32,3.137577179967948E-4,NO
73,25,6.608699637591288E-5,NO
74,53,1.1413929465199201E-4,NO
75,53,1.1413929465199201E-4,NO
76,88,1.394965058934173E-4,YES
77,107,2.0921557399857462E-4,NO
78,133,4.1825613660175415E-4,NO
79,169,3.137577179967948E-4,NO
80,80,0.5555478046684509,NO
81,29,2.0921557399857462E-4,NO
82,588,4.1825613660175415E-4,NO
83,162,0.001252672657700317,NO
84,39,0.45455064328745093,NO
85,79,7.847636334621901E-5,NO
86,85,0.31251471547294424,NO
87,110,4.1825613660175415E-4,NO
88,111,1.793383549635993E-4,NO
89,53,1.1413929465199201E-4,NO
90,52,1.569280963998134E-4,NO
91,154,0.001252672657700317,YES
92,403,4.1825613660175415E-4,YES
93,183,3.137577179967948E-4,NO
94,215,4.1825613660175415E-4,NO
95,76,6.278306147151283E-5,NO
96,564,0.9998744496419287,YES
97,257,0.001252672657700317,NO
98,55,6.278306147151283E-5,NO
99,102,2.510376804013294E-4,NO
100,403,4.1825613660175415E-4,NO
101,35,7.847636334621901E-5,NO
102,145,0.5263123112107171,NO
103,119,3.137577179967948E-4,NO
104,108,0.7691787631103125,NO
105,91,4.1825613660175415E-4,NO
106,69,0.4347897297644342,NO
107,80,0.5555478046684509,NO
108,63,3.137577179967948E-4,NO
109,160,0.001252672657700317,NO
110,98,8.96852614890596E-5,YES
111,54,5.707616195886344E-5,NO
112,267,3.137577179967948E-4,NO
113,55,6.278306147151283E-5,NO
114,46,2.510376804013294E-4,NO
115,226,3.137577179967948E-4,NO
116,54,5.707616195886344E-5,NO
117,270,1.793383549635993E-4,NO
118,74,7.386078859951003E-5,NO
119,359,3.137577179967948E-4,NO
120,78,8.96852614890596E-5,NO
121,180,2.0921557399857462E-4,NO
122,57,7.386078859951003E-5,NO
123,50,7.847636334621901E-5,NO
124,243,3.137577179967948E-4,NO
125,254,4.1825613660175415E-4,NO
126,306,3.137577179967948E-4,NO
127,139,3.137577179967948E-4,NO
128,375,0.7142472777450761,NO
129,75,0.5263123112107171,NO
130,222,3.137577179967948E-4,NO
131,61,2.0921557399857462E-4,NO
132,98,8.96852614890596E-5,NO
133,28,3.924126118458039E-5,NO
134,55,6.278306147151283E-5,NO
135,194,4.1825613660175415E-4,NO
136,28,3.924126118458039E-5,NO
137,50,7.847636334621901E-5,NO
138,55,6.278306147151283E-5,NO
139,124,0.001252672657700317,NO
140,87,3.137577179967948E-4,NO
141,65,6.271219073164987E-4,NO
142,144,4.1825613660175415E-4,NO
143,134,0.001252672657700317,NO
144,117,2.510376804013294E-4,NO
145,28,3.924126118458039E-5,NO
146,57,7.386078859951003E-5,NO
147,60,1.255503580713285E-4,NO
148,62,3.137577179967948E-4,NO
149,89,6.271219073164987E-4,NO
150,60,1.255503580713285E-4,NO
151,68,6.271219073164987E-4,NO
152,522,6.271219073164987E-4,YES
153,43,1.0462967715725108E-4,NO
154,247,0.5882222598608354,NO
155,35,7.847636334621901E-5,NO
156,42,2.0921557399857462E-4,NO
157,57,7.386078859951003E-5,NO
158,117,2.510376804013294E-4,YES
159,61,2.0921557399857462E-4,NO
160,92,6.271219073164987E-4,NO
161,93,3.137577179967948E-4,NO
162,80,0.5555478046684509,NO
163,101,2.0921557399857462E-4,NO
164,59,1.793383549635993E-4,NO
165,84,3.137577179967948E-4,NO
166,82,2.0921557399857462E-4,NO
167,172,0.001252672657700317,YES
168,143,4.1825613660175415E-4,NO
169,78,8.96852614890596E-5,NO
170,66,3.137577179967948E-4,NO
171,66,3.137577179967948E-4,NO
172,310,0.001252672657700317,NO
173,86,0.001252672657700317,NO
174,66,0.001252672657700317,NO
175,85,0.31251471547294424,NO
176,54,5.707616195886344E-5,NO
177,77,0.6666387642516565,NO
178,137,4.1825613660175415E-4,NO
179,130,6.271219073164987E-4,YES
180,79,7.847636334621901E-5,NO
181,76,6.278306147151283E-5,NO
182,81,4.1825613660175415E-4,NO
183,98,8.96852614890596E-5,NO
184,115,4.1825613660175415E-4,NO
185,180,2.0921557399857462E-4,NO
186,118,4.1825613660175415E-4,NO
187,132,3.137577179967948E-4,NO
188,95,1.1413929465199201E-4,YES
189,88,1.394965058934173E-4,NO
190,51,1.394965058934173E-4,NO
191,120,0.7691787631103126,YES
