ID, Size, Predicted, Actual
0,45,0.7901529581529582,NO
1,28,0.0,NO
2,28,0.0,NO
3,449,0.05,YES
4,1470,0.2004642857142857,YES
5,25,0.0,NO
6,39,0.4915607737436624,NO
7,47,0.6844735403485404,NO
8,30,0.594767551892552,NO
9,215,0.0,NO
10,50,0.0,NO
11,82,0.0,NO
12,41,0.6285888555888555,NO
13,245,0.12508333333333332,NO
14,227,0.7101477272727273,NO
15,363,0.0,NO
16,407,0.05,NO
17,145,0.4195104487016251,NO
18,49,0.0,NO
19,85,0.24090781860444133,NO
20,64,0.0,NO
21,36,0.3776270465258844,NO
22,37,0.0,NO
23,83,0.0,NO
24,32,0.0,NO
25,26,0.0,NO
26,834,0.26,YES
27,365,0.12,NO
28,206,0.0,YES
29,24,0.0,NO
30,24,0.0,NO
31,27,0.0,NO
32,260,0.0,NO
33,30,0.594767551892552,NO
34,428,0.6911190476190476,NO
35,972,0.0,NO
36,123,0.0,NO
37,562,0.013571428571428573,NO
38,205,0.0,NO
39,37,0.0,NO
40,35,0.0,NO
41,276,0.0058333333333333345,NO
42,316,0.02,NO
43,204,0.0028571428571428567,NO
44,133,0.0,NO
45,285,0.6938353035853037,NO
46,336,0.07,NO
47,464,0.7064683094683094,YES
48,294,0.05,YES
49,76,0.0,NO
50,69,0.36532743675313334,NO
51,266,0.0,NO
52,247,0.48731926406926396,NO
53,217,0.17908333333333337,NO
54,99,0.39365435952935945,YES
55,191,0.5271309246309246,NO
56,476,0.08,NO
57,95,0.0,NO
58,550,0.26303499278499287,YES
59,136,0.0,NO
60,33,0.0,NO
61,464,0.7064683094683094,YES
62,140,0.0,NO
63,111,0.0,NO
64,34,0.0,NO
65,39,0.4915607737436624,NO
66,36,0.3776270465258844,NO
67,257,0.0,YES
68,61,0.0,NO
69,57,0.0,NO
70,124,0.0,NO
71,59,0.0,NO
72,32,0.0,NO
73,25,0.0,NO
74,53,0.42456527381399495,NO
75,53,0.42456527381399495,NO
76,88,0.0,YES
77,107,0.5481513992543405,NO
78,133,0.0,NO
79,169,0.048499999999999995,NO
80,80,0.42304226410844037,NO
81,29,0.008194444444444443,NO
82,588,0.0,NO
83,162,0.09,NO
84,39,0.4915607737436624,NO
85,79,0.0,NO
86,85,0.24090781860444133,NO
87,110,0.0,NO
88,111,0.0,NO
89,53,0.42456527381399495,NO
90,52,0.0,NO
91,154,0.036931818181818184,YES
92,403,0.044404761904761905,YES
93,183,0.0,NO
94,215,0.0,NO
95,76,0.0,NO
96,564,1.0,YES
97,257,0.0,NO
98,55,0.2539790548285265,NO
99,102,0.6120464388552624,NO
100,403,0.044404761904761905,NO
101,35,0.0,NO
102,145,0.4195104487016251,NO
103,119,0.012857142857142855,NO
104,108,0.7448488455988457,NO
105,91,0.13482142857142856,NO
106,69,0.36532743675313334,NO
107,80,0.42304226410844037,NO
108,63,0.0,NO
109,160,0.08646031746031746,NO
110,98,0.0,YES
111,54,0.22488656891188316,NO
112,267,0.012666666666666666,NO
113,55,0.2539790548285265,NO
114,46,0.013737373737373737,NO
115,226,0.039662698412698406,NO
116,54,0.22488656891188316,NO
117,270,0.4950210206460206,NO
118,74,0.0,NO
119,359,0.0,NO
120,78,0.0,NO
121,180,0.0,NO
122,57,0.0,NO
123,50,0.0,NO
124,243,0.6066508491508491,NO
125,254,0.03833333333333334,NO
126,306,0.09357142857142858,NO
127,139,0.0,NO
128,375,0.782471981106269,NO
129,75,0.42741066286654544,NO
130,222,0.0,NO
131,61,0.0,NO
132,98,0.0,NO
133,28,0.0,NO
134,55,0.2539790548285265,NO
135,194,0.06,NO
136,28,0.0,NO
137,50,0.0,NO
138,55,0.2539790548285265,NO
139,124,0.0,NO
140,87,0.0,NO
141,65,0.0,NO
142,144,0.7551792374292375,NO
143,134,0.0,NO
144,117,0.013333333333333332,NO
145,28,0.0,NO
146,57,0.0,NO
147,60,0.0,NO
148,62,0.0,NO
149,89,0.0,NO
150,60,0.0,NO
151,68,0.06699358484652601,NO
152,522,0.27,YES
153,43,0.0,NO
154,247,0.48731926406926396,NO
155,35,0.0,NO
156,42,0.0,NO
157,57,0.0,NO
158,117,0.013333333333333332,YES
159,61,0.0,NO
160,92,0.6915933510933512,NO
161,93,0.032,NO
162,80,0.42304226410844037,NO
163,101,0.007142857142857144,NO
164,59,0.0,NO
165,84,0.0,NO
166,82,0.0,NO
167,172,0.0,YES
168,143,0.08780952380952378,NO
169,78,0.0,NO
170,66,0.02,NO
171,66,0.02,NO
172,310,0.03,NO
173,86,0.0,NO
174,66,0.02,NO
175,85,0.24090781860444133,NO
176,54,0.22488656891188316,NO
177,77,0.5787478354978355,NO
178,137,0.0,NO
179,130,0.7612539682539683,YES
180,79,0.0,NO
181,76,0.0,NO
182,81,0.0,NO
183,98,0.0,NO
184,115,0.08,NO
185,180,0.0,NO
186,118,0.6422734487734488,NO
187,132,0.0,NO
188,95,0.0,YES
189,88,0.0,NO
190,51,0.0,NO
191,120,0.5936585914085915,YES
