ID, Size, Predicted, Actual
0,28,7.829481048329396E-6,NO
1,28,7.829481048329396E-6,NO
2,449,0.0011512896576198715,NO
3,1087,0.005921974921706387,YES
4,25,7.777137990216084E-6,NO
5,50,8.067650964721928E-6,NO
6,76,8.354866542740946E-6,NO
7,38,7.942692556582137E-6,NO
8,168,1.0103970284409831E-5,YES
9,268,1.3772829980015747E-5,YES
10,371,0.1916913128407346,YES
11,145,9.562831396195245E-6,YES
12,85,8.518293196633483E-6,NO
13,64,8.204857117265332E-6,NO
14,36,7.884647700642687E-6,NO
15,36,7.884647700642687E-6,NO
16,39,6.577686028199399E-5,NO
17,26,7.829481048329396E-6,NO
18,504,3.426056772377126E-4,NO
19,357,0.14224397633913735,YES
20,196,1.0900268960339598E-5,NO
21,24,7.777137990216084E-6,NO
22,27,7.829481048329396E-6,NO
23,69,8.278224464801914E-6,YES
24,56,8.134689675890947E-6,NO
25,26,7.829481048329396E-6,NO
26,187,1.0729411432487255E-5,NO
27,983,0.0019463938808947795,NO
28,252,1.2987876590788978E-5,NO
29,620,8.374323115161928E-5,NO
30,37,7.884647700642687E-6,NO
31,35,7.884647700642687E-6,NO
32,286,1.4646487401820579E-5,NO
33,232,1.2282262854024026E-5,NO
34,203,1.1260774709561597E-5,NO
35,270,1.3772829980015747E-5,NO
36,425,2.651701224649506E-5,NO
37,244,1.2744283496304562E-5,NO
38,74,8.354866542740946E-6,NO
39,69,8.278224464801914E-6,NO
40,247,0.10588964778605747,YES
41,231,1.2063243135076831E-5,NO
42,202,1.1077319217230195E-5,NO
43,99,8.695813640352302E-6,NO
44,191,1.0729411432487255E-5,NO
45,447,2.9792936386441027E-5,YES
46,95,8.695813640352302E-6,NO
47,549,5.35445501462057E-5,NO
48,136,9.43953203512911E-6,NO
49,40,7.942692556582137E-6,NO
50,86,8.518293196633483E-6,NO
51,90,8.605246840296214E-6,NO
52,79,8.434861950494494E-6,NO
53,85,8.518293196633483E-6,NO
54,59,8.134689675890947E-6,NO
55,105,9.946999436639004E-5,NO
56,52,8.067650964721928E-6,NO
57,157,9.823516853355881E-6,YES
58,74,8.354866542740946E-6,NO
59,243,1.657413310214513E-4,YES
60,227,1.628823447563558E-4,YES
61,55,8.134689675890947E-6,NO
62,29,7.829481048329396E-6,NO
63,111,7.343162156721119E-5,NO
64,113,7.848378075734808E-5,NO
65,71,8.60626797053604E-5,NO
66,54,8.067650964721928E-6,NO
67,205,1.1260774709561597E-5,NO
68,121,9.096183621452647E-6,NO
69,107,8.888171695970847E-6,NO
70,74,8.354866542740946E-6,NO
71,55,1.8084972090033486E-4,NO
72,104,0.0027235574609435474,NO
73,61,2.3445465196255056E-4,NO
74,148,0.1370402083418353,NO
75,66,2.710360618744377E-4,NO
76,87,8.360165221388037E-4,NO
77,85,8.118158763184172E-4,NO
78,72,3.7018845967068647E-4,NO
79,54,1.650780008153785E-4,NO
80,60,2.0766338825178317E-4,NO
81,76,8.354866542740946E-6,NO
82,33,7.884647700642687E-6,NO
83,430,0.2148968975340177,YES
84,146,9.690778684495175E-6,NO
85,125,9.20633607414626E-6,NO
86,75,8.354866542740946E-6,NO
87,47,8.003673335997749E-6,YES
88,34,7.884647700642687E-6,NO
89,39,7.942692556582137E-6,NO
90,36,7.884647700642687E-6,NO
91,79,8.434861950494494E-6,NO
92,28,7.829481048329396E-6,NO
93,426,2.6050637348905146E-4,NO
94,212,1.145085750341099E-5,NO
95,88,8.518293196633483E-6,NO
96,57,8.134689675890947E-6,NO
97,43,8.003673335997749E-6,NO
98,27,7.829481048329396E-6,NO
99,25,7.777137990216084E-6,NO
100,53,8.067650964721928E-6,NO
101,108,8.888171695970847E-6,YES
102,102,8.790088712685654E-6,NO
103,85,8.518293196633483E-6,NO
104,54,8.067650964721928E-6,NO
105,78,8.434861950494494E-6,NO
106,98,8.695813640352302E-6,NO
107,78,8.434861950494494E-6,NO
108,77,8.354866542740946E-6,YES
109,97,8.695813640352302E-6,NO
110,176,1.040546985439104E-5,NO
111,123,9.20633607414626E-6,NO
112,51,8.067650964721928E-6,NO
113,71,8.278224464801914E-6,NO
114,94,8.605246840296214E-6,NO
