ID, Size, Predicted, Actual
0,45,0.14889465065192903,YES
1,79,0.147196753207944,YES
2,67,0.14725051448802282,NO
3,45,0.14889465065192903,YES
4,28,0.15164176041469787,NO
5,28,0.15164176041469787,NO
6,564,0.911738173173681,YES
7,1492,1.0,NO
8,174,0.1693135507478037,NO
9,25,0.15253397279164466,NO
10,39,0.15010580000031457,NO
11,47,0.14889465065192903,NO
12,184,0.1735603152153551,NO
13,30,0.15164176041469787,NO
14,221,0.19852041946858548,NO
15,50,0.1484088451862127,NO
16,101,0.14865965574292217,NO
17,41,0.14946005696549094,NO
18,250,0.22570714771082118,NO
19,227,0.20195011187177694,NO
20,363,0.4100988023122318,NO
21,408,0.5323342018967557,NO
22,145,0.15766034333747336,NO
23,49,0.1484088451862127,NO
24,85,0.14733353977924493,NO
25,64,0.1474232198151167,NO
26,42,0.14946005696549094,NO
27,36,0.15083271960174371,NO
28,37,0.15010580000031457,NO
29,83,0.14733353977924493,NO
30,32,0.15083271960174371,NO
31,26,0.15253397279164466,NO
32,883,0.9999999181302763,YES
33,429,0.5934587150485187,NO
34,213,0.1920795835935064,YES
35,24,0.15253397279164466,NO
36,24,0.15253397279164466,NO
37,27,0.15253397279164466,NO
38,259,0.23493756549457714,NO
39,30,0.15164176041469787,NO
40,428,0.5934587150485187,YES
41,981,0.9999952221977031,YES
42,126,0.15304738872607318,NO
43,562,0.9058810312135808,NO
44,226,0.20195011187177694,NO
45,37,0.15010580000031457,NO
46,35,0.15083271960174371,NO
47,283,0.26705202338708495,NO
48,316,0.3138683332783786,NO
49,204,0.18617230730461654,NO
50,133,0.15406969204550405,NO
51,298,0.2858119759600887,NO
52,336,0.35409415381151127,NO
53,701,0.9927723529538661,NO
54,301,0.29249294400931564,NO
55,76,0.14713735497706398,NO
56,69,0.14725051448802282,NO
57,266,0.24488164370095872,NO
58,253,0.22570714771082118,NO
59,217,0.1952314958118221,NO
60,100,0.14865965574292217,NO
61,191,0.17825142012414744,NO
62,476,0.7270629596561691,NO
63,95,0.14784009260232414,NO
64,551,0.8865478579942283,NO
65,136,0.15517831217193118,NO
66,33,0.15083271960174371,NO
67,551,1.0,YES
68,168,0.16548993636329073,NO
69,113,0.15048568981271657,NO
70,34,0.15083271960174371,NO
71,39,0.15010580000031457,NO
72,36,0.15083271960174371,NO
73,291,0.9973912468399224,YES
74,75,0.14713735497706398,NO
75,57,0.14800200792603746,NO
76,124,0.1521100791827792,NO
77,59,0.14767360881180824,NO
78,32,0.15083271960174371,NO
79,25,0.15253397279164466,NO
80,53,0.9943929588486712,YES
81,53,0.1484088451862127,NO
82,88,0.14754789307866037,YES
83,107,0.14918808709930678,NO
84,134,0.15406969204550405,NO
85,169,0.1673500991452745,NO
86,94,0.14784009260232414,NO
87,35,0.15083271960174371,NO
88,695,0.9913575276770896,NO
89,162,0.1637307128441747,NO
90,39,0.15010580000031457,NO
91,79,0.147196753207944,NO
92,85,0.14733353977924493,NO
93,110,0.14979650126809532,NO
94,133,0.15406969204550405,NO
95,53,0.1484088451862127,NO
96,52,0.1484088451862127,NO
97,217,0.1952314958118221,NO
98,555,0.9998826283432036,YES
99,202,0.9956439834569863,YES
100,215,0.1952314958118221,NO
101,76,0.14713735497706398,NO
102,563,0.9058810312135808,YES
103,257,0.2302353582099552,NO
104,55,0.14800200792603746,NO
105,102,0.14865965574292217,NO
106,403,0.5203918384597774,NO
107,35,0.15083271960174371,NO
108,145,0.15766034333747336,YES
109,119,0.1512565487021948,NO
110,108,0.14918808709930678,NO
111,91,0.14754789307866037,YES
112,69,0.14725051448802282,NO
113,80,0.147196753207944,NO
114,63,0.1474232198151167,NO
115,160,0.1637307128441747,YES
116,102,0.14865965574292217,YES
117,54,0.14800200792603746,NO
118,267,0.24488164370095872,NO
119,55,0.14800200792603746,NO
120,46,0.14889465065192903,NO
121,226,0.20195011187177694,NO
122,54,0.14800200792603746,NO
123,270,0.24488164370095872,NO
124,74,0.14715526761603012,NO
125,359,0.4001870173470328,NO
126,78,0.14713735497706398,NO
127,180,0.17138275991373653,NO
128,57,0.14800200792603746,NO
129,50,0.1484088451862127,NO
130,243,0.21715522767354328,NO
131,254,0.2302353582099552,NO
132,306,0.2993938362045995,NO
133,139,0.1563746815777414,NO
134,372,0.4305883755626127,NO
135,75,0.14713735497706398,NO
136,222,0.19852041946858548,NO
137,572,0.9173108443846265,NO
138,38,0.15010580000031457,NO
139,348,0.38104952606293396,NO
140,124,0.1521100791827792,NO
141,62,0.1474232198151167,NO
142,53,0.1484088451862127,NO
143,158,0.16207019741133105,NO
144,778,0.9987144454606984,YES
145,203,0.18617230730461654,NO
146,115,0.15048568981271657,NO
147,53,0.1484088451862127,NO
148,88,0.14754789307866037,NO
149,61,0.14767360881180824,NO
150,98,0.14821051925296647,NO
151,28,0.15164176041469787,NO
152,55,0.14800200792603746,NO
153,195,0.18077074885759786,NO
154,28,0.15164176041469787,NO
155,50,0.1484088451862127,NO
156,55,0.14800200792603746,NO
157,546,0.8795018452389679,NO
158,130,0.15406969204550405,NO
159,87,0.14733353977924493,NO
160,65,0.1474232198151167,NO
161,140,0.1563746815777414,NO
162,134,0.15406969204550405,NO
163,117,0.15048568981271657,NO
164,28,0.15164176041469787,NO
165,57,0.14800200792603746,NO
166,60,0.14767360881180824,YES
167,62,0.1474232198151167,NO
168,88,0.9943547565110653,YES
169,60,0.14767360881180824,NO
170,67,0.994341458058293,YES
171,522,0.8396730179338386,YES
172,43,0.14946005696549094,NO
173,247,0.22134855047985644,NO
174,35,0.15083271960174371,NO
175,42,0.14946005696549094,NO
176,57,0.14800200792603746,NO
177,125,0.1521100791827792,NO
178,61,0.14767360881180824,NO
179,92,0.14784009260232414,NO
180,92,0.14784009260232414,NO
181,80,0.147196753207944,NO
182,101,0.14865965574292217,NO
183,59,0.14767360881180824,NO
184,84,0.14733353977924493,NO
185,81,0.147196753207944,NO
186,173,0.1693135507478037,NO
187,197,0.18077074885759786,NO
188,54,0.14800200792603746,NO
189,94,0.14784009260232414,NO
190,69,0.14725051448802282,NO
191,69,0.14725051448802282,NO
192,62,0.1474232198151167,NO
193,59,0.14767360881180824,NO
194,85,0.14733353977924493,NO
195,106,0.14918808709930678,NO
196,522,0.8396730179338386,YES
197,76,0.14713735497706398,NO
198,182,0.1735603152153551,NO
199,145,0.15766034333747336,NO
200,128,0.15304738872607318,NO
201,63,0.1474232198151167,NO
202,159,0.16207019741133105,NO
203,99,0.14821051925296647,NO
204,73,0.14715526761603012,NO
205,74,0.14715526761603012,NO
206,330,0.3455802897742699,NO
207,81,0.147196753207944,NO
208,66,0.14725051448802282,NO
209,245,0.22134855047985644,NO
210,91,0.14754789307866037,NO
211,57,0.14800200792603746,NO
212,85,0.14733353977924493,NO
213,94,0.14784009260232414,NO
214,54,0.14800200792603746,NO
215,75,0.14713735497706398,NO
216,137,0.15517831217193118,NO
217,133,0.15406969204550405,NO
218,79,0.147196753207944,NO
219,76,0.14713735497706398,NO
220,81,0.147196753207944,NO
221,102,0.14865965574292217,NO
222,115,0.15048568981271657,NO
223,180,0.17138275991373653,NO
224,118,0.1512565487021948,NO
225,132,0.15406969204550405,NO
226,94,0.14784009260232414,NO
227,88,0.14754789307866037,NO
228,51,0.1484088451862127,NO
229,67,0.14725051448802282,NO
230,115,0.15048568981271657,NO
231,179,0.17138275991373653,NO
232,83,0.14733353977924493,NO
233,111,0.14979650126809532,NO
234,218,0.1952314958118221,NO
235,173,0.1693135507478037,NO
236,166,0.16548993636329073,NO
237,104,0.14865965574292217,NO
238,114,0.15048568981271657,NO
239,51,0.1484088451862127,NO
240,45,0.14889465065192903,NO
241,49,0.1484088451862127,NO
242,41,0.14946005696549094,NO
243,44,0.14946005696549094,NO
244,96,0.14821051925296647,NO
245,31,0.15164176041469787,NO
246,150,0.15903695231142617,NO
247,171,0.1673500991452745,NO
248,122,0.1521100791827792,NO
249,120,0.1512565487021948,NO
250,150,0.15903695231142617,NO
251,39,0.15010580000031457,NO
252,76,0.14713735497706398,NO
253,30,0.15164176041469787,NO
254,340,0.3628439167720135,NO
255,46,0.14889465065192903,NO
256,48,0.14889465065192903,NO
257,145,0.15766034333747336,NO
258,31,0.15164176041469787,NO
259,34,0.15083271960174371,NO
260,296,0.2858119759600887,NO
261,45,0.14889465065192903,NO
262,28,0.15164176041469787,NO
263,34,0.15083271960174371,NO
