ID, Size, Predicted, Actual
0,50,2.1259407287724818E-5,NO
1,79,2.338524858519246E-5,NO
2,67,6.680919294494922E-5,NO
3,45,1.5586034912718204E-4,NO
4,28,1.1136105481191118E-5,NO
5,28,1.1136105481191118E-5,NO
6,459,0.4000187055742611,YES
7,1472,4.6728971962616824E-4,YES
8,25,2.0335122824141856E-5,NO
9,39,0.05265360378101615,NO
10,47,0.20005611672278337,NO
11,184,7.79423226812159E-5,NO
12,30,5.8459020226820995E-5,NO
13,220,0.9995327102803738,YES
14,50,2.1259407287724818E-5,NO
15,82,5.1964248596965285E-5,NO
16,41,9.352787130564908E-5,NO
17,245,9.352787130564908E-5,YES
18,227,9.352787130564908E-5,NO
19,363,1.1690437222352115E-4,NO
20,407,1.5586034912718204E-4,NO
21,145,0.07145720585287632,NO
22,49,9.352787130564908E-5,NO
23,85,0.03449777433713954,NO
24,64,3.89741990802089E-5,NO
25,42,5.8459020226820995E-5,NO
26,36,1.5590408780518226E-5,NO
27,37,2.9231218941829874E-5,NO
28,83,1.1690437222352115E-4,NO
29,32,5.8459020226820995E-5,NO
30,26,3.340682835571591E-5,NO
31,895,4.6728971962616824E-4,YES
32,376,0.1667186282151208,YES
33,213,4.6728971962616824E-4,YES
34,24,2.5983474510211504E-5,NO
35,24,2.5983474510211504E-5,NO
36,27,2.5983474510211504E-5,NO
37,260,0.9995327102803738,YES
38,30,5.8459020226820995E-5,NO
39,428,9.352787130564908E-5,NO
40,979,9.352787130564908E-5,NO
41,123,4.676830979328407E-5,NO
42,562,9.352787130564908E-5,NO
43,205,5.8459020226820995E-5,NO
44,37,2.9231218941829874E-5,NO
45,35,2.1259407287724818E-5,NO
46,283,0.1667186282151208,NO
47,316,9.352787130564908E-5,NO
48,204,9.352787130564908E-5,NO
49,133,6.680919294494922E-5,NO
50,285,0.1667186282151208,NO
51,336,9.352787130564908E-5,NO
52,701,1.1690437222352115E-4,NO
53,301,4.6728971962616824E-4,NO
54,76,1.7988846914912754E-5,NO
55,69,0.05557865197734241,NO
56,266,7.79423226812159E-5,NO
57,253,4.6728971962616824E-4,NO
58,217,9.352787130564908E-5,NO
59,100,6.680919294494922E-5,NO
60,191,0.0909438775510204,NO
61,476,1.1690437222352115E-4,NO
62,95,0.07145720585287632,NO
63,551,0.3333852867830424,NO
64,136,4.676830979328407E-5,NO
65,33,5.1964248596965285E-5,NO
66,474,1.1690437222352115E-4,YES
67,140,1.1690437222352115E-4,YES
68,111,4.2517006802721085E-5,YES
69,34,4.2517006802721085E-5,NO
70,39,0.05265360378101615,NO
71,36,1.5590408780518226E-5,NO
72,271,5.1964248596965285E-5,YES
73,75,0.08336581183256683,NO
74,57,1.870837386814338E-5,NO
75,124,9.352787130564908E-5,NO
76,59,4.2517006802721085E-5,NO
77,32,5.8459020226820995E-5,NO
78,25,2.0335122824141856E-5,NO
79,53,2.7511830086937383E-5,NO
80,53,2.7511830086937383E-5,NO
81,88,3.597639948193985E-5,YES
82,107,5.8459020226820995E-5,NO
83,133,6.680919294494922E-5,NO
84,169,7.79423226812159E-5,NO
85,94,1.5586034912718204E-4,NO
86,35,2.1259407287724818E-5,NO
87,685,1.1690437222352115E-4,NO
88,162,1.5586034912718204E-4,NO
89,39,0.05265360378101615,NO
90,79,2.338524858519246E-5,NO
91,85,0.03449777433713954,NO
92,110,9.352787130564908E-5,NO
93,111,4.2517006802721085E-5,NO
94,53,2.7511830086937383E-5,NO
95,52,4.676830979328407E-5,NO
96,159,1.5586034912718204E-4,NO
97,524,0.3333852867830424,YES
98,183,7.79423226812159E-5,NO
99,215,7.79423226812159E-5,NO
100,76,1.7988846914912754E-5,NO
101,563,9.352787130564908E-5,NO
102,257,2.337540906965872E-4,NO
103,55,1.6703972204590252E-5,NO
104,102,6.680919294494922E-5,NO
105,403,0.1667186282151208,NO
106,35,2.1259407287724818E-5,NO
107,145,0.07145720585287632,NO
108,119,7.79423226812159E-5,NO
109,108,0.1667186282151208,NO
110,91,9.352787130564908E-5,NO
111,69,0.05557865197734241,NO
112,80,0.07145720585287632,NO
113,63,7.79423226812159E-5,NO
114,160,1.5586034912718204E-4,NO
115,102,6.680919294494922E-5,NO
116,54,1.6703972204590252E-5,NO
117,267,7.79423226812159E-5,NO
118,55,1.6703972204590252E-5,NO
119,46,6.680919294494922E-5,NO
120,226,7.79423226812159E-5,NO
121,54,1.6703972204590252E-5,NO
122,270,5.1964248596965285E-5,NO
123,74,2.461599054745963E-5,NO
124,359,7.79423226812159E-5,NO
125,78,2.5983474510211504E-5,NO
126,180,4.676830979328407E-5,NO
127,57,1.870837386814338E-5,NO
128,50,2.1259407287724818E-5,NO
129,243,7.79423226812159E-5,NO
130,254,9.352787130564908E-5,NO
131,306,7.79423226812159E-5,NO
132,139,7.79423226812159E-5,NO
133,372,0.5,NO
134,75,0.08336581183256683,NO
135,222,7.79423226812159E-5,NO
136,61,4.2517006802721085E-5,NO
137,98,0.05557865197734241,NO
138,28,1.1136105481191118E-5,NO
139,55,1.6703972204590252E-5,NO
140,194,9.352787130564908E-5,NO
141,28,1.1136105481191118E-5,NO
142,50,2.1259407287724818E-5,NO
143,55,1.6703972204590252E-5,NO
144,124,9.352787130564908E-5,NO
145,87,7.79423226812159E-5,NO
146,65,1.1690437222352115E-4,NO
147,140,1.1690437222352115E-4,NO
148,134,1.5586034912718204E-4,NO
149,117,0.12504384426517012,NO
150,28,1.1136105481191118E-5,NO
151,57,1.870837386814338E-5,NO
152,60,3.340682835571591E-5,NO
153,62,7.79423226812159E-5,NO
154,89,1.1690437222352115E-4,NO
155,60,3.340682835571591E-5,NO
156,68,1.1690437222352115E-4,NO
157,522,0.3333852867830424,NO
158,43,3.340682835571591E-5,NO
159,247,0.0909438775510204,NO
160,35,2.1259407287724818E-5,NO
161,42,5.8459020226820995E-5,NO
162,57,1.870837386814338E-5,NO
163,125,1.5586034912718204E-4,NO
164,61,4.2517006802721085E-5,NO
165,92,1.1690437222352115E-4,NO
166,92,1.1690437222352115E-4,NO
167,80,0.07145720585287632,NO
168,101,6.680919294494922E-5,NO
169,59,4.2517006802721085E-5,NO
170,84,7.79423226812159E-5,NO
171,81,9.352787130564908E-5,NO
172,173,0.5,NO
173,151,4.6728971962616824E-4,NO
174,78,2.5983474510211504E-5,YES
175,72,4.6728971962616824E-4,NO
176,73,4.6728971962616824E-4,NO
177,324,4.6728971962616824E-4,YES
178,81,9.352787130564908E-5,NO
179,66,6.680919294494922E-5,NO
180,239,2.337540906965872E-4,YES
181,91,9.352787130564908E-5,NO
182,57,1.870837386814338E-5,NO
183,85,0.03449777433713954,NO
184,94,1.5586034912718204E-4,NO
185,54,1.6703972204590252E-5,NO
186,75,0.08336581183256683,NO
187,137,9.352787130564908E-5,NO
188,133,6.680919294494922E-5,NO
189,79,2.338524858519246E-5,NO
190,76,1.7988846914912754E-5,NO
191,81,9.352787130564908E-5,NO
192,99,0.0909438775510204,NO
193,115,9.352787130564908E-5,NO
194,180,4.676830979328407E-5,NO
195,118,9.352787130564908E-5,NO
196,132,7.79423226812159E-5,NO
197,94,1.5586034912718204E-4,NO
198,88,3.597639948193985E-5,NO
199,51,4.2517006802721085E-5,NO
200,111,4.2517006802721085E-5,NO
