ID, Size, Predicted, Actual
0,45,0.5252499624558449,YES
1,79,0.0,YES
2,67,0.7430401265401266,NO
3,45,0.5252499624558449,YES
4,28,0.0,NO
5,28,0.0,NO
6,564,1.0,YES
7,1492,1.0,YES
8,174,0.0,NO
9,25,0.0,NO
10,39,0.35249537075917653,NO
11,47,0.522116979425803,NO
12,184,0.0,NO
13,30,0.36527602746784327,NO
14,221,0.0,NO
15,50,0.0,NO
16,101,0.0,NO
17,41,0.4845479316435199,NO
18,250,0.041416666666666664,NO
19,227,0.5136283846872084,NO
20,363,0.0,NO
21,408,1.0,YES
22,145,0.29045206193793993,NO
23,49,0.0,NO
24,85,0.1810495939117595,NO
25,64,0.0,NO
26,42,0.0,NO
27,36,0.3287814272655887,NO
28,37,0.0,NO
29,83,0.0,NO
30,32,0.0,NO
31,26,0.0,NO
32,883,1.0,YES
33,421,1.0,YES
34,213,0.013214285714285713,YES
35,24,0.0,NO
36,24,0.0,NO
37,27,0.0,NO
38,259,0.502247113997114,NO
39,30,0.36527602746784327,NO
40,428,0.5175300720521311,NO
41,981,1.0,YES
42,126,1.0,YES
43,562,0.0,NO
44,226,1.0,YES
45,37,0.0,NO
46,35,0.0,NO
47,283,0.013500000000000002,NO
48,316,0.008,NO
49,204,0.0,NO
50,133,0.3662866120377731,NO
51,298,1.0,YES
52,336,0.0,NO
53,701,1.0,YES
54,301,0.2067929292929293,NO
55,76,0.0,NO
56,69,1.0,YES
57,266,0.0,NO
58,253,0.0,NO
59,217,0.01,NO
60,100,0.7683135198135198,NO
61,191,0.4335368617021096,NO
62,476,0.01,NO
63,95,0.38229885478597614,NO
64,551,0.1924837662337662,NO
65,136,0.0,NO
66,33,0.0,NO
67,496,1.0,YES
68,156,1.0,YES
69,113,0.22068181818181815,NO
70,34,0.0,NO
71,39,0.35249537075917653,NO
72,36,0.3287814272655887,NO
73,288,1.0,YES
74,75,0.2503643879636812,NO
75,57,0.0,NO
76,124,0.0,NO
77,59,0.0,NO
78,32,0.0,NO
79,25,0.0,NO
80,53,0.2660951316571285,YES
81,53,0.2660951316571285,NO
82,88,0.0,YES
83,107,0.42440876396565264,NO
84,134,0.007450980392156863,NO
85,169,0.0,NO
86,94,0.3639397237291806,NO
87,35,0.0,NO
88,695,1.0,YES
89,162,0.0,NO
90,39,0.35249537075917653,NO
91,79,0.0,NO
92,85,0.1810495939117595,NO
93,110,0.0,NO
94,122,0.0,YES
95,53,0.2660951316571285,NO
96,52,0.0,NO
97,177,0.0,YES
98,533,1.0,NO
99,183,0.0,YES
100,215,0.5108888333888334,NO
101,76,0.0,NO
102,563,0.0,YES
103,257,0.01,NO
104,55,0.1667493475506276,NO
105,102,0.39002152431332,NO
106,403,0.5087109655050832,NO
107,35,0.0,NO
108,145,0.29045206193793993,YES
109,119,0.0,NO
110,108,0.5661254725666491,NO
111,91,0.0,YES
112,69,0.283323050550481,NO
113,80,0.2750253825517292,NO
114,63,0.0,NO
115,160,0.0,YES
116,102,0.39002152431332,YES
117,54,0.17817152803453112,NO
118,267,0.0,NO
119,55,0.1667493475506276,NO
120,46,0.0,NO
121,226,0.006666666666666665,NO
122,54,0.17817152803453112,NO
123,270,0.42753281419303074,NO
124,74,0.0,NO
125,359,0.0,NO
126,78,0.2371610027491231,NO
127,180,0.0,NO
128,57,0.0,NO
129,50,0.0,NO
130,243,0.4741733617689499,NO
131,254,0.0,NO
132,306,0.0,NO
133,139,0.0,NO
134,372,0.11496031746031746,NO
135,75,0.2503643879636812,NO
136,222,0.0,NO
137,572,0.0,NO
138,38,0.014673076923076922,NO
139,348,0.9424360696493049,NO
140,121,0.0,NO
141,62,0.0,NO
142,52,0.0,NO
143,158,0.13623931623931626,NO
144,778,1.0,NO
145,199,0.01,NO
146,115,0.0,NO
147,52,0.0,NO
148,88,0.0,NO
149,61,0.0,NO
150,98,0.303159751878967,NO
151,28,0.0,NO
152,55,0.1667493475506276,NO
153,195,0.0,NO
154,28,0.0,NO
155,50,0.0,NO
156,55,0.1667493475506276,NO
157,542,0.6869878732378732,NO
158,130,0.8041593116224797,NO
159,87,0.0,NO
160,65,0.0,NO
161,140,0.5285006619197797,NO
162,134,0.007450980392156863,NO
163,117,0.4560447872131309,NO
164,28,0.0,NO
165,57,0.0,NO
166,60,0.0,YES
167,62,0.0,NO
168,89,0.0,NO
169,60,0.0,NO
170,68,0.006349206349206349,NO
171,522,0.6349118659118659,NO
172,43,0.0,NO
173,247,0.3695938319506429,NO
174,35,0.0,NO
175,42,0.0,NO
176,57,0.0,NO
177,125,0.0,NO
178,61,0.0,NO
179,92,0.4332245078193219,NO
180,92,0.4332245078193219,NO
181,80,0.2750253825517292,NO
182,101,0.0,NO
183,59,0.0,NO
184,84,0.0,NO
185,81,0.0,NO
186,173,0.041333333333333326,NO
187,193,0.99,NO
188,54,0.17817152803453112,NO
189,94,0.3639397237291806,NO
190,69,0.283323050550481,NO
191,69,0.283323050550481,NO
192,62,0.0,NO
193,59,0.0,NO
194,85,0.1810495939117595,NO
195,106,0.16833190085628172,NO
196,65,0.0,NO
197,182,0.0,NO
198,145,0.29045206193793993,NO
199,128,1.0,YES
200,63,0.0,NO
201,159,0.01,NO
202,99,0.4938784112083734,NO
203,73,0.6943762022291435,NO
204,74,0.0,NO
205,330,0.008333333333333333,NO
206,81,0.0,NO
207,66,0.0,NO
208,245,0.5570508935508935,NO
209,91,0.0,NO
210,57,0.0,NO
211,85,0.1810495939117595,NO
212,94,0.3639397237291806,NO
213,54,0.17817152803453112,NO
214,75,0.2503643879636812,NO
215,137,0.0,NO
216,133,0.3662866120377731,NO
217,79,0.0,NO
218,76,0.0,NO
219,81,0.0,NO
220,99,0.4938784112083734,NO
221,115,0.0,NO
222,180,0.0,NO
223,118,0.4836786677374913,NO
224,132,0.0,NO
225,94,0.3639397237291806,NO
226,88,0.0,NO
227,51,0.0,NO
228,111,0.34082040331828317,NO
