ID, Size, Predicted, Actual
0,45,0.620549963924964,NO
1,79,0.0,NO
2,67,0.8428081085581085,NO
3,45,0.620549963924964,NO
4,28,0.0,NO
5,28,0.0,NO
6,564,0.0,YES
7,1491,1.0,YES
8,25,0.0,NO
9,39,0.3757178967161754,NO
10,47,0.5321426857456268,NO
11,184,0.0,NO
12,30,0.41998204637639625,NO
13,221,1.0,YES
14,50,0.0,NO
15,101,0.0,NO
16,41,0.533068722943723,NO
17,250,1.0,YES
18,227,0.5625117105117102,NO
19,363,0.0,NO
20,407,0.08327609890109891,NO
21,145,0.34816352137340834,NO
22,49,0.0,NO
23,85,0.19785072910634627,NO
24,64,0.0,NO
25,42,0.0,NO
26,36,0.3421616841328577,NO
27,37,0.0,NO
28,83,0.0,NO
29,32,0.0,NO
30,26,0.0,NO
31,882,1.0,YES
32,413,1.0,YES
33,213,0.006666666666666666,YES
34,24,0.0,NO
35,24,0.0,NO
36,27,0.0,NO
37,259,1.0,YES
38,30,0.41998204637639625,NO
39,428,0.5873192501942502,NO
40,979,0.0,NO
41,123,0.0,NO
42,562,0.0,NO
43,205,0.0,NO
44,37,0.0,NO
45,35,0.0,NO
46,283,0.2797276334776335,NO
47,316,0.0,NO
48,204,0.0,NO
49,133,0.0,NO
50,285,0.5968713924963926,NO
51,336,0.0,NO
52,701,0.08,NO
53,301,0.6197783882783882,NO
54,76,0.0,NO
55,69,0.3211439032531608,NO
56,266,0.0,NO
57,253,0.01625,NO
58,217,0.033888888888888885,NO
59,100,0.9224761904761906,NO
60,191,0.44435721141603485,NO
61,476,0.01,NO
62,95,0.40022191746872054,NO
63,551,0.5169451659451658,NO
64,136,0.0,NO
65,33,0.0,NO
66,491,1.0,YES
67,143,1.0,YES
68,113,1.0,YES
69,34,0.0,NO
70,39,0.3757178967161754,NO
71,36,0.3421616841328577,NO
72,277,1.0,YES
73,75,0.33747040143528556,NO
74,57,0.0,NO
75,124,0.0,NO
76,59,0.0,NO
77,32,0.0,NO
78,25,0.0,NO
79,53,0.29706222569241725,NO
80,53,0.29706222569241725,NO
81,88,0.0,YES
82,107,0.5006266184795597,NO
83,133,0.0,YES
84,169,0.00857142857142857,NO
85,94,0.48185853035853043,NO
86,35,0.0,NO
87,689,0.04,YES
88,162,0.01,NO
89,39,0.3757178967161754,NO
90,79,0.0,NO
91,85,0.19785072910634627,NO
92,110,0.0,NO
93,122,0.0,NO
94,53,0.29706222569241725,NO
95,52,0.0,NO
96,177,0.0,NO
97,527,1.0,YES
98,183,0.0,NO
99,215,0.5791033084562498,NO
100,76,0.0,NO
101,563,0.0,NO
102,257,0.006,NO
103,55,0.2052206649150757,NO
104,102,0.4941858575291237,NO
105,403,0.5970943868223281,NO
106,35,0.0,NO
107,145,0.34816352137340834,NO
108,119,0.0,NO
109,108,0.6009460816960817,NO
110,91,0.0,NO
111,69,0.3211439032531608,NO
112,80,0.34429422589980874,NO
113,63,0.0,NO
114,160,0.01,NO
115,102,0.4941858575291237,NO
116,54,0.1845314506659158,NO
117,267,0.0,NO
118,55,0.2052206649150757,NO
119,46,0.0,NO
120,226,0.005714285714285714,NO
121,54,0.1845314506659158,NO
122,270,0.43222573066768116,NO
123,74,0.0,NO
124,359,0.02,NO
125,78,0.0,NO
126,180,0.0,NO
127,57,0.0,NO
128,50,0.0,NO
129,243,0.4990977910977912,NO
130,254,0.01625,NO
131,306,0.0,NO
132,139,0.0,NO
133,372,0.31986435786435785,NO
134,75,0.33747040143528556,NO
135,222,0.0,NO
136,61,0.0,NO
137,98,0.30639714447034727,NO
138,28,0.0,NO
139,55,0.2052206649150757,NO
140,195,0.0,NO
141,28,0.0,NO
142,50,0.0,NO
143,55,0.2052206649150757,NO
144,130,0.8925147426103308,NO
145,87,0.0,NO
146,65,0.0,NO
147,140,0.0,NO
148,134,0.0,NO
149,117,0.4916309801309802,NO
150,28,0.0,NO
151,57,0.0,NO
152,60,0.0,NO
153,62,0.0,NO
154,89,0.0,NO
155,60,0.0,NO
156,68,0.017857142857142853,NO
157,522,0.7011604506604507,NO
158,43,0.0,NO
159,247,0.43695246242069485,NO
160,35,0.0,NO
161,42,0.0,NO
162,57,0.0,NO
163,125,0.0,NO
164,61,0.0,NO
165,92,0.5103608597285069,NO
166,92,0.5103608597285069,NO
167,80,0.34429422589980874,NO
168,101,0.0,NO
169,59,0.0,NO
170,84,0.0,NO
171,81,0.0,NO
172,173,0.1870912698412698,NO
173,159,0.07408146591970122,NO
174,99,1.0,YES
175,73,0.7528481240981242,NO
176,74,0.0,NO
177,330,1.0,YES
178,81,0.0,NO
179,66,0.0,NO
180,245,1.0,YES
181,91,0.0,NO
182,57,0.0,NO
183,85,0.19785072910634627,NO
184,94,0.48185853035853043,NO
185,54,0.1845314506659158,NO
186,75,0.33747040143528556,NO
187,137,0.0,NO
188,133,0.0,NO
189,79,0.0,NO
190,76,0.0,NO
191,81,0.0,NO
192,99,0.5458590722472068,NO
193,115,0.02,NO
194,180,0.0,NO
195,118,0.5702683150183151,NO
196,132,0.0,NO
197,94,0.48185853035853043,NO
198,88,0.0,NO
199,51,0.0,NO
200,111,0.0,NO
