ID, Size, Predicted, Actual
0,40,0.12506826870562535,NO
1,28,3.3103813559322034E-5,NO
2,28,3.3103813559322034E-5,NO
3,449,2.426595486532395E-4,YES
4,1470,7.272727272727273E-4,NO
5,25,4.8550759819391176E-5,NO
6,39,0.12506826870562535,NO
7,50,7.282260413632392E-5,NO
8,82,3.63901018922853E-4,NO
9,41,7.272727272727273E-4,NO
10,245,7.272727272727273E-4,NO
11,227,7.272727272727273E-4,NO
12,363,0.9992727272727273,NO
13,407,0.9992727272727273,YES
14,145,0.16674757281553398,NO
15,49,7.272727272727273E-4,NO
16,85,4.045962129794465E-5,NO
17,64,1.0402579839800272E-4,NO
18,36,3.3103813559322034E-5,NO
19,37,9.102494083378847E-5,NO
20,83,7.272727272727273E-4,NO
21,32,3.63901018922853E-4,NO
22,26,7.282260413632392E-5,NO
23,686,7.272727272727273E-4,YES
24,398,7.272727272727273E-4,NO
25,206,3.63901018922853E-4,YES
26,24,7.282260413632392E-5,NO
27,24,7.282260413632392E-5,NO
28,27,5.601927062909642E-5,NO
29,30,3.63901018922853E-4,NO
30,428,7.272727272727273E-4,NO
31,972,7.272727272727273E-4,NO
32,123,1.213592233009709E-4,NO
33,562,7.272727272727273E-4,NO
34,205,1.8201674554058975E-4,NO
35,37,9.102494083378847E-5,NO
36,35,7.282260413632392E-5,NO
37,276,7.272727272727273E-4,NO
38,316,7.272727272727273E-4,NO
39,204,7.272727272727273E-4,NO
40,133,7.272727272727273E-4,NO
41,285,3.63901018922853E-4,NO
42,336,7.272727272727273E-4,NO
43,464,0.5,NO
44,294,3.63901018922853E-4,NO
45,76,5.201831044527674E-5,NO
46,69,0.10005825808330907,NO
47,266,3.63901018922853E-4,NO
48,247,0.2500910083727703,NO
49,217,7.272727272727273E-4,NO
50,99,9.102494083378847E-5,NO
51,191,0.1429314469988557,NO
52,476,7.272727272727273E-4,NO
53,95,1.0402579839800272E-4,NO
54,550,1.4562399883500803E-4,NO
55,136,1.213592233009709E-4,NO
56,33,1.4562399883500803E-4,NO
57,483,0.9992727272727273,YES
58,140,7.272727272727273E-4,NO
59,111,2.426595486532395E-4,NO
60,34,1.0402579839800272E-4,NO
61,39,0.12506826870562535,NO
62,36,3.3103813559322034E-5,NO
63,210,0.9992727272727273,YES
64,111,7.272727272727273E-4,NO
65,57,8.091269520187719E-5,NO
66,43,8.091269520187719E-5,NO
67,27,5.601927062909642E-5,NO
68,25,4.8550759819391176E-5,NO
69,53,1.0402579839800272E-4,NO
70,88,1.4562399883500803E-4,YES
71,107,1.8201674554058975E-4,NO
72,132,2.426595486532395E-4,NO
73,169,3.63901018922853E-4,NO
74,80,1.8201674554058975E-4,NO
75,29,1.8201674554058975E-4,NO
76,430,3.63901018922853E-4,NO
77,162,0.9992727272727273,NO
78,39,1.213592233009709E-4,NO
79,79,6.068697657482705E-5,NO
80,85,4.045962129794465E-5,NO
81,110,7.272727272727273E-4,NO
82,111,2.426595486532395E-4,NO
83,53,1.0402579839800272E-4,NO
84,52,1.213592233009709E-4,NO
85,154,0.9992727272727273,NO
86,403,0.9992727272727273,YES
87,183,3.63901018922853E-4,NO
88,215,7.272727272727273E-4,NO
89,76,5.201831044527674E-5,NO
90,554,0.9992727272727273,YES
91,257,7.272727272727273E-4,NO
92,55,6.068697657482705E-5,NO
93,102,2.426595486532395E-4,NO
94,403,7.272727272727273E-4,NO
95,35,7.282260413632392E-5,NO
96,145,0.16674757281553398,NO
97,119,3.63901018922853E-4,NO
98,108,0.9992727272727273,YES
99,91,0.9992727272727273,YES
100,69,0.10005825808330907,NO
101,80,0.9992727272727273,YES
102,63,3.63901018922853E-4,NO
103,160,0.9992727272727273,YES
104,98,9.102494083378847E-5,NO
105,54,4.551661356395084E-5,NO
106,267,3.63901018922853E-4,NO
107,55,6.068697657482705E-5,NO
108,46,2.426595486532395E-4,NO
109,226,3.63901018922853E-4,NO
110,54,4.551661356395084E-5,NO
111,270,1.4562399883500803E-4,NO
112,74,4.8550759819391176E-5,NO
113,359,3.63901018922853E-4,NO
114,78,7.282260413632392E-5,NO
115,180,3.63901018922853E-4,NO
116,57,8.091269520187719E-5,NO
117,50,7.282260413632392E-5,NO
118,243,3.63901018922853E-4,NO
119,254,7.272727272727273E-4,NO
120,306,3.63901018922853E-4,NO
121,139,3.63901018922853E-4,NO
122,375,2.426595486532395E-4,NO
123,75,9.102494083378847E-5,NO
124,222,3.63901018922853E-4,NO
125,61,3.63901018922853E-4,NO
126,98,9.102494083378847E-5,NO
127,28,3.3103813559322034E-5,NO
128,55,6.068697657482705E-5,NO
129,194,7.272727272727273E-4,NO
130,28,3.3103813559322034E-5,NO
131,50,7.282260413632392E-5,NO
132,55,6.068697657482705E-5,NO
133,124,7.272727272727273E-4,NO
134,87,3.63901018922853E-4,NO
135,65,1.0402579839800272E-4,NO
136,144,7.272727272727273E-4,NO
137,134,7.272727272727273E-4,NO
138,117,3.63901018922853E-4,NO
139,28,3.3103813559322034E-5,NO
140,57,8.091269520187719E-5,NO
141,60,1.213592233009709E-4,NO
142,62,3.63901018922853E-4,NO
143,89,8.091269520187719E-5,NO
144,60,1.213592233009709E-4,NO
145,68,0.10005825808330907,NO
146,522,7.272727272727273E-4,NO
147,43,8.091269520187719E-5,NO
148,247,0.2500910083727703,NO
149,35,7.282260413632392E-5,NO
150,42,1.8201674554058975E-4,NO
151,57,8.091269520187719E-5,NO
152,117,0.9992727272727273,NO
153,61,3.63901018922853E-4,NO
154,92,7.272727272727273E-4,NO
155,93,3.63901018922853E-4,NO
156,80,1.8201674554058975E-4,NO
157,101,1.8201674554058975E-4,NO
158,59,1.4562399883500803E-4,NO
159,84,3.63901018922853E-4,NO
160,82,3.63901018922853E-4,NO
161,172,7.272727272727273E-4,NO
162,143,7.272727272727273E-4,NO
163,78,7.282260413632392E-5,NO
164,66,1.0402579839800272E-4,NO
165,66,1.0402579839800272E-4,NO
166,85,0.9992727272727273,YES
167,54,4.551661356395084E-5,NO
168,77,0.2500910083727703,NO
169,137,7.272727272727273E-4,NO
170,130,2.426595486532395E-4,NO
171,79,6.068697657482705E-5,NO
172,76,5.201831044527674E-5,NO
173,81,7.272727272727273E-4,NO
174,98,9.102494083378847E-5,NO
175,115,7.272727272727273E-4,NO
176,180,3.63901018922853E-4,NO
177,118,7.272727272727273E-4,NO
178,64,1.0402579839800272E-4,NO
179,95,1.0402579839800272E-4,NO
180,88,1.4562399883500803E-4,NO
181,51,1.0402579839800272E-4,NO
182,120,3.63901018922853E-4,NO
