ID, Size, Predicted, Actual
0,28,0.3999870461088695,NO
1,28,0.3999870461088695,NO
2,449,0.7287799525092599,NO
3,1311,1.0,YES
4,25,0.3999870461088695,NO
5,50,0.4087528501270793,NO
6,76,0.4210410703787273,NO
7,38,0.404252545356192,NO
8,175,0.9989707770213433,YES
9,326,0.9995123614892699,YES
10,370,0.9995717403134333,YES
11,145,0.31922707988091714,YES
12,85,0.42637491731415916,NO
13,64,0.4159470307755025,NO
14,36,0.404252545356192,NO
15,36,0.404252545356192,NO
16,32,0.4424501902550079,NO
17,26,0.3999870461088695,NO
18,527,0.8374807415479699,YES
19,395,0.9996335492982426,YES
20,213,0.5631600021213362,NO
21,24,0.3999870461088695,NO
22,24,0.3999870461088695,NO
23,27,0.3999870461088695,NO
24,73,0.9988195244724442,YES
25,56,0.41348955802781223,NO
26,30,0.42807696461119193,NO
27,294,0.5772534780112255,NO
28,983,0.9921719371657888,NO
29,252,0.5395416296053845,NO
30,620,0.8799422222132184,NO
31,37,0.4302781352036665,NO
32,35,0.404252545356192,NO
33,286,0.5723840418861738,NO
34,232,0.5261956416045533,NO
35,203,0.5009485059656476,NO
36,270,0.558032270499445,NO
37,425,0.7075834962138084,NO
38,244,0.535041617130261,NO
39,74,0.4210410703787273,NO
40,69,0.4184641478675922,NO
41,247,0.535041617130261,NO
42,237,0.5305926540864151,NO
43,202,0.5009485059656476,NO
44,99,0.4348275336727549,NO
45,191,0.4929810492024148,NO
46,464,0.9997050960424326,YES
47,95,0.4319496099573234,NO
48,549,0.8228635722701307,NO
49,136,0.4566684268099688,NO
50,40,0.40647324477510693,NO
51,86,0.42637491731415916,NO
52,105,0.48303125375276035,NO
53,79,0.4500094721861225,NO
54,85,0.42637491731415916,NO
55,72,0.47976383960793867,NO
56,105,0.4377659479390038,NO
57,52,0.4110915581137528,NO
58,151,0.9991274007289093,YES
59,264,0.5533381483956449,NO
60,183,0.48524485197377487,NO
61,195,0.9992368967712625,YES
62,76,0.46601040386852843,NO
63,250,0.9993201291387414,YES
64,237,1.0,YES
65,55,0.4110915581137528,NO
66,35,0.404252545356192,NO
67,110,0.4672973263558887,NO
68,114,0.4407649090752923,NO
69,71,0.4184641478675922,NO
70,54,0.4110915581137528,NO
71,267,0.6082552485515859,NO
72,55,0.4110915581137528,NO
73,46,0.4087528501270793,NO
74,226,0.0021985239260500266,NO
75,54,0.4110915581137528,NO
76,266,0.5106872346038004,NO
77,74,0.4210410703787273,NO
78,359,0.6436541832865675,NO
79,78,0.42367794787559926,NO
80,181,0.9989862245871551,YES
81,57,0.41348955802781223,NO
82,50,0.4087528501270793,NO
83,243,0.5615505372965859,NO
84,253,0.5993224822516576,NO
85,306,0.6313904021515709,NO
86,139,0.5021426322023613,NO
87,375,0.7082922026881084,NO
88,75,0.4210410703787273,NO
89,222,0.5628175543907021,NO
90,28,0.3999870461088695,NO
91,55,0.4110915581137528,NO
92,149,0.328017478336323,NO
93,25,0.3999870461088695,NO
94,50,0.46714462494239745,NO
95,41,0.03504711952832725,NO
96,101,0.4800484259630152,NO
97,81,0.48246201388979626,NO
98,51,0.013946101836074533,NO
99,135,0.4533666268632838,NO
100,117,0.4438244535602327,NO
101,25,0.3999870461088695,NO
102,54,0.43723429851604023,NO
103,60,0.41348955802781223,NO
104,62,0.4159470307755025,NO
105,83,0.42637491731415916,NO
106,60,0.41348955802781223,NO
107,63,0.4159470307755025,NO
108,452,0.777769419021269,NO
109,42,0.40647324477510693,NO
110,57,0.41348955802781223,NO
111,156,0.4936530521019829,NO
112,61,0.41348955802781223,NO
113,91,0.42913210190640316,NO
114,93,0.42913210190640316,NO
115,80,0.42367794787559926,NO
116,101,0.4612973587924952,NO
117,59,0.41348955802781223,NO
118,84,0.42637491731415916,NO
119,82,0.42367794787559926,NO
120,132,0.4533666268632838,NO
121,76,0.4210410703787273,NO
122,33,0.40209054870545335,NO
123,430,0.9996790665968305,YES
124,153,0.4936530521019829,NO
125,122,0.4923279075557903,NO
126,75,0.4210410703787273,NO
127,60,0.9987823324775702,YES
128,34,0.40209054870545335,NO
129,39,0.404252545356192,NO
130,36,0.404252545356192,NO
131,79,0.42367794787559926,NO
132,28,0.3999870461088695,NO
133,438,0.7393636437171079,NO
134,194,0.5511117769629764,NO
135,99,0.493833017969246,NO
136,55,0.46664010617959245,NO
137,43,0.40647324477510693,NO
138,27,0.3999870461088695,NO
139,25,0.3999870461088695,NO
140,53,0.4110915581137528,NO
141,108,0.9988973372750034,YES
142,103,0.4348275336727549,NO
143,85,0.42637491731415916,NO
144,54,0.4110915581137528,NO
145,78,0.42367794787559926,NO
146,98,0.4319496099573234,NO
147,99,0.4348275336727549,NO
148,79,0.4500094721861225,NO
149,78,0.9987004077965487,YES
150,101,0.4612973587924952,NO
151,177,0.48146451512939487,NO
152,123,0.4469445967336867,NO
153,88,0.42913210190640316,NO
154,51,0.4110915581137528,NO
155,119,0.5000404476875675,NO
156,124,0.5031982353332254,NO
157,169,0.47774316030778646,NO
