ID, Size, Predicted, Actual
0,50,1.065708984444721E-5,NO
1,79,3.509386409479815E-5,NO
2,67,2.026910362328753E-5,NO
3,45,3.192583703993992E-7,NO
4,28,3.197526233588659E-7,NO
5,28,3.197526233588659E-7,NO
6,459,1.6948030701403772E-5,YES
7,1479,1.0,YES
8,25,3.202667205225354E-7,NO
9,39,3.1924886077400245E-7,NO
10,47,3.1944206635105713E-7,NO
11,184,0.9996717778483981,NO
12,30,3.197526233588659E-7,NO
13,215,4.5063813673024603E-7,YES
14,50,3.1944206635105713E-7,NO
15,82,3.256667175697608E-7,NO
16,41,3.1924886077400245E-7,NO
17,245,5.112393535632615E-7,NO
18,227,4.788066363465356E-7,NO
19,363,1.0683961251267484E-6,NO
20,407,1.514305054852105E-6,NO
21,145,3.6235368310336066E-7,NO
22,49,3.1944206635105713E-7,NO
23,85,3.256667175697608E-7,NO
24,64,3.210427108897088E-7,NO
25,42,5.06535232069485E-6,NO
26,36,3.194135219101484E-7,NO
27,37,3.1924886077400245E-7,NO
28,83,3.256667175697608E-7,NO
29,32,3.194135219101484E-7,NO
30,26,3.202667205225354E-7,NO
31,866,0.11371829122461745,YES
32,376,0.003776647057957574,YES
33,207,1.0106139884839451E-5,YES
34,24,3.202667205225354E-7,NO
35,24,3.202667205225354E-7,NO
36,27,3.197526233588659E-7,NO
37,260,5.485551413316301E-7,YES
38,30,3.197526233588659E-7,NO
39,428,1.7934822199090163E-6,NO
40,979,0.050104027552107286,NO
41,123,3.4400489879407E-7,NO
42,562,7.060637499358947E-6,NO
43,205,4.3396781109068426E-7,NO
44,37,3.1924886077400245E-7,NO
45,35,3.194135219101484E-7,NO
46,283,4.184565365414591E-6,NO
47,316,7.637009014028545E-7,NO
48,204,4.3396781109068426E-7,NO
49,133,3.506559525005754E-7,NO
50,285,6.409261701602193E-7,NO
51,336,8.677694951538387E-7,NO
52,701,0.999999999998399,YES
53,301,0.1342939148995404,YES
54,76,3.2423912575679794E-7,NO
55,69,3.2192902796234975E-7,NO
56,266,5.765035935464425E-7,NO
57,253,3.567759411579151E-6,NO
58,217,4.595877784899844E-7,NO
59,100,0.002565062688834506,YES
60,191,4.1179252741548974E-7,NO
61,476,2.8443800155798862E-6,NO
62,95,3.310689975620762E-7,NO
63,551,0.044085095338971175,YES
64,136,3.543193137739213E-7,NO
65,33,3.194135219101484E-7,NO
66,474,0.06124689271135259,YES
67,140,3.5821627569787386E-7,NO
68,111,3.382170903950634E-7,NO
69,34,3.194135219101484E-7,NO
70,39,3.1924886077400245E-7,NO
71,36,3.194135219101484E-7,NO
72,271,1.34497848007328E-5,YES
73,75,2.2326192295981054E-6,NO
74,57,3.203335061039187E-7,NO
75,124,3.4400489879407E-7,NO
76,59,3.203335061039187E-7,NO
77,32,3.194135219101484E-7,NO
78,25,3.202667205225354E-7,NO
79,53,3.1980024935194266E-7,NO
80,53,3.1980024935194266E-7,NO
81,88,3.2727905433250184E-7,YES
82,107,3.3563429184898684E-7,NO
83,133,3.506559525005754E-7,NO
84,169,3.8692133004372843E-7,NO
85,94,2.4530375184115454E-6,NO
86,35,2.257721651424004E-6,NO
87,685,0.7609322322460939,NO
88,162,3.7628425168621505E-7,NO
89,39,3.1924886077400245E-7,NO
90,79,3.2423912575679794E-7,NO
91,85,3.256667175697608E-7,NO
92,110,3.382170903950634E-7,NO
93,111,3.382170903950634E-7,NO
94,53,3.1980024935194266E-7,NO
95,52,3.1980024935194266E-7,NO
96,159,0.0028492158782389386,YES
97,524,0.9999999989149325,YES
98,183,4.050971593205533E-7,NO
99,215,1.6795843458037742E-5,NO
100,76,3.2423912575679794E-7,NO
101,563,7.509506613102999E-5,NO
102,257,5.003200746667879E-6,NO
103,55,3.1980024935194266E-7,NO
104,102,3.3325293372490434E-7,NO
105,403,1.4535656000432337E-6,NO
106,35,3.194135219101484E-7,NO
107,145,3.6235368310336066E-7,NO
108,119,3.41005708589147E-7,NO
109,108,3.3563429184898684E-7,NO
110,91,3.2907881436527445E-7,NO
111,69,3.2192902796234975E-7,NO
112,80,3.2423912575679794E-7,NO
113,63,3.210427108897088E-7,NO
114,160,3.7628425168621505E-7,NO
115,102,0.0024996325208084514,YES
116,54,3.1980024935194266E-7,NO
117,267,5.765035935464425E-7,NO
118,55,3.1980024935194266E-7,NO
119,46,3.192583703993992E-7,NO
120,226,4.6897088081524715E-7,NO
121,54,3.1980024935194266E-7,NO
122,270,5.765035935464425E-7,NO
123,74,3.229939147312099E-7,NO
124,359,1.0305888934015427E-6,NO
125,78,3.2423912575679794E-7,NO
126,180,3.9872807098010575E-7,NO
127,57,3.203335061039187E-7,NO
128,50,3.1944206635105713E-7,NO
129,243,5.112393535632615E-7,NO
130,254,5.355311551375642E-7,NO
131,306,7.187933129618514E-7,NO
132,139,3.5821627569787386E-7,NO
133,372,1.9952867809761742E-5,NO
134,75,3.229939147312099E-7,NO
135,222,4.6897088081524715E-7,NO
136,61,3.210427108897088E-7,NO
137,98,3.310689975620762E-7,NO
138,28,3.197526233588659E-7,NO
139,55,3.1980024935194266E-7,NO
140,194,4.1882693403290797E-7,NO
141,28,3.197526233588659E-7,NO
142,50,3.1944206635105713E-7,NO
143,55,3.1980024935194266E-7,NO
144,124,3.4400489879407E-7,NO
145,87,3.2727905433250184E-7,NO
146,65,3.210427108897088E-7,NO
147,140,4.378834127366672E-6,NO
148,134,3.543193137739213E-7,NO
149,117,3.41005708589147E-7,NO
150,28,3.197526233588659E-7,NO
151,57,3.203335061039187E-7,NO
152,60,3.203335061039187E-7,NO
153,62,3.210427108897088E-7,NO
154,89,3.2727905433250184E-7,NO
155,60,3.203335061039187E-7,NO
156,68,3.2192902796234975E-7,NO
157,522,0.03374520055762662,YES
158,43,3.192583703993992E-7,NO
159,247,5.231016266734499E-7,NO
160,35,3.194135219101484E-7,NO
161,42,3.192583703993992E-7,NO
162,57,3.203335061039187E-7,NO
163,125,0.003432583977169541,YES
164,61,3.210427108897088E-7,NO
165,92,3.2907881436527445E-7,NO
166,92,2.788624182631236E-6,NO
167,80,3.2423912575679794E-7,NO
168,101,2.794243606856321E-6,NO
169,59,3.203335061039187E-7,NO
170,84,3.256667175697608E-7,NO
171,81,2.7597100378670567E-6,NO
172,173,0.08525745617355457,YES
173,151,8.40464959083143E-5,NO
174,78,3.2423912575679794E-7,NO
175,72,7.00806799253116E-5,NO
176,73,7.039146351841528E-5,NO
177,324,2.9510267852233824E-4,NO
178,81,8.395841483353582E-6,NO
179,66,3.2192902796234975E-7,NO
180,239,0.9999999999812365,YES
181,91,2.5015119967321904E-4,NO
182,57,1.210247614708844E-5,NO
183,85,3.256667175697608E-7,NO
184,94,3.584482351205666E-4,NO
185,54,3.1980024935194266E-7,NO
186,75,2.9383592796817297E-6,NO
187,137,3.543193137739213E-7,NO
188,133,0.0033955273469011894,YES
189,79,3.2423912575679794E-7,NO
190,76,3.2423912575679794E-7,NO
191,81,3.256667175697608E-7,NO
192,99,2.2662766682953937E-6,NO
193,115,3.41005708589147E-7,NO
194,180,3.9872807098010575E-7,NO
195,118,3.41005708589147E-7,NO
196,132,3.506559525005754E-7,NO
197,94,0.0029766919270889473,YES
198,88,3.2727905433250184E-7,NO
199,51,3.1944206635105713E-7,NO
200,111,0.035457937535584017,YES
