ID, Size, Predicted, Actual
0,40,0.10007872466049991,NO
1,28,3.9366978978033224E-5,NO
2,28,3.9366978978033224E-5,NO
3,449,4.916420845624386E-4,YES
4,1352,0.9990176817288802,YES
5,25,5.179736869367036E-5,NO
6,39,0.09098228663446055,NO
7,50,1.2300123001230014E-4,NO
8,76,8.200754469411187E-5,NO
9,40,4.916420845624386E-4,NO
10,245,9.823182711198428E-4,NO
11,227,0.5,NO
12,363,9.823182711198428E-4,NO
13,375,9.823182711198428E-4,YES
14,145,0.250122970978849,NO
15,49,9.823182711198428E-4,NO
16,85,5.78904712284358E-5,NO
17,64,1.639881928501148E-4,NO
18,36,0.04003621762065979,NO
19,37,9.823182711198428E-4,NO
20,32,4.916420845624386E-4,NO
21,26,8.946144211844696E-5,NO
22,660,0.9990176817288802,YES
23,398,9.823182711198428E-4,YES
24,206,9.823182711198428E-4,NO
25,24,6.150818058801821E-5,NO
26,24,6.150818058801821E-5,NO
27,27,8.200754469411187E-5,NO
28,30,0.5,NO
29,428,9.823182711198428E-4,NO
30,972,9.823182711198428E-4,NO
31,123,9.823182711198428E-4,NO
32,562,9.823182711198428E-4,NO
33,205,2.459419576979833E-4,NO
34,37,1.405678942929435E-4,NO
35,35,8.200754469411187E-5,NO
36,276,9.823182711198428E-4,NO
37,316,9.823182711198428E-4,NO
38,204,0.9990176817288802,NO
39,133,4.916420845624386E-4,NO
40,285,9.823182711198428E-4,NO
41,336,0.9990176817288802,NO
42,464,9.823182711198428E-4,NO
43,294,0.9990176817288802,NO
44,76,4.916420845624386E-4,NO
45,69,0.10007872466049991,NO
46,266,9.823182711198428E-4,NO
47,247,0.9990176817288802,NO
48,217,9.823182711198428E-4,NO
49,99,1.2300123001230014E-4,NO
50,191,0.16677599212856675,NO
51,476,9.823182711198428E-4,NO
52,95,1.9677292404565134E-4,NO
53,549,1.9677292404565134E-4,YES
54,136,9.823182711198428E-4,NO
55,33,1.9677292404565134E-4,NO
56,478,0.9990176817288802,YES
57,140,9.823182711198428E-4,NO
58,111,0.9995083579154375,YES
59,34,1.405678942929435E-4,NO
60,39,0.09098228663446055,NO
61,36,0.04003621762065979,NO
62,202,0.9990176817288802,YES
63,106,3.278688524590164E-4,NO
64,57,0.9990176817288802,YES
65,43,4.916420845624386E-4,NO
66,27,9.823182711198428E-4,NO
67,25,5.179736869367036E-5,NO
68,53,1.9677292404565134E-4,NO
69,88,1.9677292404565134E-4,YES
70,107,2.459419576979833E-4,NO
71,132,9.823182711198428E-4,NO
72,169,4.916420845624386E-4,NO
73,80,3.278688524590164E-4,NO
74,29,1.9677292404565134E-4,NO
75,430,9.823182711198428E-4,NO
76,79,8.946144211844696E-5,NO
77,85,5.78904712284358E-5,NO
78,110,0.9995083579154375,YES
79,111,4.916420845624386E-4,NO
80,53,1.9677292404565134E-4,NO
81,52,1.639881928501148E-4,NO
82,155,9.823182711198428E-4,NO
83,270,9.823182711198428E-4,NO
84,183,4.916420845624386E-4,NO
85,215,0.9990176817288802,YES
86,76,8.200754469411187E-5,NO
87,285,0.9990176817288802,YES
88,258,0.9990176817288802,YES
89,55,0.07148882328131591,NO
90,102,0.250122970978849,NO
91,390,9.823182711198428E-4,NO
92,35,8.200754469411187E-5,NO
93,145,0.250122970978849,NO
94,119,9.823182711198428E-4,NO
95,71,0.14295754849592354,NO
96,75,1.405678942929435E-4,NO
97,69,0.9990176817288802,YES
98,80,3.278688524590164E-4,NO
99,63,0.9990176817288802,YES
100,120,4.916420845624386E-4,NO
101,98,0.9990176817288802,YES
102,54,0.05267792396146276,NO
103,267,9.823182711198428E-4,NO
104,55,0.07148882328131591,NO
105,46,2.459419576979833E-4,NO
106,226,9.823182711198428E-4,NO
107,54,0.05267792396146276,NO
108,270,1.9677292404565134E-4,NO
109,74,5.179736869367036E-5,NO
110,359,4.916420845624386E-4,NO
111,78,8.200754469411187E-5,NO
112,180,9.823182711198428E-4,NO
113,57,1.0933741526350318E-4,NO
114,50,1.2300123001230014E-4,NO
115,243,9.823182711198428E-4,NO
116,254,9.823182711198428E-4,NO
117,306,9.823182711198428E-4,NO
118,139,9.823182711198428E-4,NO
119,375,9.823182711198428E-4,NO
120,75,1.405678942929435E-4,NO
121,222,4.916420845624386E-4,NO
122,28,3.9366978978033224E-5,NO
123,55,0.07148882328131591,NO
124,187,0.9990176817288802,YES
125,28,3.9366978978033224E-5,NO
126,50,0.9990176817288802,YES
127,41,9.823182711198428E-4,NO
128,113,0.9995083579154375,YES
129,87,0.9990176817288802,YES
130,51,1.639881928501148E-4,NO
131,144,0.9990176817288802,YES
132,117,4.916420845624386E-4,NO
133,28,3.9366978978033224E-5,NO
134,57,1.0933741526350318E-4,NO
135,60,1.639881928501148E-4,NO
136,62,4.916420845624386E-4,NO
137,83,4.916420845624386E-4,NO
138,60,1.639881928501148E-4,NO
139,63,4.916420845624386E-4,NO
140,522,0.9990176817288802,YES
141,43,1.0933741526350318E-4,NO
142,247,3.278688524590164E-4,NO
143,35,8.200754469411187E-5,NO
144,42,1.405678942929435E-4,NO
145,57,1.0933741526350318E-4,NO
146,91,0.9990176817288802,YES
147,61,3.278688524590164E-4,NO
148,92,0.5,NO
149,93,3.278688524590164E-4,NO
150,80,3.278688524590164E-4,NO
151,101,3.278688524590164E-4,NO
152,59,1.639881928501148E-4,NO
153,84,3.278688524590164E-4,NO
154,82,4.916420845624386E-4,NO
155,132,0.9990176817288802,NO
156,143,0.250122970978849,NO
157,78,4.916420845624386E-4,NO
158,66,9.823182711198428E-4,NO
159,66,9.823182711198428E-4,NO
160,85,9.823182711198428E-4,NO
161,54,0.05267792396146276,NO
162,77,9.823182711198428E-4,NO
163,137,9.823182711198428E-4,NO
164,99,1.2300123001230014E-4,NO
165,79,9.823182711198428E-4,NO
166,76,8.200754469411187E-5,NO
167,81,9.823182711198428E-4,NO
168,98,0.9990176817288802,YES
169,115,4.916420845624386E-4,NO
170,180,9.823182711198428E-4,NO
171,118,9.823182711198428E-4,NO
172,64,1.639881928501148E-4,NO
173,95,0.9990176817288802,YES
174,88,1.9677292404565134E-4,NO
175,51,1.639881928501148E-4,NO
176,120,9.823182711198428E-4,NO
