ID, Size, Predicted, Actual
0,45,8.358153341944704E-5,NO
1,28,1.743631360237221E-5,NO
2,28,1.743631360237221E-5,NO
3,449,1.454874716826145E-4,YES
4,1470,1.0,NO
5,25,1.7483585498815018E-5,NO
6,39,1.7376419999425972E-5,NO
7,47,1.58608612912198E-4,NO
8,30,1.0049087311195271E-4,NO
9,215,0.9999915053547053,NO
10,50,1.7362369642792928E-5,NO
11,82,1.7595978829890788E-5,NO
12,41,1.7376419999425972E-5,NO
13,245,2.8921864217454445E-5,NO
14,227,2.683785189608567E-5,NO
15,363,6.510816480081355E-5,NO
16,407,9.732347407349533E-5,NO
17,145,1.9646337252754753E-5,NO
18,49,1.7362369642792928E-5,NO
19,85,1.7675878700290572E-5,NO
20,64,1.742710601539193E-5,NO
21,36,1.7400615315964464E-5,NO
22,37,1.7400615315964464E-5,NO
23,83,1.7675878700290572E-5,NO
24,32,1.743631360237221E-5,NO
25,26,1.7483585498815018E-5,NO
26,835,0.9997368803635698,YES
27,365,0.10304885203486619,NO
28,206,2.4006673343533532E-5,YES
29,24,1.7483585498815018E-5,NO
30,24,1.7483585498815018E-5,NO
31,27,1.7483585498815018E-5,NO
32,260,0.9999999997504825,NO
33,30,1.743631360237221E-5,NO
34,428,1.183686681288939E-4,NO
35,972,0.5856229927499212,NO
36,123,1.8767619127642327E-5,NO
37,562,5.842114141645731E-4,NO
38,205,2.4006673343533532E-5,NO
39,37,1.7400615315964464E-5,NO
40,35,1.7400615315964464E-5,NO
41,276,3.418996452567687E-5,NO
42,316,4.434012246694478E-5,NO
43,204,2.4006673343533532E-5,NO
44,133,1.9176699450005365E-5,NO
45,285,3.634199452708641E-5,NO
46,336,5.1298381552618536E-5,NO
47,464,1.7100765640396014E-4,NO
48,294,3.8731279391327015E-5,NO
49,76,1.7527969691648196E-5,NO
50,69,1.7471715973701688E-5,NO
51,266,3.225013437816391E-5,NO
52,247,2.9690941344296175E-5,NO
53,217,2.561675847755074E-5,NO
54,99,1.7988640587476142E-5,NO
55,191,2.2631410300472702E-5,NO
56,476,0.0010085373095959807,NO
57,95,1.787201291504136E-5,NO
58,550,4.7782518423230864E-4,NO
59,136,1.9176699450005365E-5,NO
60,33,1.7400615315964464E-5,NO
61,483,2.1409129475628984E-4,NO
62,140,1.024848291673016E-4,NO
63,111,1.826019400824342E-5,NO
64,34,1.7400615315964464E-5,NO
65,39,1.7376419999425972E-5,NO
66,36,1.7400615315964464E-5,NO
67,257,3.149336775767389E-4,YES
68,61,0.88644298972784,NO
69,57,1.7372486851871516E-5,NO
70,124,0.04827187086075524,NO
71,59,8.433902023687884E-5,NO
72,32,8.39311389453968E-5,NO
73,25,1.7483585498815018E-5,NO
74,53,1.7372486851871516E-5,NO
75,53,2.020195441090887E-4,NO
76,88,1.7767828714685143E-5,YES
77,107,1.8117946962995204E-5,NO
78,133,2.577793905479711E-4,NO
79,169,2.1113088661072617E-5,NO
80,80,1.7595978829890788E-5,NO
81,29,1.743631360237221E-5,NO
82,588,0.8893408139307086,NO
83,162,2.0473232323832486E-5,NO
84,39,1.7376419999425972E-5,NO
85,79,1.7595978829890788E-5,NO
86,85,1.7675878700290572E-5,NO
87,110,1.826019400824342E-5,NO
88,111,1.826019400824342E-5,NO
89,53,1.7372486851871516E-5,NO
90,52,1.7362369642792928E-5,NO
91,154,2.0180521227958364E-5,NO
92,403,9.282755371792408E-5,NO
93,183,2.221994685279359E-5,NO
94,215,2.5051920178694066E-5,NO
95,76,1.7527969691648196E-5,NO
96,554,5.106046509096348E-4,YES
97,257,3.135281868047685E-5,NO
98,55,1.7372486851871516E-5,NO
99,102,1.7988640587476142E-5,NO
100,403,9.282755371792408E-5,NO
101,35,1.7400615315964464E-5,NO
102,145,1.9646337252754753E-5,NO
103,119,1.8584697057531525E-5,NO
104,108,1.826019400824342E-5,NO
105,91,1.7767828714685143E-5,NO
106,69,1.7471715973701688E-5,NO
107,80,1.7595978829890788E-5,NO
108,63,1.742710601539193E-5,NO
109,160,2.0473232323832486E-5,NO
110,98,1.7988640587476142E-5,NO
111,54,1.7372486851871516E-5,NO
112,267,3.3194965024881865E-5,NO
113,55,1.7372486851871516E-5,NO
114,46,1.736367982960555E-5,NO
115,226,2.6211573016671995E-5,NO
116,54,1.7372486851871516E-5,NO
117,270,3.3194965024881865E-5,NO
118,74,1.7527969691648196E-5,NO
119,359,6.246919043774455E-5,NO
120,78,1.7595978829890788E-5,NO
121,180,2.1830323605866292E-5,NO
122,57,1.7372486851871516E-5,NO
123,50,1.7362369642792928E-5,NO
124,243,2.8921864217454445E-5,NO
125,254,3.050053121473902E-5,NO
126,306,4.138642288183529E-5,NO
127,139,1.9403713201509515E-5,NO
128,375,7.086498637449177E-5,NO
129,75,1.7527969691648196E-5,NO
130,222,2.6211573016671995E-5,NO
131,61,1.7394051437799325E-5,NO
132,98,1.7988640587476142E-5,NO
133,28,1.743631360237221E-5,NO
134,55,1.7372486851871516E-5,NO
135,194,2.3065665027121445E-5,NO
136,28,1.743631360237221E-5,NO
137,50,1.7362369642792928E-5,NO
138,55,1.7372486851871516E-5,NO
139,124,1.8767619127642327E-5,NO
140,87,1.7675878700290572E-5,NO
141,65,1.742710601539193E-5,NO
142,144,1.9646337252754753E-5,NO
143,134,1.9176699450005365E-5,NO
144,117,1.8415671309992474E-5,NO
145,28,1.743631360237221E-5,NO
146,57,1.7372486851871516E-5,NO
147,60,1.7394051437799325E-5,NO
148,62,1.7394051437799325E-5,NO
149,89,1.7767828714685143E-5,NO
150,60,1.7394051437799325E-5,NO
151,68,1.7471715973701688E-5,NO
152,522,0.0018265439106851487,NO
153,43,1.736367982960555E-5,NO
154,247,2.9690941344296175E-5,NO
155,35,1.7400615315964464E-5,NO
156,42,1.7376419999425972E-5,NO
157,57,1.7372486851871516E-5,NO
158,117,1.8415671309992474E-5,NO
159,61,1.7394051437799325E-5,NO
160,92,1.7767828714685143E-5,NO
161,93,1.787201291504136E-5,NO
162,80,1.7595978829890788E-5,NO
163,101,1.7988640587476142E-5,NO
164,59,1.7394051437799325E-5,NO
165,84,1.7675878700290572E-5,NO
166,82,1.7595978829890788E-5,NO
167,172,2.1113088661072617E-5,NO
168,143,1.9646337252754753E-5,NO
169,78,1.7595978829890788E-5,NO
170,66,1.742710601539193E-5,NO
171,66,1.742710601539193E-5,NO
172,85,1.7675878700290572E-5,NO
173,54,1.7372486851871516E-5,NO
174,77,1.7527969691648196E-5,NO
175,137,1.9176699450005365E-5,NO
176,130,1.8964816277326023E-5,NO
177,79,1.7595978829890788E-5,NO
178,76,1.7527969691648196E-5,NO
179,81,1.7595978829890788E-5,NO
180,98,1.7988640587476142E-5,NO
181,115,1.8415671309992474E-5,NO
182,180,2.1830323605866292E-5,NO
183,118,1.8584697057531525E-5,NO
184,132,9.222207095479463E-4,NO
185,95,1.787201291504136E-5,NO
186,88,1.7767828714685143E-5,NO
187,51,1.7362369642792928E-5,NO
188,120,1.8584697057531525E-5,NO
