ID, Size, Predicted, Actual
0,40,2.005337609432553E-5,NO
1,28,2.022856390271075E-5,NO
2,28,2.022856390271075E-5,NO
3,449,2.0396782716399116E-4,YES
4,1358,1.0,NO
5,25,2.0339397543052666E-5,NO
6,39,2.005337609432553E-5,NO
7,50,1.993890471233913E-5,NO
8,82,7.225486049371478E-5,NO
9,41,7.479411194257282E-5,NO
10,245,3.320167027104314E-5,NO
11,227,2.9906811761746263E-5,NO
12,363,7.979265903235227E-5,NO
13,375,9.17562911352882E-5,YES
14,145,2.2174999407089555E-5,NO
15,49,1.993890471233913E-5,NO
16,85,2.000640212357867E-5,NO
17,64,1.987894269596738E-5,NO
18,36,2.0133294972180323E-5,NO
19,37,2.005337609432553E-5,NO
20,92,5.106243072361187E-4,NO
21,32,2.0133294972180323E-5,NO
22,26,2.0339397543052666E-5,NO
23,669,0.9685110291220896,YES
24,398,0.33617402281744063,YES
25,206,2.7261235391330978E-5,YES
26,24,2.0339397543052666E-5,NO
27,24,2.0339397543052666E-5,NO
28,27,2.022856390271075E-5,NO
29,30,2.022856390271075E-5,NO
30,428,1.6216260021983616E-4,NO
31,972,0.8863282340864893,NO
32,123,2.0999871373709004E-5,NO
33,562,9.601604074965286E-4,NO
34,205,2.7261235391330978E-5,NO
35,37,2.005337609432553E-5,NO
36,35,2.0133294972180323E-5,NO
37,276,4.102236843393234E-5,NO
38,316,5.4622698044934314E-5,NO
39,204,2.7261235391330978E-5,NO
40,133,2.1414449674429483E-5,NO
41,285,4.2406747483842076E-5,NO
42,336,6.416473937837382E-5,NO
43,464,2.441495506999859E-4,NO
44,294,4.541840294855925E-5,NO
45,76,1.995220088046027E-5,NO
46,69,1.988854226827798E-5,NO
47,266,3.7300522095213354E-5,NO
48,247,3.414400377943287E-5,NO
49,217,2.8510981456774514E-5,NO
50,99,2.0260052980696527E-5,NO
51,191,2.5631074225960714E-5,NO
52,476,2.762680587297021E-4,NO
53,95,2.01601555122375E-5,NO
54,550,0.7675788478123049,YES
55,136,2.1648923945262953E-5,NO
56,33,2.0133294972180323E-5,NO
57,479,1.0,YES
58,140,2.1902240716296012E-5,NO
59,111,0.0817062764057462,YES
60,34,2.0133294972180323E-5,NO
61,39,2.005337609432553E-5,NO
62,36,2.0133294972180323E-5,NO
63,202,0.10215020825060014,YES
64,106,2.0507016816159375E-5,NO
65,57,1.9884123370956146E-5,NO
66,43,1.998862771535162E-5,NO
67,27,2.022856390271075E-5,NO
68,25,2.0339397543052666E-5,NO
69,53,1.9904095851019485E-5,NO
70,88,2.007566855003401E-5,YES
71,107,2.0507016816159375E-5,NO
72,132,2.1414449674429483E-5,NO
73,169,2.3855113828094073E-5,NO
74,80,1.995220088046027E-5,NO
75,29,2.022856390271075E-5,NO
76,430,1.6216260021983616E-4,NO
77,79,1.995220088046027E-5,NO
78,85,2.000640212357867E-5,NO
79,110,2.0654643302376046E-5,NO
80,111,2.0654643302376046E-5,NO
81,53,1.9904095851019485E-5,NO
82,52,1.9904095851019485E-5,NO
83,158,8.905950331602342E-5,NO
84,270,1.547617200185066E-4,YES
85,183,2.4690420394441622E-5,NO
86,215,2.8510981456774514E-5,NO
87,76,1.995220088046027E-5,NO
88,285,4.2406747483842076E-5,YES
89,258,3.619027943287007E-5,NO
90,55,1.9904095851019485E-5,NO
91,102,2.03755862560669E-5,NO
92,403,5.541378149430164E-4,NO
93,35,2.0133294972180323E-5,NO
94,145,2.2174999407089555E-5,NO
95,119,2.0818802650765124E-5,NO
96,71,1.9912943505533184E-5,YES
97,75,1.9912943505533184E-5,YES
98,69,1.988854226827798E-5,NO
99,80,1.995220088046027E-5,YES
100,63,1.987894269596738E-5,NO
101,120,2.0999871373709004E-5,YES
102,98,2.0260052980696527E-5,NO
103,54,1.9904095851019485E-5,NO
104,267,3.8473411912146654E-5,NO
105,55,1.9904095851019485E-5,NO
106,46,1.998862771535162E-5,NO
107,226,2.9906811761746263E-5,NO
108,54,1.9904095851019485E-5,NO
109,270,3.8473411912146654E-5,NO
110,74,1.9912943505533184E-5,NO
111,359,7.979265903235227E-5,NO
112,78,1.995220088046027E-5,NO
113,180,2.4690420394441622E-5,NO
114,57,1.9884123370956146E-5,NO
115,50,1.993890471233913E-5,NO
116,243,3.320167027104314E-5,NO
117,254,3.5139192808203936E-5,NO
118,306,5.062304176318593E-5,NO
119,139,2.1648923945262953E-5,NO
120,375,9.17562911352882E-5,NO
121,75,1.9912943505533184E-5,NO
122,222,2.9189706518423875E-5,NO
123,61,1.1967057254303369E-4,NO
124,98,3.644196944419448E-4,NO
125,28,2.022856390271075E-5,NO
126,55,1.9904095851019485E-5,NO
127,194,9.513830594591443E-5,NO
128,28,2.022856390271075E-5,NO
129,50,1.993890471233913E-5,NO
130,55,8.899427560271237E-5,NO
131,118,8.150389354435166E-5,NO
132,87,2.007566855003401E-5,NO
133,65,9.370939969508568E-5,NO
134,144,2.1902240716296012E-5,NO
135,117,2.0818802650765124E-5,NO
136,28,2.022856390271075E-5,NO
137,57,1.9884123370956146E-5,NO
138,60,1.9884123370956146E-5,NO
139,62,1.987894269596738E-5,NO
140,89,7.828644399597589E-5,NO
141,60,1.9884123370956146E-5,NO
142,68,7.182922148990631E-5,NO
143,522,5.358362244072842E-4,NO
144,43,1.998862771535162E-5,NO
145,247,3.414400377943287E-5,NO
146,35,2.0133294972180323E-5,NO
147,42,1.998862771535162E-5,NO
148,57,1.9884123370956146E-5,NO
149,91,2.01601555122375E-5,NO
150,61,1.9884123370956146E-5,NO
151,92,2.01601555122375E-5,NO
152,93,2.01601555122375E-5,NO
153,80,1.995220088046027E-5,NO
154,101,2.03755862560669E-5,NO
155,59,1.9884123370956146E-5,NO
156,84,2.000640212357867E-5,NO
157,82,2.000640212357867E-5,NO
158,132,2.1414449674429483E-5,NO
159,143,2.1902240716296012E-5,NO
160,78,8.026347680360235E-5,NO
161,66,8.0007407090205E-5,NO
162,66,8.0007407090205E-5,NO
163,85,2.000640212357867E-5,YES
164,54,1.9904095851019485E-5,NO
165,77,1.995220088046027E-5,NO
166,137,2.1648923945262953E-5,NO
167,130,1.884458819978607E-4,NO
168,79,1.995220088046027E-5,NO
169,76,1.995220088046027E-5,NO
170,81,2.000640212357867E-5,NO
171,98,2.0260052980696527E-5,NO
172,115,2.0818802650765124E-5,NO
173,180,2.4690420394441622E-5,NO
174,118,2.0818802650765124E-5,NO
175,64,1.987894269596738E-5,NO
176,95,2.01601555122375E-5,NO
177,88,9.099766749844928E-5,NO
178,51,1.993890471233913E-5,NO
179,120,2.0999871373709004E-5,NO
