ID, Size, Predicted, Actual
0,45,0.030513994132030455,NO
1,28,0.03063772828149044,NO
2,28,0.03063772828149044,NO
3,449,0.20870597235095129,YES
4,1470,1.0,NO
5,25,0.030718240639705838,NO
6,39,0.030535699735951417,NO
7,47,0.030513994132030455,NO
8,30,0.03063772828149044,NO
9,215,0.04343832588215399,NO
10,50,0.030511761893511083,NO
11,82,0.030909612600681813,NO
12,41,0.030535699735951417,NO
13,245,0.049814464069497924,NO
14,227,0.0463914296744927,NO
15,363,0.10556516692837259,NO
16,407,0.14996939468452483,NO
17,145,0.034387546378297426,NO
18,49,0.030511761893511083,NO
19,85,0.031045612070843737,NO
20,64,0.030622044585094675,NO
21,36,0.030576918958120935,NO
22,37,0.030576918958120935,NO
23,83,0.031045612070843737,NO
24,32,0.03063772828149044,NO
25,26,0.030718240639705838,NO
26,835,0.9909040150773736,YES
27,365,0.10556516692837259,NO
28,206,0.041701476469014884,YES
29,24,0.030718240639705838,NO
30,24,0.030718240639705838,NO
31,27,0.030718240639705838,NO
32,260,0.05377645402864206,NO
33,30,0.03063772828149044,NO
34,428,0.1766725138709552,NO
35,972,0.999609788713671,NO
36,123,0.032900074789843754,NO
37,562,0.514463126533006,NO
38,205,0.041701476469014884,NO
39,37,0.030576918958120935,NO
40,35,0.030576918958120935,NO
41,276,0.058358901408104874,NO
42,316,0.07439599776633385,NO
43,204,0.041701476469014884,NO
44,133,0.03359312489346735,NO
45,285,0.0618053002657724,NO
46,336,0.08507816934079487,NO
47,464,0.23665633665264915,NO
48,294,0.06560223825607464,NO
49,76,0.03079382256469282,NO
50,69,0.030698026006506538,NO
51,266,0.05523057545060759,NO
52,247,0.051071493549006385,NO
53,217,0.0443742812750531,NO
54,99,0.031577604773912596,NO
55,191,0.039406624706883706,NO
56,476,0.25730053459570024,NO
57,95,0.03137929507350138,NO
58,550,0.4642471783931445,NO
59,136,0.03359312489346735,NO
60,33,0.030576918958120935,NO
61,483,0.27961703917429176,NO
62,140,0.03397729579710993,NO
63,111,0.032039030595628855,NO
64,34,0.030576918958120935,NO
65,39,0.030535699735951417,NO
66,36,0.030576918958120935,NO
67,257,0.05377645402864206,YES
68,61,0.03056573705959473,NO
69,57,0.030528998881594573,NO
70,124,0.032900074789843754,NO
71,59,0.03056573705959473,NO
72,32,0.03063772828149044,NO
73,25,0.030718240639705838,NO
74,53,0.030528998881594573,NO
75,53,0.030528998881594573,NO
76,88,0.03120207517127759,YES
77,107,0.03179737805987434,NO
78,133,0.03359312489346735,NO
79,169,0.036860264309075796,NO
80,80,0.030909612600681813,NO
81,29,0.03063772828149044,NO
82,588,0.6001850513181813,NO
83,162,0.03578312278192212,NO
84,39,0.030535699735951417,NO
85,79,0.030909612600681813,NO
86,85,0.031045612070843737,NO
87,110,0.032039030595628855,NO
88,111,0.032039030595628855,NO
89,53,0.030528998881594573,NO
90,52,0.030511761893511083,NO
91,154,0.03528956642546105,NO
92,403,0.14403880280739045,NO
93,183,0.03871789409175323,NO
94,215,0.04343832588215399,NO
95,76,0.03079382256469282,NO
96,554,0.4807913803698277,YES
97,257,0.05377645402864206,NO
98,55,0.030528998881594573,NO
99,102,0.031577604773912596,NO
100,403,0.14403880280739045,NO
101,35,0.030576918958120935,NO
102,145,0.034387546378297426,NO
103,119,0.03258985284137576,NO
104,108,0.032039030595628855,NO
105,91,0.03120207517127759,NO
106,69,0.030698026006506538,NO
107,80,0.030909612600681813,NO
108,63,0.030622044585094675,NO
109,160,0.03578312278192212,NO
110,98,0.031577604773912596,NO
111,54,0.030528998881594573,NO
112,267,0.056756876053990164,NO
113,55,0.030528998881594573,NO
114,46,0.030513994132030455,NO
115,226,0.04535793147845977,NO
116,54,0.030528998881594573,NO
117,270,0.056756876053990164,NO
118,74,0.03079382256469282,NO
119,359,0.10172138671679616,NO
120,78,0.030909612600681813,NO
121,180,0.038064810359108046,NO
122,57,0.030528998881594573,NO
123,50,0.030511761893511083,NO
124,243,0.049814464069497924,NO
125,254,0.05239115341883557,NO
126,306,0.06978579584396678,NO
127,139,0.03397729579710993,NO
128,375,0.11383719970025453,NO
129,75,0.03079382256469282,NO
130,222,0.04535793147845977,NO
131,61,0.03056573705959473,NO
132,98,0.031577604773912596,NO
133,28,0.03063772828149044,NO
134,55,0.030528998881594573,NO
135,194,0.0401324356428079,NO
136,28,0.03063772828149044,NO
137,50,0.030511761893511083,NO
138,55,0.030528998881594573,NO
139,124,0.032900074789843754,NO
140,87,0.031045612070843737,NO
141,65,0.030622044585094675,NO
142,144,0.034387546378297426,NO
143,134,0.03359312489346735,NO
144,117,0.032303021131643135,NO
145,28,0.03063772828149044,NO
146,57,0.030528998881594573,NO
147,60,0.03056573705959473,NO
148,62,0.03056573705959473,NO
149,89,0.03120207517127759,NO
150,60,0.03056573705959473,NO
151,68,0.030698026006506538,NO
152,522,0.3857285672151937,NO
153,43,0.030513994132030455,NO
154,247,0.051071493549006385,NO
155,35,0.030576918958120935,NO
156,42,0.030535699735951417,NO
157,57,0.030528998881594573,NO
158,117,0.032303021131643135,NO
159,61,0.03056573705959473,NO
160,92,0.03120207517127759,NO
161,93,0.03137929507350138,NO
162,80,0.030909612600681813,NO
163,101,0.031577604773912596,NO
164,59,0.03056573705959473,NO
165,84,0.031045612070843737,NO
166,82,0.030909612600681813,NO
167,172,0.036860264309075796,NO
168,143,0.034387546378297426,NO
169,78,0.030909612600681813,NO
170,66,0.030622044585094675,NO
171,66,0.030622044585094675,NO
172,85,0.031045612070843737,NO
173,54,0.030528998881594573,NO
174,77,0.03079382256469282,NO
175,137,0.03359312489346735,NO
176,130,0.03323428353876741,NO
177,79,0.030909612600681813,NO
178,76,0.03079382256469282,NO
179,81,0.030909612600681813,NO
180,98,0.031577604773912596,NO
181,115,0.032303021131643135,NO
182,180,0.038064810359108046,NO
183,118,0.03258985284137576,NO
184,132,0.03323428353876741,NO
185,95,0.03137929507350138,NO
186,88,0.03120207517127759,NO
187,51,0.030511761893511083,NO
188,120,0.03258985284137576,NO
