ID, Size, Predicted, Actual
0,28,5.268703898840885E-4,NO
1,28,5.268703898840885E-4,NO
2,387,0.0021008403361344537,NO
3,1087,0.0021008403361344537,YES
4,25,7.022471910112359E-4,NO
5,50,0.0021008403361344537,NO
6,76,0.0010526315789473684,NO
7,38,0.0021008403361344537,NO
8,168,0.0021008403361344537,NO
9,268,0.0021008403361344537,NO
10,374,0.0021008403361344537,YES
11,145,0.0021008403361344537,NO
12,85,7.022471910112359E-4,NO
13,64,0.0021008403361344537,NO
14,36,3.012048192771084E-4,NO
15,36,3.012048192771084E-4,NO
16,36,3.012048192771084E-4,NO
17,26,7.022471910112359E-4,NO
18,491,0.0021008403361344537,NO
19,354,0.0021008403361344537,YES
20,196,0.0021008403361344537,NO
21,24,7.022471910112359E-4,NO
22,27,7.022471910112359E-4,NO
23,69,0.0010526315789473684,NO
24,56,0.0021008403361344537,NO
25,26,7.022471910112359E-4,NO
26,187,0.0021008403361344537,NO
27,983,0.0021008403361344537,NO
28,252,0.0021008403361344537,NO
29,620,0.0021008403361344537,NO
30,37,7.022471910112359E-4,NO
31,35,0.0010526315789473684,NO
32,286,0.0021008403361344537,NO
33,232,0.0021008403361344537,NO
34,203,0.0010526315789473684,NO
35,270,0.0021008403361344537,NO
36,425,0.0021008403361344537,NO
37,244,0.0021008403361344537,NO
38,74,5.268703898840885E-4,NO
39,69,0.0010526315789473684,NO
40,228,0.0021008403361344537,YES
41,231,0.0021008403361344537,NO
42,202,0.0010526315789473684,NO
43,99,0.0021008403361344537,NO
44,191,0.5000000000000001,NO
45,447,0.0021008403361344537,YES
46,95,0.0021008403361344537,NO
47,549,0.0021008403361344537,NO
48,136,0.0021008403361344537,NO
49,40,0.33356741573033716,NO
50,86,0.0010526315789473684,NO
51,90,0.0010526315789473684,NO
52,79,0.0010526315789473684,NO
53,85,7.022471910112359E-4,NO
54,59,0.0021008403361344537,NO
55,112,0.0021008403361344537,NO
56,52,0.0021008403361344537,NO
57,157,0.0021008403361344537,NO
58,74,5.268703898840885E-4,NO
59,230,0.0021008403361344537,NO
60,206,0.0021008403361344537,NO
61,55,0.0021008403361344537,NO
62,29,0.0021008403361344537,NO
63,111,0.0021008403361344537,NO
64,98,0.0010526315789473684,NO
65,43,0.0010526315789473684,NO
66,54,7.022471910112359E-4,NO
67,205,0.0021008403361344537,NO
68,121,0.0021008403361344537,NO
69,107,0.0021008403361344537,NO
70,74,5.268703898840885E-4,NO
71,76,0.0010526315789473684,NO
72,33,0.0010526315789473684,NO
73,426,0.9978991596638657,YES
74,146,0.0021008403361344537,NO
75,125,0.0021008403361344537,NO
76,75,0.0021008403361344537,NO
77,47,0.0021008403361344537,NO
78,34,0.0010526315789473684,NO
79,39,0.5000000000000001,NO
80,36,3.012048192771084E-4,NO
81,79,0.0010526315789473684,NO
82,28,5.268703898840885E-4,NO
83,422,0.0021008403361344537,NO
84,212,0.0021008403361344537,NO
85,88,0.0021008403361344537,NO
86,57,0.0021008403361344537,NO
87,43,0.0010526315789473684,NO
88,27,7.022471910112359E-4,NO
89,25,7.022471910112359E-4,NO
90,53,0.0021008403361344537,NO
91,108,0.0021008403361344537,NO
92,102,0.0021008403361344537,NO
93,85,7.022471910112359E-4,NO
94,54,7.022471910112359E-4,NO
95,78,0.0010526315789473684,NO
96,98,0.0010526315789473684,NO
97,78,0.0010526315789473684,NO
98,77,0.0021008403361344537,NO
99,97,0.0021008403361344537,NO
100,176,0.0021008403361344537,NO
101,123,0.0021008403361344537,NO
102,51,0.0021008403361344537,NO
103,71,0.5000000000000001,NO
104,94,0.0021008403361344537,NO
