ID, Size, Predicted, Actual
0,45,0.7691787631103125,NO
1,28,2.6161525197215737E-5,NO
2,28,2.6161525197215737E-5,NO
3,449,1.793383549635993E-4,YES
4,1470,6.271219073164987E-4,YES
5,25,4.484665282831563E-5,NO
6,39,0.48780562506959635,NO
7,47,0.6666387642516565,NO
8,30,0.5882222598608354,NO
9,215,3.137577179967948E-4,NO
10,50,5.979374940474026E-5,NO
11,82,1.394965058934173E-4,NO
12,41,0.6249803809091635,NO
13,245,3.137577179967948E-4,NO
14,227,0.7142472777450762,NO
15,363,3.137577179967948E-4,NO
16,407,0.001252672657700317,NO
17,145,0.4545506432874508,NO
18,49,2.510376804013294E-4,NO
19,85,0.2439181264615258,NO
20,64,8.96852614890596E-5,NO
21,36,0.37037639939888184,NO
22,37,7.386078859951003E-5,NO
23,83,2.510376804013294E-4,NO
24,32,1.569280963998134E-4,NO
25,26,8.370724503061019E-5,NO
26,834,0.001252672657700317,YES
27,365,0.001252672657700317,NO
28,206,2.510376804013294E-4,YES
29,24,5.022771055698605E-5,NO
30,24,5.022771055698605E-5,NO
31,27,6.278306147151283E-5,NO
32,260,0.001252672657700317,NO
33,30,0.5882222598608354,NO
34,428,0.7142472777450762,NO
35,972,3.137577179967948E-4,NO
36,123,1.255503580713285E-4,NO
37,562,3.137577179967948E-4,NO
38,205,1.569280963998134E-4,NO
39,37,7.386078859951003E-5,NO
40,35,5.022771055698605E-5,NO
41,276,3.137577179967948E-4,NO
42,316,3.137577179967948E-4,NO
43,204,3.137577179967948E-4,NO
44,133,2.510376804013294E-4,NO
45,285,0.7142472777450761,NO
46,336,3.137577179967948E-4,NO
47,464,0.7142472777450762,YES
48,294,2.0921557399857462E-4,YES
49,76,4.6507485473434355E-5,NO
50,69,0.38462652986049284,NO
51,266,2.0921557399857462E-4,NO
52,247,0.5,NO
53,217,3.137577179967948E-4,NO
54,99,0.4166753867188061,YES
55,191,0.5263123112107172,NO
56,476,3.137577179967948E-4,NO
57,95,1.0462967715725108E-4,NO
58,550,6.271219073164987E-4,YES
59,136,1.394965058934173E-4,NO
60,33,1.394965058934173E-4,NO
61,464,0.7142472777450762,YES
62,140,3.137577179967948E-4,NO
63,111,9.65827951338739E-5,NO
64,34,1.0462967715725108E-4,NO
65,39,0.48780562506959635,NO
66,36,0.37037639939888184,NO
67,257,4.1825613660175415E-4,YES
68,61,1.1413929465199201E-4,NO
69,57,5.022771055698605E-5,NO
70,124,2.510376804013294E-4,NO
71,59,1.0462967715725108E-4,NO
72,32,1.569280963998134E-4,NO
73,25,4.484665282831563E-5,NO
74,53,0.4166753867188061,NO
75,53,0.4166753867188061,NO
76,88,9.65827951338739E-5,YES
77,107,0.5555478046684509,NO
78,133,2.510376804013294E-4,NO
79,169,2.0921557399857462E-4,NO
80,80,0.41667538671880605,NO
81,29,1.394965058934173E-4,NO
82,588,0.001252672657700317,NO
83,162,6.271219073164987E-4,NO
84,39,0.48780562506959635,NO
85,79,5.232031283606635E-5,NO
86,85,0.2439181264615258,NO
87,110,1.793383549635993E-4,NO
88,111,9.65827951338739E-5,NO
89,53,0.4166753867188061,NO
90,52,1.1413929465199201E-4,NO
91,154,4.1825613660175415E-4,YES
92,403,3.137577179967948E-4,YES
93,183,1.793383549635993E-4,NO
94,215,3.137577179967948E-4,NO
95,76,4.6507485473434355E-5,NO
96,564,0.9998744496419287,YES
97,257,4.1825613660175415E-4,NO
98,55,0.25642594281584014,NO
99,102,0.5882222598608354,NO
100,403,3.137577179967948E-4,NO
101,35,5.022771055698605E-5,NO
102,145,0.4545506432874508,NO
103,119,2.0921557399857462E-4,NO
104,108,0.7691787631103125,NO
105,91,2.510376804013294E-4,NO
106,69,0.38462652986049284,NO
107,80,0.41667538671880605,NO
108,63,2.0921557399857462E-4,NO
109,160,0.001252672657700317,NO
110,98,7.386078859951003E-5,YES
111,54,0.23811089929938137,NO
112,267,2.0921557399857462E-4,NO
113,55,0.25642594281584014,NO
114,46,1.569280963998134E-4,NO
115,226,2.0921557399857462E-4,NO
116,54,0.23811089929938137,NO
117,270,0.5,NO
118,74,5.232031283606635E-5,NO
119,359,2.0921557399857462E-4,NO
120,78,5.232031283606635E-5,NO
121,180,1.569280963998134E-4,NO
122,57,5.022771055698605E-5,NO
123,50,5.979374940474026E-5,NO
124,243,0.6249803809091635,NO
125,254,3.137577179967948E-4,NO
126,306,2.0921557399857462E-4,NO
127,139,1.569280963998134E-4,NO
128,375,0.76920476365885,NO
129,75,0.4347897297644342,NO
130,222,1.569280963998134E-4,NO
131,61,1.1413929465199201E-4,NO
132,98,7.386078859951003E-5,NO
133,28,2.6161525197215737E-5,NO
134,55,0.25642594281584014,NO
135,194,2.510376804013294E-4,NO
136,28,2.6161525197215737E-5,NO
137,50,5.979374940474026E-5,NO
138,55,0.25642594281584014,NO
139,124,2.510376804013294E-4,NO
140,87,1.793383549635993E-4,NO
141,65,4.1825613660175415E-4,NO
142,144,0.7691787631103126,NO
143,134,6.271219073164987E-4,NO
144,117,1.569280963998134E-4,NO
145,28,2.6161525197215737E-5,NO
146,57,5.022771055698605E-5,NO
147,60,8.96852614890596E-5,NO
148,62,2.0921557399857462E-4,NO
149,89,4.1825613660175415E-4,NO
150,60,8.96852614890596E-5,NO
151,68,4.1825613660175415E-4,NO
152,522,4.1825613660175415E-4,YES
153,43,7.847636334621901E-5,NO
154,247,0.5,NO
155,35,5.022771055698605E-5,NO
156,42,1.0462967715725108E-4,NO
157,57,5.022771055698605E-5,NO
158,117,1.569280963998134E-4,YES
159,61,1.1413929465199201E-4,NO
160,92,0.6666387642516566,NO
161,93,1.793383549635993E-4,NO
162,80,0.41667538671880605,NO
163,101,1.255503580713285E-4,NO
164,59,1.0462967715725108E-4,NO
165,84,1.569280963998134E-4,NO
166,82,1.394965058934173E-4,NO
167,172,6.271219073164987E-4,YES
168,143,2.510376804013294E-4,NO
169,78,5.232031283606635E-5,NO
170,66,1.394965058934173E-4,NO
171,66,1.394965058934173E-4,NO
172,310,2.0921557399857462E-4,NO
173,86,1.394965058934173E-4,NO
174,66,1.394965058934173E-4,NO
175,85,0.2439181264615258,NO
176,54,0.23811089929938137,NO
177,77,0.5882222598608354,NO
178,137,2.510376804013294E-4,NO
179,130,0.7691787631103126,YES
180,79,5.232031283606635E-5,NO
181,76,4.6507485473434355E-5,NO
182,81,2.510376804013294E-4,NO
183,98,7.386078859951003E-5,NO
184,115,2.510376804013294E-4,NO
185,180,1.569280963998134E-4,NO
186,118,0.6666387642516566,NO
187,132,1.394965058934173E-4,NO
188,95,1.0462967715725108E-4,YES
189,88,9.65827951338739E-5,NO
190,51,9.65827951338739E-5,NO
191,120,0.5882222598608354,YES
