ID, Size, Predicted, Actual
0,45,0.8127103174603175,NO
1,28,0.0,NO
2,28,0.0,NO
3,449,0.08,YES
4,1470,0.4475720668220668,NO
5,25,0.0,NO
6,39,0.5352450439191565,NO
7,47,0.7005380452880452,NO
8,30,0.6412642080142081,NO
9,215,0.01,NO
10,50,0.0,NO
11,82,0.0,NO
12,41,0.6617022144522147,NO
13,245,0.21959740259740265,NO
14,227,0.7672023809523809,NO
15,363,0.0,NO
16,407,0.2777777777777778,NO
17,145,0.523142822047234,NO
18,49,0.0,NO
19,85,0.2630296779630136,NO
20,64,0.0,NO
21,36,0.3907132104963066,NO
22,37,0.0,NO
23,83,0.0,NO
24,32,0.0,NO
25,26,0.0,NO
26,835,0.42,YES
27,365,0.21,NO
28,206,0.0,YES
29,24,0.0,NO
30,24,0.0,NO
31,27,0.0,NO
32,260,0.0,NO
33,30,0.6412642080142081,NO
34,428,0.7326179653679654,NO
35,972,0.0,NO
36,123,0.0,NO
37,562,0.18340079365079365,NO
38,205,0.006,NO
39,37,0.0,NO
40,35,0.0,NO
41,276,0.026623931623931625,NO
42,316,0.05,NO
43,204,0.025880952380952383,NO
44,133,0.0,NO
45,285,0.7798305860805861,NO
46,336,0.15,NO
47,464,0.7792254689754688,NO
48,294,0.13,NO
49,76,0.0,NO
50,69,0.4072774815054226,NO
51,266,0.0,NO
52,247,0.532310162060162,NO
53,217,0.23603174603174604,NO
54,99,0.42488540024646837,NO
55,191,0.5845494227994229,NO
56,476,0.05,NO
57,95,0.015277777777777777,NO
58,550,0.3961251803751802,NO
59,136,0.0,NO
60,33,0.0,NO
61,483,0.01,NO
62,140,0.0,NO
63,111,0.0,NO
64,34,0.0,NO
65,39,0.5352450439191565,NO
66,36,0.3907132104963066,NO
67,257,0.0165,YES
68,61,0.0,NO
69,57,0.0,NO
70,124,0.0,NO
71,59,0.0,NO
72,32,0.0,NO
73,25,0.0,NO
74,53,0.4567621414533181,NO
75,53,0.4567621414533181,NO
76,88,0.0,YES
77,107,0.5901212953712954,NO
78,133,0.0,NO
79,169,0.07122222222222223,NO
80,80,0.46342783605283616,NO
81,29,0.015833333333333338,NO
82,588,0.03,NO
83,162,0.24,NO
84,39,0.5352450439191565,NO
85,79,0.0,NO
86,85,0.2630296779630136,NO
87,110,0.0,NO
88,111,0.0,NO
89,53,0.4567621414533181,NO
90,52,0.012916666666666663,NO
91,154,0.03525252525252526,NO
92,403,0.21990043290043293,NO
93,183,0.0,NO
94,215,0.01,NO
95,76,0.0,NO
96,554,0.3961251803751802,YES
97,257,0.0165,NO
98,55,0.27837646542484,NO
99,102,0.6064980574980574,NO
100,403,0.21990043290043293,NO
101,35,0.0,NO
102,145,0.523142822047234,NO
103,119,0.06093620268620268,NO
104,108,0.8346655844155844,NO
105,91,0.1473044733044733,NO
106,69,0.4072774815054226,NO
107,80,0.46342783605283616,NO
108,63,0.0,NO
109,160,0.23325324675324674,NO
110,98,0.005833333333333334,NO
111,54,0.26981461235428783,NO
112,267,0.07916666666666666,NO
113,55,0.27837646542484,NO
114,46,0.0,NO
115,226,0.09615476190476192,NO
116,54,0.26981461235428783,NO
117,270,0.5022678432678435,NO
118,74,0.0,NO
119,359,0.04,NO
120,78,0.0,NO
121,180,0.0,NO
122,57,0.0,NO
123,50,0.0,NO
124,243,0.6570287767787768,NO
125,254,0.057,NO
126,306,0.11492063492063492,NO
127,139,0.0,NO
128,375,0.7912368244500597,NO
129,75,0.47550136048162356,NO
130,222,0.02,NO
131,61,0.0,NO
132,98,0.005833333333333334,NO
133,28,0.0,NO
134,55,0.27837646542484,NO
135,194,0.09,NO
136,28,0.0,NO
137,50,0.0,NO
138,55,0.27837646542484,NO
139,124,0.0,NO
140,87,0.0,NO
141,65,0.0,NO
142,144,0.8349062049062048,NO
143,134,0.0,NO
144,117,0.07076190476190473,NO
145,28,0.0,NO
146,57,0.0,NO
147,60,0.0,NO
148,62,0.0,NO
149,89,0.0,NO
150,60,0.0,NO
151,68,0.17212142922437038,NO
152,522,0.42,NO
153,43,0.0,NO
154,247,0.532310162060162,NO
155,35,0.0,NO
156,42,0.0,NO
157,57,0.0,NO
158,117,0.07076190476190473,NO
159,61,0.0,NO
160,92,0.709744227994228,NO
161,93,0.05746608946608945,NO
162,80,0.46342783605283616,NO
163,101,0.0125,NO
164,59,0.0,NO
165,84,0.018969814241486072,NO
166,82,0.0,NO
167,172,0.0,NO
168,143,0.15844372294372294,NO
169,78,0.0,NO
170,66,0.03,NO
171,66,0.03,NO
172,85,0.2630296779630136,NO
173,54,0.26981461235428783,NO
174,77,0.5977572150072151,NO
175,137,0.0,NO
176,130,0.8106666666666666,NO
177,79,0.0,NO
178,76,0.0,NO
179,81,0.006444444444444444,NO
180,98,0.005833333333333334,NO
181,115,0.17223376623376618,NO
182,180,0.0,NO
183,118,0.6779176656676658,NO
184,132,0.0,NO
185,95,0.015277777777777777,NO
186,88,0.0,NO
187,51,0.0,NO
188,120,0.6175755355755356,NO
