ID, Size, Predicted, Actual
0,28,0.06,NO
1,28,0.06,NO
2,387,0.66,NO
3,1087,0.75,NO
4,25,0.0,NO
5,50,0.023333333333333334,NO
6,76,0.025,NO
7,38,0.7166612554112552,NO
8,168,0.31,NO
9,268,0.66,NO
10,374,0.92,NO
11,145,0.05,NO
12,85,0.0,NO
13,64,0.19523809523809527,NO
14,36,0.6183293650793651,NO
15,36,0.6183293650793651,NO
16,36,0.6183293650793651,NO
17,26,0.0,NO
18,491,0.37,NO
19,354,0.38,NO
20,196,0.68,NO
21,24,0.0,NO
22,27,0.02,NO
23,69,1.0,YES
24,56,1.0,YES
25,26,0.0,NO
26,187,0.95,NO
27,983,0.75,NO
28,252,0.06,NO
29,620,0.97,NO
30,37,0.27879365079365087,NO
31,35,0.23211507936507939,NO
32,286,0.1,NO
33,232,0.04,NO
34,203,0.24,NO
35,270,0.05,NO
36,425,0.41,NO
37,244,0.07,NO
38,74,0.155,NO
39,69,0.3707380952380953,NO
40,228,0.07,NO
41,231,0.04,NO
42,202,0.24,NO
43,99,0.92,NO
44,191,0.95,NO
45,447,0.35,YES
46,95,0.23,NO
47,549,0.75,NO
48,136,0.03,NO
49,40,0.7329880952380952,NO
50,86,0.0,NO
51,90,0.02,NO
52,79,0.02,NO
53,85,0.0,NO
54,59,0.015,NO
55,112,0.24,NO
56,52,0.02,NO
57,157,1.0,YES
58,74,0.155,NO
59,230,0.99,YES
60,206,1.0,YES
61,55,0.01,NO
62,29,0.53,NO
63,111,0.36,NO
64,98,0.91,NO
65,43,0.03590476190476191,NO
66,54,0.01,NO
67,205,0.24,NO
68,121,0.13,NO
69,107,0.64,NO
70,74,0.155,NO
71,76,0.025,NO
72,33,0.09749603174603175,NO
73,420,0.8,YES
74,146,0.05,NO
75,125,0.14,NO
76,75,0.085,NO
77,47,0.0033333333333333335,NO
78,34,0.10749603174603176,NO
79,39,0.7346612554112554,NO
80,36,0.6183293650793651,NO
81,79,0.02,NO
82,28,0.06,NO
83,422,0.41,NO
84,212,0.72,NO
85,88,0.01,NO
86,57,0.01,NO
87,43,0.03590476190476191,NO
88,27,0.02,NO
89,25,0.0,NO
90,53,0.02,NO
91,108,1.0,YES
92,102,1.0,YES
93,85,0.0,NO
94,54,0.01,NO
95,78,0.02,NO
96,98,0.91,NO
97,78,0.02,NO
98,77,0.025,NO
99,97,0.53,NO
100,176,0.6,NO
101,123,0.13,NO
102,51,0.023333333333333334,NO
103,71,0.9151587301587301,NO
104,94,1.0,YES
