ID, Size, Predicted, Actual
0,28,0.12163842076786219,NO
1,28,0.12163842076786219,NO
2,387,0.41610389154456373,NO
3,1087,0.9999922925629162,NO
4,25,0.12157378511720572,NO
5,50,0.12237714465991577,NO
6,76,0.1254634392411792,NO
7,38,0.121793631116743,NO
8,168,0.15066814824102914,NO
9,268,0.22124561788117267,NO
10,374,0.37918048173639807,NO
11,145,0.14343175837251068,NO
12,85,0.12636883672876,NO
13,64,0.1239448903330009,NO
14,36,0.121793631116743,NO
15,36,0.121793631116743,NO
16,36,0.121793631116743,NO
17,26,0.12157378511720572,NO
18,491,0.6635590740826537,NO
19,354,0.34532636566175196,NO
20,196,0.1657212737119947,NO
21,24,0.12157378511720572,NO
22,27,0.12163842076786219,NO
23,69,0.9935978675633598,YES
24,56,0.9940465523461121,YES
25,26,0.12157378511720572,NO
26,187,0.1623867207533024,NO
27,983,0.9998952245848625,NO
28,252,0.20973393472153243,NO
29,620,0.9137151274352308,NO
30,37,0.121793631116743,NO
31,35,0.121793631116743,NO
32,286,0.2405055909534078,NO
33,232,0.18960424984858615,NO
34,203,0.16922949550455604,NO
35,270,0.22739169184200025,NO
36,425,0.49813891505625485,NO
37,244,0.19920820861208896,NO
38,74,0.1254634392411792,NO
39,69,0.12465597498153479,NO
40,228,0.18960424984858615,NO
41,231,0.18960424984858615,NO
42,202,0.16922949550455604,NO
43,99,0.12969100942095546,NO
44,191,0.1623867207533024,NO
45,447,0.5573434636938887,YES
46,95,0.12848059082102295,NO
47,549,0.8009635749373978,NO
48,136,0.13927673690203135,NO
49,40,0.12203971465421325,NO
50,86,0.1273739094190764,NO
51,90,0.1273739094190764,NO
52,79,0.1254634392411792,NO
53,85,0.12636883672876,NO
54,59,0.12332881714579702,NO
55,112,0.1324325694043548,NO
56,52,0.12280657014647525,NO
57,157,0.9952007208150911,YES
58,74,0.1254634392411792,NO
59,230,0.9964290520763761,YES
60,206,0.9951840880702887,YES
61,55,0.12280657014647525,NO
62,29,0.12163842076786219,NO
63,111,0.1324325694043548,NO
64,98,0.12969100942095546,NO
65,43,0.12203971465421325,NO
66,54,0.12280657014647525,NO
67,205,0.17291767598237956,NO
68,121,0.13396897692662962,NO
69,107,0.13100749237202564,NO
70,74,0.1254634392411792,NO
71,76,0.1254634392411792,NO
72,33,0.121793631116743,NO
73,420,0.5101033043438362,YES
74,146,0.14343175837251068,NO
75,125,0.1356196622847038,NO
76,75,0.1254634392411792,NO
77,47,0.12237714465991577,NO
78,34,0.121793631116743,NO
79,39,0.12203971465421325,NO
80,36,0.121793631116743,NO
81,79,0.1254634392411792,NO
82,28,0.12163842076786219,NO
83,422,0.483809327763372,NO
84,212,0.17679235054949077,NO
85,88,0.1273739094190764,NO
86,57,0.12332881714579702,NO
87,43,0.12203971465421325,NO
88,27,0.12163842076786219,NO
89,25,0.12157378511720572,NO
90,53,0.12280657014647525,NO
91,108,0.9944690565193273,YES
92,102,0.9944878393578424,YES
93,85,0.12636883672876,NO
94,54,0.12280657014647525,NO
95,78,0.1254634392411792,NO
96,98,0.12969100942095546,NO
97,78,0.1254634392411792,NO
98,77,0.1254634392411792,NO
99,97,0.12848059082102295,NO
100,176,0.15621470909839447,NO
101,123,0.1356196622847038,NO
102,51,0.12280657014647525,NO
103,71,0.12465597498153479,NO
104,94,0.9938142397288784,YES
