ID, Size, Predicted, Actual
0,28,0.11810341529931427,NO
1,28,0.11810341529931427,NO
2,449,0.005373637308875176,NO
3,1087,0.11810341529931427,YES
4,25,0.11810341529931427,NO
5,50,0.11810341529931427,NO
6,76,0.11810341529931427,NO
7,38,0.11810341529931427,NO
8,168,0.11810341529931427,YES
9,268,0.11810341529931427,YES
10,371,0.9941077826374035,YES
11,145,0.11810341529931427,YES
12,85,0.11810341529931427,NO
13,64,0.11810341529931427,NO
14,36,0.11810341529931427,NO
15,36,0.11810341529931427,NO
16,39,0.11810341529931427,NO
17,26,0.11810341529931427,NO
18,504,0.11810341529931427,NO
19,357,0.9929415887640087,YES
20,196,0.11810341529931427,NO
21,24,0.11810341529931427,NO
22,27,0.11810341529931427,NO
23,69,0.11810341529931427,YES
24,56,0.11810341529931427,NO
25,26,0.11810341529931427,NO
26,187,0.11810341529931427,NO
27,983,0.11810341529931427,NO
28,252,0.11810341529931427,NO
29,620,0.11810341529931427,NO
30,37,0.11810341529931427,NO
31,35,0.11810341529931427,NO
32,286,0.11810341529931427,NO
33,232,0.11810341529931427,NO
34,203,0.11810341529931427,NO
35,270,0.11810341529931427,NO
36,425,0.11810341529931427,NO
37,244,0.11810341529931427,NO
38,74,0.11810341529931427,NO
39,69,0.11810341529931427,NO
40,247,0.9929415887640087,YES
41,231,0.11810341529931427,NO
42,202,0.11810341529931427,NO
43,99,0.11810341529931427,NO
44,191,0.11810341529931427,NO
45,447,0.11810341529931427,YES
46,95,0.11810341529931427,NO
47,549,0.11810341529931427,NO
48,136,0.11810341529931427,NO
49,40,0.11810341529931427,NO
50,86,0.11810341529931427,NO
51,90,0.11810341529931427,NO
52,79,0.11810341529931427,NO
53,85,0.11810341529931427,NO
54,59,0.11810341529931427,NO
55,105,0.11053982387607951,NO
56,52,0.11810341529931427,NO
57,157,0.11810341529931427,YES
58,74,0.11810341529931427,NO
59,243,0.12263936145241339,YES
60,227,0.13838692172025152,YES
61,55,0.11810341529931427,NO
62,29,0.11810341529931427,NO
63,111,0.11810341529931427,NO
64,113,0.11810341529931427,NO
65,71,0.11810341529931427,NO
66,54,0.11810341529931427,NO
67,205,0.11810341529931427,NO
68,121,0.11810341529931427,NO
69,107,0.11810341529931427,NO
70,74,0.11810341529931427,NO
71,55,0.11810341529931427,NO
72,104,0.11810341529931427,NO
73,61,0.11810341529931427,NO
74,148,0.11810341529931427,NO
75,66,0.11810341529931427,NO
76,87,0.11810341529931427,NO
77,85,0.11810341529931427,NO
78,72,0.11810341529931427,NO
79,54,0.11810341529931427,NO
80,60,0.11810341529931427,NO
81,76,0.11810341529931427,NO
82,33,0.11810341529931427,NO
83,430,0.9935849317563492,YES
84,146,0.11810341529931427,NO
85,125,0.11810341529931427,NO
86,75,0.11810341529931427,NO
87,47,0.11810341529931427,YES
88,34,0.11810341529931427,NO
89,39,0.11810341529931427,NO
90,36,0.11810341529931427,NO
91,79,0.11810341529931427,NO
92,28,0.11810341529931427,NO
93,426,0.12849897676834326,NO
94,212,0.11810341529931427,NO
95,88,0.11810341529931427,NO
96,57,0.11810341529931427,NO
97,43,0.11810341529931427,NO
98,27,0.11810341529931427,NO
99,25,0.11810341529931427,NO
100,53,0.11810341529931427,NO
101,108,0.11810341529931427,YES
102,102,0.11810341529931427,NO
103,85,0.11810341529931427,NO
104,54,0.11810341529931427,NO
105,78,0.11810341529931427,NO
106,98,0.11810341529931427,NO
107,78,0.11810341529931427,NO
108,77,0.11810341529931427,YES
109,97,0.11810341529931427,NO
110,176,0.11810341529931427,NO
111,123,0.11810341529931427,NO
112,51,0.11810341529931427,NO
113,71,0.11810341529931427,NO
114,94,0.11810341529931427,NO
