ID, Size, Predicted, Actual
0,28,0.5701010775716859,NO
1,28,0.5701010775716859,NO
2,449,0.05078258358961517,NO
3,1087,0.5701010775716859,YES
4,25,0.5701010775716859,NO
5,50,0.5701010775716859,NO
6,76,0.5701010775716859,NO
7,38,0.5701010775716859,NO
8,168,0.5701010775716859,YES
9,268,0.5701010775716859,YES
10,371,0.9994018023472185,YES
11,145,0.5701010775716859,YES
12,85,0.5701010775716859,NO
13,64,0.5701010775716859,NO
14,36,0.5701010775716859,NO
15,36,0.5701010775716859,NO
16,39,0.5701010775716859,NO
17,26,0.5701010775716859,NO
18,504,0.5701010775716859,NO
19,357,0.999282650344447,YES
20,196,0.5701010775716859,NO
21,24,0.5701010775716859,NO
22,27,0.5701010775716859,NO
23,69,0.5701010775716859,YES
24,56,0.5701010775716859,NO
25,26,0.5701010775716859,NO
26,187,0.5701010775716859,NO
27,983,0.5701010775716859,NO
28,252,0.5701010775716859,NO
29,620,0.5701010775716859,NO
30,37,0.5701010775716859,NO
31,35,0.5701010775716859,NO
32,286,0.5701010775716859,NO
33,232,0.5701010775716859,NO
34,203,0.5701010775716859,NO
35,270,0.5701010775716859,NO
36,425,0.5701010775716859,NO
37,244,0.5701010775716859,NO
38,74,0.5701010775716859,NO
39,69,0.5701010775716859,NO
40,247,0.999282650344447,YES
41,231,0.5701010775716859,NO
42,202,0.5701010775716859,NO
43,99,0.5701010775716859,NO
44,191,0.5701010775716859,NO
45,447,0.5701010775716859,YES
46,95,0.5701010775716859,NO
47,549,0.5701010775716859,NO
48,136,0.5701010775716859,NO
49,40,0.5701010775716859,NO
50,86,0.5701010775716859,NO
51,90,0.5701010775716859,NO
52,79,0.5701010775716859,NO
53,85,0.5701010775716859,NO
54,59,0.5701010775716859,NO
55,105,0.5516992735848076,NO
56,52,0.5701010775716859,NO
57,157,0.5701010775716859,YES
58,74,0.5701010775716859,NO
59,243,0.5805685103816163,YES
60,227,0.6139685711320468,YES
61,55,0.5701010775716859,NO
62,29,0.5701010775716859,NO
63,111,0.5701010775716859,NO
64,113,0.5701010775716859,NO
65,71,0.5701010775716859,NO
66,54,0.5701010775716859,NO
67,205,0.5701010775716859,NO
68,121,0.5701010775716859,NO
69,107,0.5701010775716859,NO
70,74,0.5701010775716859,NO
71,55,0.5701010775716859,NO
72,104,0.5701010775716859,NO
73,61,0.5701010775716859,NO
74,148,0.5701010775716859,NO
75,66,0.5701010775716859,NO
76,87,0.5701010775716859,NO
77,85,0.5701010775716859,NO
78,72,0.5701010775716859,NO
79,54,0.5701010775716859,NO
80,60,0.5701010775716859,NO
81,76,0.5701010775716859,NO
82,33,0.5701010775716859,NO
83,430,0.9993484128636745,YES
84,146,0.5701010775716859,NO
85,125,0.5701010775716859,NO
86,75,0.5701010775716859,NO
87,47,0.5701010775716859,YES
88,34,0.5701010775716859,NO
89,39,0.5701010775716859,NO
90,36,0.5701010775716859,NO
91,79,0.5701010775716859,NO
92,28,0.5701010775716859,NO
93,426,0.5935068351191669,NO
94,212,0.5701010775716859,NO
95,88,0.5701010775716859,NO
96,57,0.5701010775716859,NO
97,43,0.5701010775716859,NO
98,27,0.5701010775716859,NO
99,25,0.5701010775716859,NO
100,53,0.5701010775716859,NO
101,108,0.5701010775716859,YES
102,102,0.5701010775716859,NO
103,85,0.5701010775716859,NO
104,54,0.5701010775716859,NO
105,78,0.5701010775716859,NO
106,98,0.5701010775716859,NO
107,78,0.5701010775716859,NO
108,77,0.5701010775716859,YES
109,97,0.5701010775716859,NO
110,176,0.5701010775716859,NO
111,123,0.5701010775716859,NO
112,51,0.5701010775716859,NO
113,71,0.5701010775716859,NO
114,94,0.5701010775716859,NO
