ID, Size, Predicted, Actual
0,45,0.020834709035549397,NO
1,79,0.020672437366068882,NO
2,67,0.020635766147281763,NO
3,45,0.020834709035549397,NO
4,28,0.02123367152396014,NO
5,28,0.02123367152396014,NO
6,564,0.5122784026509708,YES
7,1491,1.0,YES
8,173,0.024510159222168534,NO
9,25,0.02123367152396014,NO
10,39,0.020914060282862145,NO
11,47,0.020834709035549397,NO
12,184,0.025270599713022115,NO
13,30,0.021113355837021206,NO
14,221,0.02926831580604349,NO
15,50,0.02076868392708961,NO
16,101,0.020995582443938635,NO
17,41,0.020914060282862145,NO
18,250,0.03436351437435557,NO
19,227,0.03054919182613556,NO
20,363,0.0767437798016338,NO
21,407,0.1154825141578177,YES
22,145,0.022459410634893255,NO
23,49,0.02076868392708961,NO
24,85,0.020710658916197125,NO
25,64,0.020649465048019056,NO
26,42,0.020914060282862145,NO
27,36,0.02100688497498712,NO
28,37,0.02100688497498712,NO
29,83,0.020710658916197125,NO
30,32,0.021113355837021206,NO
31,26,0.02123367152396014,NO
32,883,0.9999987888741104,YES
33,413,0.12054844876882634,YES
34,213,0.028109549488448356,YES
35,24,0.02136805720923117,NO
36,24,0.02136805720923117,NO
37,27,0.02123367152396014,NO
38,259,0.03617067287705946,NO
39,30,0.021113355837021206,NO
40,428,0.13736243135962373,NO
41,979,0.9999062058457222,YES
42,123,0.02149902578577067,YES
43,562,0.49466379795298765,NO
44,205,0.027572760993393928,YES
45,37,0.02100688497498712,NO
46,35,0.02100688497498712,NO
47,283,0.0415415327975861,NO
48,316,0.05165821004480194,NO
49,204,0.02706280958064985,NO
50,133,0.022028862936641167,NO
51,285,0.042782437860779156,YES
52,336,0.06136568940769485,NO
53,701,0.9213798030144376,YES
54,301,0.04689255357273847,NO
55,76,0.020647241723617746,NO
56,69,0.020635766147281763,YES
57,266,0.037142595381311885,NO
58,253,0.03436351437435557,NO
59,217,0.028674326997300086,NO
60,100,0.02090430677358667,NO
61,191,0.02611914031638158,NO
62,476,0.22470138018392277,NO
63,95,0.020826486424479766,NO
64,551,0.4599954555735204,NO
65,136,0.022028862936641167,NO
66,33,0.021113355837021206,NO
67,491,0.25698843039441266,YES
68,143,0.022459410634893255,YES
69,113,0.021219204791412826,NO
70,34,0.02100688497498712,NO
71,39,0.020914060282862145,NO
72,36,0.02100688497498712,NO
73,277,0.0403599213153755,YES
74,75,0.020647241723617746,NO
75,57,0.0206761474634719,NO
76,124,0.02166065149559512,NO
77,59,0.0206761474634719,NO
78,32,0.021113355837021206,NO
79,25,0.02123367152396014,NO
80,53,0.02071586263576526,NO
81,53,0.02071586263576526,NO
82,88,0.02076197696834927,YES
83,107,0.021100483229395946,NO
84,133,0.9585170532980181,YES
85,169,0.024161007911853036,NO
86,94,0.020826486424479766,NO
87,35,0.02100688497498712,NO
88,689,0.9074163455206156,YES
89,162,0.023521322646762672,NO
90,39,0.020914060282862145,NO
91,79,0.020672437366068882,NO
92,85,0.020710658916197125,NO
93,110,0.021219204791412826,NO
94,122,0.02149902578577067,NO
95,53,0.02071586263576526,NO
96,52,0.02071586263576526,NO
97,177,0.024510159222168534,YES
98,533,0.9985026074756989,YES
99,183,0.025270599713022115,YES
100,215,0.028674326997300086,NO
101,76,0.020647241723617746,NO
102,563,0.49466379795298765,NO
103,257,0.03524504062112734,NO
104,55,0.02071586263576526,NO
105,102,0.020995582443938635,NO
106,403,0.11066576372441572,NO
107,35,0.02100688497498712,NO
108,145,0.022459410634893255,NO
109,119,0.02149902578577067,NO
110,108,0.021100483229395946,NO
111,91,0.02076197696834927,NO
112,69,0.020635766147281763,NO
113,80,0.020672437366068882,NO
114,63,0.020649465048019056,NO
115,160,0.023521322646762672,NO
116,102,0.020995582443938635,NO
117,54,0.02071586263576526,NO
118,267,0.038163121065836726,NO
119,55,0.02071586263576526,NO
120,46,0.020834709035549397,NO
121,226,0.029892812445710404,NO
122,54,0.02071586263576526,NO
123,270,0.038163121065836726,NO
124,74,0.020635025494419895,NO
125,359,0.07384588983279872,NO
126,78,0.020647241723617746,NO
127,180,0.024879773047747356,NO
128,57,0.0206761474634719,NO
129,50,0.02076868392708961,NO
130,243,0.03272464527363155,NO
131,254,0.03524504062112734,NO
132,306,0.048403203676934445,NO
133,139,0.022236149909748704,NO
134,372,0.08300053123617729,NO
135,75,0.020647241723617746,NO
136,222,0.02926831580604349,NO
137,61,0.020649465048019056,NO
138,98,0.02090430677358667,NO
139,28,0.02123367152396014,NO
140,55,0.02071586263576526,NO
141,195,0.02611914031638158,NO
142,28,0.02123367152396014,NO
143,50,0.02076868392708961,NO
144,55,0.02071586263576526,NO
145,130,0.021837152104446405,NO
146,87,0.020710658916197125,NO
147,65,0.020649465048019056,NO
148,140,0.022236149909748704,NO
149,134,0.022028862936641167,NO
150,117,0.021351969238566977,NO
151,28,0.02123367152396014,NO
152,57,0.0206761474634719,NO
153,60,0.0206761474634719,NO
154,62,0.020649465048019056,NO
155,89,0.02076197696834927,NO
156,60,0.0206761474634719,NO
157,68,0.020635766147281763,NO
158,522,0.34825366288863663,NO
159,43,0.020834709035549397,NO
160,247,0.03352403167284243,NO
161,35,0.02100688497498712,NO
162,42,0.020914060282862145,NO
163,57,0.0206761474634719,NO
164,125,0.02166065149559512,NO
165,61,0.020649465048019056,NO
166,92,0.020826486424479766,NO
167,92,0.020826486424479766,NO
168,80,0.020672437366068882,NO
169,101,0.020995582443938635,NO
170,59,0.0206761474634719,NO
171,84,0.020710658916197125,NO
172,81,0.020672437366068882,NO
173,173,0.024510159222168534,NO
174,159,0.02322951275085901,NO
175,99,0.02090430677358667,NO
176,73,0.020635025494419895,NO
177,74,0.020635025494419895,NO
178,330,0.05922528398411413,NO
179,81,0.020672437366068882,NO
180,66,0.020635766147281763,NO
181,245,0.03352403167284243,NO
182,91,0.02076197696834927,NO
183,57,0.0206761474634719,NO
184,85,0.020710658916197125,NO
185,94,0.020826486424479766,NO
186,54,0.02071586263576526,NO
187,75,0.020647241723617746,NO
188,137,0.022236149909748704,NO
189,133,0.022028862936641167,NO
190,79,0.020672437366068882,NO
191,76,0.020647241723617746,NO
192,81,0.020672437366068882,NO
193,99,0.02090430677358667,NO
194,115,0.021351969238566977,NO
195,180,0.024879773047747356,NO
196,118,0.021351969238566977,NO
197,132,0.021837152104446405,NO
198,94,0.020826486424479766,NO
199,88,0.02076197696834927,NO
200,51,0.02076868392708961,NO
201,111,0.021219204791412826,NO
