ID, Size, Predicted, Actual
0,45,0.4545482398307307,YES
1,79,1.644044335692401E-5,YES
2,67,0.666651688449714,NO
3,45,0.4545482398307307,YES
4,28,8.64190629890948E-6,NO
5,28,8.64190629890948E-6,NO
6,564,0.9090407770278423,YES
7,1492,0.9999326010522619,NO
8,174,2.2459251839667516E-4,NO
9,25,1.6851440588589387E-5,NO
10,39,0.3389867300298338,NO
11,47,0.4761920046192064,NO
12,184,1.3477972745273904E-4,NO
13,30,0.34483479957319774,NO
14,221,2.2459251839667516E-4,NO
15,50,1.644044335692401E-5,NO
16,101,3.5475395550511326E-5,NO
17,41,0.4545482398307307,NO
18,250,1.1232148576369531E-4,NO
19,227,0.4999999999999999,NO
20,363,6.739894773817628E-5,NO
21,408,0.6666516884497142,NO
22,145,0.2857225394413654,NO
23,49,6.127252152624681E-5,NO
24,85,0.16667415627995785,NO
25,64,3.3701745331260395E-5,NO
26,42,2.9306123157834944E-5,NO
27,36,0.30303432638450434,NO
28,37,2.3243069193144267E-5,NO
29,83,6.127252152624681E-5,NO
30,32,3.3701745331260395E-5,NO
31,26,3.2097003336917746E-5,NO
32,883,0.9999326010522619,YES
33,421,3.368131318854935E-4,NO
34,213,1.1232148576369531E-4,YES
35,24,1.8217723826330567E-5,NO
36,24,1.8217723826330567E-5,NO
37,27,2.5924822737172753E-5,NO
38,259,3.368131318854935E-4,NO
39,30,0.34483479957319774,NO
40,428,0.4999999999999999,NO
41,981,0.5263139223476027,NO
42,126,8.42458456320469E-5,NO
43,562,6.739894773817628E-5,NO
44,226,5.616705164853978E-5,NO
45,37,2.3243069193144267E-5,NO
46,35,1.4042946038448114E-5,NO
47,283,1.3477972745273904E-4,NO
48,316,6.739894773817628E-5,NO
49,204,6.739894773817628E-5,NO
50,133,0.3571497351825258,NO
51,298,0.9090407770278423,NO
52,336,6.739894773817628E-5,NO
53,701,0.8332958886322344,NO
54,301,1.6846330659664937E-4,NO
55,76,1.49791143942253E-5,NO
56,69,0.4166690071576731,NO
57,266,5.616705164853978E-5,NO
58,253,9.627864898628212E-5,NO
59,217,6.739894773817628E-5,NO
60,100,0.7142650811601162,NO
61,191,0.40000539235194554,NO
62,476,6.739894773817628E-5,NO
63,95,0.3571497351825258,NO
64,551,1.6846330659664937E-4,NO
65,136,4.493465085757403E-5,NO
66,33,4.493465085757403E-5,NO
67,496,0.8332958886322344,YES
68,156,3.368131318854935E-4,NO
69,113,1.6846330659664937E-4,NO
70,34,3.7446103257170304E-5,NO
71,39,0.3389867300298338,NO
72,36,0.30303432638450434,NO
73,288,0.9999662982546688,YES
74,75,0.2564186765836817,NO
75,57,1.2482657654906741E-5,NO
76,124,4.814395972854056E-5,NO
77,59,2.6961759728352333E-5,NO
78,32,3.3701745331260395E-5,NO
79,25,1.6851440588589387E-5,NO
80,53,0.23810364472308257,YES
81,53,0.23810364472308257,NO
82,88,2.5924822737172753E-5,YES
83,107,0.4166713475172135,NO
84,134,7.488659809177118E-5,NO
85,169,5.616705164853978E-5,NO
86,94,0.3333408227783451,NO
87,35,1.4042946038448114E-5,NO
88,695,0.9374815688921516,NO
89,162,8.42458456320469E-5,NO
90,39,0.3389867300298338,NO
91,79,1.644044335692401E-5,NO
92,85,0.16667415627995785,NO
93,110,5.184695722799432E-5,NO
94,133,0.9999662982546688,YES
95,53,0.23810364472308257,NO
96,52,3.5475395550511326E-5,NO
97,197,0.9999326010522619,YES
98,533,6.731727968949425E-4,YES
99,183,5.184695722799432E-5,YES
100,215,0.4761920046192065,NO
101,76,1.49791143942253E-5,NO
102,563,1.3477972745273904E-4,YES
103,257,6.739894773817628E-5,NO
104,55,0.1587374615355125,NO
105,102,0.37037684269794097,NO
106,403,0.4999999999999999,NO
107,35,1.4042946038448114E-5,NO
108,145,0.2857225394413654,YES
109,119,5.616705164853978E-5,NO
110,108,0.5263139223476025,NO
111,91,4.21264717962634E-5,YES
112,69,0.4166690071576731,NO
113,80,0.27027864057581213,NO
114,63,5.184695722799432E-5,NO
115,160,9.627864898628212E-5,YES
116,102,0.37037684269794097,YES
117,54,0.16394185344886436,NO
118,267,5.616705164853978E-5,NO
119,55,0.1587374615355125,NO
120,46,4.814395972854056E-5,NO
121,226,5.616705164853978E-5,NO
122,54,0.16394185344886436,NO
123,270,0.3846213672667854,NO
124,74,2.0425842565920014E-5,NO
125,359,5.616705164853978E-5,NO
126,78,0.23810364472308246,NO
127,180,3.3701745331260395E-5,NO
128,57,1.2482657654906741E-5,NO
129,50,1.644044335692401E-5,NO
130,243,0.4545482398307307,NO
131,254,6.739894773817628E-5,NO
132,306,5.616705164853978E-5,NO
133,139,4.814395972854056E-5,NO
134,372,1.3477972745273904E-4,NO
135,75,0.2564186765836817,NO
136,222,4.814395972854056E-5,NO
137,572,6.731727968949425E-4,NO
138,38,9.627864898628212E-5,NO
139,348,6.731727968949425E-4,NO
140,121,1.3477972745273904E-4,NO
141,62,4.814395972854056E-5,NO
142,52,3.5475395550511326E-5,NO
143,158,3.368131318854935E-4,NO
144,778,6.731727968949425E-4,YES
145,199,6.731727968949425E-4,NO
146,115,5.616705164853978E-5,NO
147,52,3.5475395550511326E-5,NO
148,88,2.5924822737172753E-5,NO
149,61,2.808510328171646E-5,NO
150,98,0.29412581033789265,NO
151,28,8.64190629890948E-6,NO
152,55,0.1587374615355125,NO
153,195,1.6846330659664937E-4,NO
154,28,8.64190629890948E-6,NO
155,50,1.644044335692401E-5,NO
156,55,0.1587374615355125,NO
157,546,0.6666516884497142,NO
158,130,0.7692168097108336,NO
159,87,5.184695722799432E-5,NO
160,65,6.739894773817628E-5,NO
161,140,0.4761920046192065,NO
162,134,7.488659809177118E-5,NO
163,117,0.4166713475172136,NO
164,28,8.64190629890948E-6,NO
165,57,1.2482657654906741E-5,NO
166,60,2.5924822737172753E-5,YES
167,62,4.814395972854056E-5,NO
168,89,7.488659809177118E-5,YES
169,60,2.5924822737172753E-5,NO
170,68,7.488659809177118E-5,YES
171,522,0.5882282972987274,NO
172,43,3.063813803909592E-5,NO
173,247,0.37037684269794097,NO
174,35,1.4042946038448114E-5,NO
175,42,2.9306123157834944E-5,NO
176,57,1.2482657654906741E-5,NO
177,125,8.42458456320469E-5,NO
178,61,2.808510328171646E-5,NO
179,92,0.3846213672667854,NO
180,92,0.3846213672667854,NO
181,80,0.27027864057581213,NO
182,101,3.5475395550511326E-5,NO
183,59,2.6961759728352333E-5,NO
184,84,4.814395972854056E-5,NO
185,81,3.2097003336917746E-5,NO
186,173,1.3477972745273904E-4,NO
187,197,1.6846330659664937E-4,NO
188,54,0.16394185344886436,NO
189,94,0.3333408227783451,NO
190,69,0.4166690071576731,NO
191,69,0.4166690071576731,NO
192,62,4.814395972854056E-5,NO
193,59,2.6961759728352333E-5,NO
194,85,0.16667415627995785,NO
195,106,2.2459251839667516E-4,NO
196,522,0.5882282972987274,YES
197,76,1.49791143942253E-5,NO
198,182,6.731727968949425E-4,NO
199,145,0.2857225394413654,NO
200,128,0.9999326010522619,NO
201,63,5.184695722799432E-5,NO
202,159,1.6846330659664937E-4,NO
203,99,0.48780527903520393,NO
204,73,0.6249894683820508,NO
205,74,2.0425842565920014E-5,NO
206,330,3.368131318854935E-4,NO
207,81,3.2097003336917746E-5,NO
208,66,3.964864054440528E-5,NO
209,245,0.5555513948774159,NO
210,91,4.21264717962634E-5,NO
211,57,1.2482657654906741E-5,NO
212,85,0.16667415627995785,NO
213,94,0.3333408227783451,NO
214,54,0.16394185344886436,NO
215,75,0.2564186765836817,NO
216,137,6.127252152624681E-5,NO
217,133,0.3571497351825258,NO
218,79,1.644044335692401E-5,NO
219,76,1.49791143942253E-5,NO
220,81,3.2097003336917746E-5,NO
221,99,0.48780527903520393,NO
222,115,5.616705164853978E-5,NO
223,180,3.3701745331260395E-5,NO
224,118,0.4761920046192064,NO
225,132,4.493465085757403E-5,NO
226,94,0.3333408227783451,NO
227,88,2.5924822737172753E-5,NO
228,51,3.5475395550511326E-5,NO
229,111,0.3125078990462207,NO
