ID, Size, Predicted, Actual
0,24,7.613823535216059E-4,NO
1,25,7.613823535216059E-4,NO
2,341,0.7853459635118741,YES
3,728,0.9171889875004688,YES
4,24,7.613823535216059E-4,NO
5,218,7.613823535216059E-4,YES
6,206,0.7853459635118741,YES
7,34,7.613823535216059E-4,NO
8,36,0.7853459635118741,YES
9,36,0.0010679662602205492,NO
10,26,7.613823535216059E-4,NO
11,428,0.0010073513032584536,YES
12,462,0.8512602090269948,YES
13,191,0.9982217064154103,YES
14,24,7.613823535216059E-4,NO
15,24,0.0010073513032584536,NO
16,57,7.613823535216059E-4,NO
17,54,7.613823535216059E-4,NO
18,192,0.4873022693139139,NO
19,300,0.7853459635118741,YES
20,250,7.613823535216059E-4,NO
21,627,0.7853459635118741,YES
22,37,0.028340754000067064,NO
23,35,7.613823535216059E-4,NO
24,279,0.7753209837177288,YES
25,274,7.613823535216059E-4,NO
26,398,0.0010073513032584536,NO
27,240,0.0010073513032584536,YES
28,74,0.0010679662602205492,NO
29,69,0.0010679662602205492,NO
30,203,0.4873022693139139,NO
31,229,0.9999999999989347,NO
32,202,0.877196854302847,NO
33,102,0.0010679662602205492,YES
34,144,0.0010679662602205492,YES
35,337,0.0010679662602205492,NO
36,94,0.0010679662602205492,NO
37,382,0.0010679662602205492,YES
38,138,0.0010679662602205492,NO
39,40,7.613823535216059E-4,NO
40,86,7.613823535216059E-4,NO
41,90,7.613823535216059E-4,NO
42,149,7.613823535216059E-4,NO
43,74,7.613823535216059E-4,NO
44,231,0.0010679662602205492,NO
45,221,0.0010073513032584536,NO
46,110,7.613823535216059E-4,NO
47,94,7.613823535216059E-4,NO
48,42,7.613823535216059E-4,NO
49,36,0.7853459635118741,YES
50,304,0.9171889875004688,YES
51,117,1.0,YES
52,65,1.0,YES
53,113,0.0017699800065314303,NO
54,128,0.0010679662602205492,YES
55,105,7.613823535216059E-4,NO
56,28,7.613823535216059E-4,NO
57,287,0.0017699800065314303,YES
58,70,0.0010073513032584536,YES
59,47,0.7853459635118741,YES
60,35,0.7853459635118741,YES
61,40,0.0010679662602205492,NO
62,28,7.613823535216059E-4,NO
63,27,0.0010679662602205492,NO
64,71,0.0010679662602205492,NO
65,80,0.9181638160676258,YES
66,40,0.7853459635118741,YES
67,87,0.0010679662602205492,NO
68,53,0.7853459635118741,YES
69,47,0.7853459635118741,YES
70,85,0.7228041720676609,YES
71,176,7.613823535216059E-4,NO
72,139,7.613823535216059E-4,NO
73,222,0.001230811239924853,NO
74,141,7.613823535216059E-4,NO
75,176,0.7753209837177288,YES
76,139,7.613823535216059E-4,NO
77,192,0.0010073513032584536,NO
78,42,7.613823535216059E-4,NO
79,39,7.613823535216059E-4,YES
80,45,7.613823535216059E-4,NO
81,167,0.0010073513032584536,YES
82,46,7.613823535216059E-4,NO
83,155,0.8749105130124052,YES
84,292,0.0016695871900219053,YES
85,78,7.181557830983291E-4,NO
86,483,8.775200594812265E-4,NO
87,163,0.7228041720676609,YES
88,213,1.0,NO
89,120,0.0010679662602205492,NO
90,844,1.0,NO
