ID, Size, Predicted, Actual
0,28,0.0018226325732379,NO
1,28,0.0018226325732379,NO
2,387,0.007211664999736801,NO
3,1087,0.007211664999736801,YES
4,25,0.0024272274684194674,NO
5,50,0.007211664999736801,NO
6,76,0.003632025450689289,NO
7,38,0.007211664999736801,NO
8,168,0.007211664999736801,NO
9,268,0.007211664999736801,NO
10,374,0.007211664999736801,YES
11,145,0.007211664999736801,NO
12,85,0.0024272274684194674,NO
13,64,0.007211664999736801,NO
14,36,0.0010431339703810866,NO
15,36,0.0010431339703810866,NO
16,36,0.0010431339703810866,NO
17,26,0.0024272274684194674,NO
18,491,0.007211664999736801,NO
19,354,0.007211664999736801,YES
20,196,0.007211664999736801,NO
21,24,0.0024272274684194674,NO
22,27,0.0024272274684194674,NO
23,69,0.003632025450689289,NO
24,56,0.007211664999736801,NO
25,26,0.0024272274684194674,NO
26,187,0.007211664999736801,NO
27,983,0.007211664999736801,NO
28,252,0.007211664999736801,NO
29,620,0.007211664999736801,NO
30,37,0.0024272274684194674,NO
31,35,0.003632025450689289,NO
32,286,0.007211664999736801,NO
33,232,0.007211664999736801,NO
34,203,0.003632025450689289,NO
35,270,0.007211664999736801,NO
36,425,0.007211664999736801,NO
37,244,0.007211664999736801,NO
38,74,0.0018226325732379,NO
39,69,0.003632025450689289,NO
40,228,0.007211664999736801,YES
41,231,0.007211664999736801,NO
42,202,0.003632025450689289,NO
43,99,0.007211664999736801,NO
44,191,0.9085473774045105,NO
45,447,0.007211664999736801,YES
46,95,0.007211664999736801,NO
47,549,0.007211664999736801,NO
48,136,0.007211664999736801,NO
49,40,0.8329273171815958,NO
50,86,0.003632025450689289,NO
51,90,0.003632025450689289,NO
52,79,0.003632025450689289,NO
53,85,0.0024272274684194674,NO
54,59,0.007211664999736801,NO
55,112,0.007211664999736801,NO
56,52,0.007211664999736801,NO
57,157,0.007211664999736801,NO
58,74,0.0018226325732379,NO
59,230,0.007211664999736801,NO
60,206,0.007211664999736801,NO
61,55,0.007211664999736801,NO
62,29,0.007211664999736801,NO
63,111,0.007211664999736801,NO
64,98,0.003632025450689289,NO
65,43,0.003632025450689289,NO
66,54,0.0024272274684194674,NO
67,205,0.007211664999736801,NO
68,121,0.007211664999736801,NO
69,107,0.007211664999736801,NO
70,74,0.0018226325732379,NO
71,76,0.003632025450689289,NO
72,33,0.003632025450689289,NO
73,426,0.9992693489205563,YES
74,146,0.007211664999736801,NO
75,125,0.007211664999736801,NO
76,75,0.007211664999736801,NO
77,47,0.007211664999736801,NO
78,34,0.003632025450689289,NO
79,39,0.9085473774045105,NO
80,36,0.0010431339703810866,NO
81,79,0.003632025450689289,NO
82,28,0.0018226325732379,NO
83,422,0.007211664999736801,NO
84,212,0.007211664999736801,NO
85,88,0.007211664999736801,NO
86,57,0.007211664999736801,NO
87,43,0.003632025450689289,NO
88,27,0.0024272274684194674,NO
89,25,0.0024272274684194674,NO
90,53,0.007211664999736801,NO
91,108,0.007211664999736801,NO
92,102,0.007211664999736801,NO
93,85,0.0024272274684194674,NO
94,54,0.0024272274684194674,NO
95,78,0.003632025450689289,NO
96,98,0.003632025450689289,NO
97,78,0.003632025450689289,NO
98,77,0.007211664999736801,NO
99,97,0.007211664999736801,NO
100,176,0.007211664999736801,NO
101,123,0.007211664999736801,NO
102,51,0.007211664999736801,NO
103,71,0.9085473774045105,NO
104,94,0.007211664999736801,NO
