ID, Size, Predicted, Actual
0,50,3.526610439860665E-5,NO
1,79,3.4050114647958005E-5,NO
2,67,0.9090174703331716,NO
3,45,0.6666447246540882,NO
4,28,1.7025637048872462E-5,NO
5,28,1.7025637048872462E-5,NO
6,459,9.855740259105095E-4,YES
7,1472,0.8332784801072722,YES
8,25,3.085811341014309E-5,NO
9,39,0.4255350440713235,NO
10,47,0.5882250442298327,NO
11,184,9.855740259105095E-4,NO
12,30,0.47619271525557366,NO
13,220,0.9999012674425697,YES
14,50,3.526610439860665E-5,NO
15,82,8.227983909169476E-5,NO
16,41,0.555549460418322,NO
17,245,1.6453260275123006E-4,YES
18,227,0.6249845718954595,NO
19,363,1.6453260275123006E-4,NO
20,407,3.289569572137331E-4,NO
21,145,0.38462414892513935,NO
22,49,1.4103457515411949E-4,NO
23,85,0.21277802713224872,NO
24,64,6.171241816268926E-5,NO
25,42,6.582603773567297E-5,NO
26,36,0.3448328700252907,NO
27,37,4.702036704802677E-5,NO
28,83,1.4103457515411949E-4,NO
29,32,8.227983909169476E-5,NO
30,26,5.80826976147338E-5,NO
31,895,9.855740259105095E-4,YES
32,376,9.855740259105095E-4,YES
33,213,4.932731701794622E-4,YES
34,24,3.4050114647958005E-5,NO
35,24,3.4050114647958005E-5,NO
36,27,4.488326949382609E-5,NO
37,260,0.9999012674425697,YES
38,30,0.47619271525557366,NO
39,428,0.6249845718954595,NO
40,979,9.855740259105095E-4,NO
41,123,8.227983909169476E-5,NO
42,562,1.6453260275123006E-4,NO
43,205,9.873255743045831E-5,NO
44,37,4.702036704802677E-5,NO
45,35,3.085811341014309E-5,NO
46,283,9.855740259105095E-4,NO
47,316,1.6453260275123006E-4,NO
48,204,1.6453260275123006E-4,NO
49,133,1.0970043469951609E-4,NO
50,285,0.6249845718954594,NO
51,336,1.6453260275123006E-4,NO
52,701,9.855740259105095E-4,NO
53,301,0.9090174703331716,NO
54,76,2.9923075026177702E-5,NO
55,69,0.3333443050618478,NO
56,266,1.2340960451514025E-4,NO
57,253,3.289569572137331E-4,NO
58,217,1.6453260275123006E-4,NO
59,100,0.9999012674425697,NO
60,191,0.47619271525557366,NO
61,476,1.6453260275123006E-4,NO
62,95,0.4166735238841351,NO
63,551,0.8332784801072722,NO
64,136,8.975848167940706E-5,NO
65,33,8.975848167940706E-5,NO
66,474,9.855740259105095E-4,YES
67,140,1.4103457515411949E-4,YES
68,111,5.80826976147338E-5,YES
69,34,7.052723435559389E-5,NO
70,39,0.4255350440713235,NO
71,36,0.3448328700252907,NO
72,271,9.855740259105095E-4,YES
73,75,0.37037985204170837,NO
74,57,2.904303570522756E-5,NO
75,124,1.0970043469951609E-4,NO
76,59,6.171241816268926E-5,NO
77,32,8.227983909169476E-5,NO
78,25,3.085811341014309E-5,NO
79,53,0.33334430506184787,NO
80,53,0.33334430506184787,NO
81,88,5.80826976147338E-5,YES
82,107,0.4999999999999999,NO
83,133,1.0970043469951609E-4,NO
84,169,1.2340960451514025E-4,NO
85,94,0.5882250442298327,NO
86,35,3.085811341014309E-5,NO
87,685,9.855740259105095E-4,NO
88,162,2.467583043407814E-4,NO
89,39,0.4255350440713235,NO
90,79,3.4050114647958005E-5,NO
91,85,0.21277802713224872,NO
92,110,1.0970043469951609E-4,NO
93,111,5.80826976147338E-5,NO
94,53,0.33334430506184787,NO
95,52,7.59515821283269E-5,NO
96,159,2.467583043407814E-4,NO
97,524,0.7691898722250079,YES
98,183,1.0970043469951609E-4,NO
99,215,1.2340960451514025E-4,NO
100,76,2.9923075026177702E-5,NO
101,563,9.855740259105095E-4,NO
102,257,1.6453260275123006E-4,NO
103,55,0.21277802713224864,NO
104,102,0.5263130542439515,NO
105,403,0.6249845718954594,NO
106,35,3.085811341014309E-5,NO
107,145,0.38462414892513935,NO
108,119,1.2340960451514025E-4,NO
109,108,0.6666447246540882,NO
110,91,1.2340960451514025E-4,NO
111,69,0.3333443050618478,NO
112,80,0.3448381534838561,NO
113,63,1.2340960451514025E-4,NO
114,160,3.289569572137331E-4,NO
115,102,0.5263130542439515,NO
116,54,0.20834533395764818,NO
117,267,1.2340960451514025E-4,NO
118,55,0.21277802713224864,NO
119,46,9.873255743045831E-5,NO
120,226,1.2340960451514025E-4,NO
121,54,0.20834533395764818,NO
122,270,0.4545495348426811,NO
123,74,3.797867560466274E-5,NO
124,359,1.2340960451514025E-4,NO
125,78,3.526610439860665E-5,NO
126,180,8.227983909169476E-5,NO
127,57,2.904303570522756E-5,NO
128,50,3.526610439860665E-5,NO
129,243,0.555549460418322,NO
130,254,1.6453260275123006E-4,NO
131,306,1.2340960451514025E-4,NO
132,139,9.873255743045831E-5,NO
133,372,9.855740259105095E-4,NO
134,75,0.37037985204170837,NO
135,222,9.873255743045831E-5,NO
136,61,6.171241816268926E-5,NO
137,98,0.33334430506184803,NO
138,28,1.7025637048872462E-5,NO
139,55,0.21277802713224864,NO
140,194,1.4103457515411949E-4,NO
141,28,1.7025637048872462E-5,NO
142,50,3.526610439860665E-5,NO
143,55,0.21277802713224864,NO
144,124,1.0970043469951609E-4,NO
145,87,1.0970043469951609E-4,NO
146,65,1.974261300874623E-4,NO
147,140,1.4103457515411949E-4,NO
148,134,2.467583043407814E-4,NO
149,117,0.5,NO
150,28,1.7025637048872462E-5,NO
151,57,2.904303570522756E-5,NO
152,60,5.485623510259478E-5,NO
153,62,1.2340960451514025E-4,NO
154,89,1.974261300874623E-4,NO
155,60,5.485623510259478E-5,NO
156,68,1.974261300874623E-4,NO
157,522,0.7691898722250079,NO
158,43,5.485623510259478E-5,NO
159,247,0.43478820852050676,NO
160,35,3.085811341014309E-5,NO
161,42,6.582603773567297E-5,NO
162,57,2.904303570522756E-5,NO
163,125,2.467583043407814E-4,NO
164,61,6.171241816268926E-5,NO
165,92,0.555549460418322,NO
166,92,0.555549460418322,NO
167,80,0.3448381534838561,NO
168,101,8.227983909169476E-5,NO
169,59,6.171241816268926E-5,NO
170,84,9.873255743045831E-5,NO
171,81,1.0970043469951609E-4,NO
172,173,0.7142554883281333,NO
173,151,4.932731701794622E-4,NO
174,78,3.526610439860665E-5,YES
175,72,2.467583043407814E-4,NO
176,73,0.8332784801072723,NO
177,324,9.855740259105095E-4,YES
178,81,1.0970043469951609E-4,NO
179,66,7.59515821283269E-5,NO
180,239,0.9999012674425697,YES
181,91,1.2340960451514025E-4,NO
182,57,2.904303570522756E-5,NO
183,85,0.21277802713224872,NO
184,94,0.5882250442298327,NO
185,54,0.20834533395764818,NO
186,75,0.37037985204170837,NO
187,137,1.4103457515411949E-4,NO
188,133,1.0970043469951609E-4,NO
189,79,3.4050114647958005E-5,NO
190,76,2.9923075026177702E-5,NO
191,81,1.0970043469951609E-4,NO
192,99,0.5714245409597845,NO
193,115,1.4103457515411949E-4,NO
194,180,8.227983909169476E-5,NO
195,118,0.5882250442298328,NO
196,132,8.975848167940706E-5,NO
197,94,0.5882250442298327,NO
198,88,5.80826976147338E-5,NO
199,51,6.582603773567297E-5,NO
200,111,5.80826976147338E-5,NO
