ID, Size, Predicted, Actual
0,45,0.0,YES
1,79,0.0,YES
2,67,0.0,NO
3,45,0.0,YES
4,28,0.0,NO
5,28,0.0,NO
6,564,0.3965000000000001,YES
7,1492,0.17583333333333337,NO
8,174,0.0,NO
9,25,0.0,NO
10,39,0.029168508077004145,NO
11,47,0.10360813206401444,NO
12,184,0.0,NO
13,30,0.0,NO
14,221,0.0,NO
15,50,0.0,NO
16,101,0.0,NO
17,41,0.0,NO
18,250,0.0,NO
19,227,0.0,NO
20,363,0.0,NO
21,408,0.0893611111111111,NO
22,145,0.04172681666318494,NO
23,49,0.0,NO
24,85,0.021489168358870107,NO
25,64,0.0,NO
26,42,0.0,NO
27,36,0.0,NO
28,37,0.0,NO
29,83,0.0,NO
30,32,0.0,NO
31,26,0.0,NO
32,883,1.0,YES
33,429,0.13,NO
34,213,0.15,YES
35,24,0.0,NO
36,24,0.0,NO
37,27,0.0,NO
38,259,0.027952380952380954,NO
39,30,0.0,NO
40,428,0.0,YES
41,981,0.0,YES
42,126,0.0,NO
43,562,0.0,NO
44,226,0.0,NO
45,37,0.0,NO
46,35,0.0,NO
47,283,0.0,NO
48,316,0.0,NO
49,204,0.0,NO
50,133,0.05484570005905314,NO
51,298,0.0,NO
52,336,0.0,NO
53,701,0.24058730158730157,NO
54,301,0.0,NO
55,76,0.0,NO
56,69,0.07251383881302009,NO
57,266,0.0,NO
58,253,0.0,NO
59,217,0.0,NO
60,100,0.0,NO
61,191,0.058848234711624814,NO
62,476,0.24,NO
63,95,0.05321061658986194,NO
64,551,0.005,NO
65,136,0.0,NO
66,33,0.0,NO
67,551,0.99,YES
68,168,0.08,NO
69,113,0.05,NO
70,34,0.0,NO
71,39,0.029168508077004145,NO
72,36,0.0,NO
73,291,1.0,YES
74,75,0.03682504571795899,NO
75,57,0.0,NO
76,124,0.0,NO
77,59,0.0,NO
78,32,0.0,NO
79,25,0.0,NO
80,53,0.99,YES
81,53,0.0,NO
82,88,0.0,YES
83,107,0.0,NO
84,134,0.0,NO
85,169,0.0,NO
86,94,0.0,NO
87,35,0.0,NO
88,695,0.08283333333333334,NO
89,162,0.0,NO
90,39,0.029168508077004145,NO
91,79,0.0,NO
92,85,0.021489168358870107,NO
93,110,0.0,NO
94,133,0.05484570005905314,NO
95,53,0.0,NO
96,52,0.0,NO
97,217,0.18,NO
98,555,0.97,YES
99,202,1.0,YES
100,215,0.08349672992126554,NO
101,76,0.0,NO
102,563,0.0,YES
103,257,0.0,NO
104,55,0.0,NO
105,102,0.0,NO
106,403,0.08902708810797047,NO
107,35,0.0,NO
108,145,0.04172681666318494,YES
109,119,0.0,NO
110,108,0.09573171681259918,NO
111,91,0.0,YES
112,69,0.07251383881302009,NO
113,80,0.0385022343137629,NO
114,63,0.0,NO
115,160,0.0,YES
116,102,0.0,YES
117,54,0.0,NO
118,267,0.0,NO
119,55,0.0,NO
120,46,0.0,NO
121,226,0.0,NO
122,54,0.0,NO
123,270,0.0,NO
124,74,0.0,NO
125,359,0.0,NO
126,78,0.03910298053813247,NO
127,180,0.0,NO
128,57,0.0,NO
129,50,0.0,NO
130,243,0.0,NO
131,254,0.0,NO
132,306,0.0,NO
133,139,0.0,NO
134,372,0.0075,NO
135,75,0.03682504571795899,NO
136,222,0.0,NO
137,572,0.14716666666666667,NO
138,38,0.0,NO
139,348,0.15650000000000003,NO
140,124,0.0,NO
141,62,0.0,NO
142,53,0.01,NO
143,158,0.0,NO
144,778,0.087,YES
145,203,0.07333333333333333,NO
146,115,0.0,NO
147,53,0.01,NO
148,88,0.0,NO
149,61,0.0,NO
150,98,0.05173739900459511,NO
151,28,0.0,NO
152,55,0.0,NO
153,195,0.0,NO
154,28,0.0,NO
155,50,0.0,NO
156,55,0.0,NO
157,546,0.0,NO
158,130,0.16293589743589743,NO
159,87,0.0,NO
160,65,0.0,NO
161,140,0.10224306249306249,NO
162,134,0.0,NO
163,117,0.08692547197384662,NO
164,28,0.0,NO
165,57,0.0,NO
166,60,0.0,YES
167,62,0.0,NO
168,88,0.96,YES
169,60,0.0,NO
170,67,0.96,YES
171,522,0.13330871905871902,YES
172,43,0.0,NO
173,247,0.057418910005580505,NO
174,35,0.0,NO
175,42,0.0,NO
176,57,0.0,NO
177,125,0.0,NO
178,61,0.0,NO
179,92,0.0,NO
180,92,0.0,NO
181,80,0.0385022343137629,NO
182,101,0.0,NO
183,59,0.0,NO
184,84,0.0,NO
185,81,0.0,NO
186,173,0.0,NO
187,197,0.0,NO
188,54,0.0,NO
189,94,0.0,NO
190,69,0.07251383881302009,NO
191,69,0.07251383881302009,NO
192,62,0.0,NO
193,59,0.0,NO
194,85,0.021489168358870107,NO
195,106,0.0,NO
196,522,0.13330871905871902,YES
197,76,0.0,NO
198,182,0.0,NO
199,145,0.04172681666318494,NO
200,128,0.05162698412698415,NO
201,63,0.0,NO
202,159,0.0,NO
203,99,0.048584393896657946,NO
204,73,0.0,NO
205,74,0.0,NO
206,330,0.0,NO
207,81,0.0,NO
208,66,0.0,NO
209,245,0.111846401964049,NO
210,91,0.0,NO
211,57,0.0,NO
212,85,0.021489168358870107,NO
213,94,0.0,NO
214,54,0.0,NO
215,75,0.03682504571795899,NO
216,137,0.0,NO
217,133,0.05484570005905314,NO
218,79,0.0,NO
219,76,0.0,NO
220,81,0.0,NO
221,102,0.01,NO
222,115,0.0,NO
223,180,0.0,NO
224,118,0.0,NO
225,132,0.0,NO
226,94,0.0,NO
227,88,0.0,NO
228,51,0.0,NO
229,67,0.0,NO
230,115,0.0,NO
231,179,0.0,NO
232,83,0.0,NO
233,111,0.04584822246374888,NO
234,218,0.01,NO
235,173,0.0,NO
236,166,0.02,NO
237,104,0.0,NO
238,114,0.0,NO
239,51,0.0,NO
240,45,0.0,NO
241,49,0.0,NO
242,41,0.0,NO
243,44,0.0,NO
244,96,0.0,NO
245,31,0.20269047619047617,NO
246,150,0.04,NO
247,171,0.0,NO
248,122,0.0,NO
249,120,0.0,NO
250,150,0.01,NO
251,39,0.0,NO
252,76,0.0,NO
253,30,0.2630238095238095,NO
254,340,0.0,NO
255,46,0.0,NO
256,48,0.0,NO
257,145,0.0,NO
258,31,0.20269047619047617,NO
259,34,0.0,NO
260,296,0.01,NO
261,45,0.0,NO
262,28,0.0,NO
263,34,0.0,NO
