ID, Size, Predicted, Actual
0,45,0.0,YES
1,79,0.0,YES
2,67,0.0,NO
3,45,0.0,YES
4,28,0.0,NO
5,28,0.0,NO
6,564,1.0,YES
7,1492,0.97,YES
8,174,0.08,NO
9,25,0.0,NO
10,39,0.27062835382275746,NO
11,47,0.6117237207237208,NO
12,184,0.0,NO
13,30,0.0,NO
14,221,0.0,NO
15,50,0.0,NO
16,101,0.0,NO
17,41,0.0,NO
18,250,0.0,NO
19,227,0.0,NO
20,363,0.0,NO
21,408,1.0,YES
22,145,0.3197705546384796,NO
23,49,0.0,NO
24,85,0.2165786070852939,NO
25,64,0.0,NO
26,42,0.0,NO
27,36,0.0,NO
28,37,0.0,NO
29,83,0.0,NO
30,32,0.0,NO
31,26,0.0,NO
32,883,1.0,YES
33,421,0.98,YES
34,213,0.0696031746031746,YES
35,24,0.0,NO
36,24,0.0,NO
37,27,0.0,NO
38,259,0.5468531746031746,NO
39,30,0.0,NO
40,428,0.0,NO
41,981,0.97,YES
42,126,0.99,YES
43,562,0.0,NO
44,226,1.0,YES
45,37,0.0,NO
46,35,0.0,NO
47,283,0.08358946608946609,NO
48,316,0.05,NO
49,204,0.0,NO
50,133,0.39105247891083794,NO
51,298,0.97,YES
52,336,0.0,NO
53,701,0.98,YES
54,301,0.0,NO
55,76,0.0,NO
56,69,1.0,YES
57,266,0.0,NO
58,253,0.0,NO
59,217,0.006666666666666665,NO
60,100,0.0,NO
61,191,0.4570432640115304,NO
62,476,0.03,NO
63,95,0.3930374746456486,NO
64,551,0.1924837662337662,NO
65,136,0.0,NO
66,33,0.0,NO
67,496,1.0,YES
68,156,1.0,YES
69,113,0.53,NO
70,34,0.0,NO
71,39,0.27062835382275746,NO
72,36,0.0,NO
73,288,0.99,YES
74,75,0.300362709595261,NO
75,57,0.0,NO
76,124,0.0,NO
77,59,0.0,NO
78,32,0.0,NO
79,25,0.0,NO
80,53,0.0,YES
81,53,0.0,NO
82,88,0.0,YES
83,107,0.02238095238095238,NO
84,134,0.02,NO
85,169,0.00857142857142857,NO
86,94,0.0,NO
87,35,0.0,NO
88,695,0.99,YES
89,162,0.0,NO
90,39,0.27062835382275746,NO
91,79,0.0,NO
92,85,0.2165786070852939,NO
93,110,0.0,NO
94,122,0.0,YES
95,53,0.0,NO
96,52,0.0,NO
97,177,0.0,YES
98,533,1.0,NO
99,183,0.0,YES
100,215,0.5652054334554334,NO
101,76,0.0,NO
102,563,0.0,YES
103,257,0.03,NO
104,55,0.0,NO
105,102,0.0,NO
106,403,0.537841255966256,NO
107,35,0.0,NO
108,145,0.3197705546384796,YES
109,119,0.0,NO
110,108,0.5661254725666491,NO
111,91,0.0,YES
112,69,0.3101613165030783,NO
113,80,0.33103686528183424,NO
114,63,0.0,NO
115,160,0.0,YES
116,102,0.0,YES
117,54,0.0,NO
118,267,0.0,NO
119,55,0.0,NO
120,46,0.0,NO
121,226,0.0,NO
122,54,0.0,NO
123,270,0.01,NO
124,74,0.0,NO
125,359,0.0,NO
126,78,0.31027185179278327,NO
127,180,0.0,NO
128,57,0.0,NO
129,50,0.0,NO
130,243,0.0,NO
131,254,0.0,NO
132,306,0.0,NO
133,139,0.008888888888888889,NO
134,372,0.23837698412698416,NO
135,75,0.300362709595261,NO
136,222,0.0,NO
137,572,0.23,NO
138,38,0.17,NO
139,348,0.33,NO
140,121,0.1,NO
141,62,0.36,NO
142,52,0.25,NO
143,158,0.46,NO
144,778,0.25,NO
145,199,0.7,NO
146,115,0.18,NO
147,52,0.25,NO
148,88,0.04,NO
149,61,0.0,NO
150,98,0.3387001604675517,NO
151,28,0.0,NO
152,55,0.0,NO
153,195,0.0,NO
154,28,0.0,NO
155,50,0.0,NO
156,55,0.0,NO
157,542,1.0,NO
158,130,0.771960816960817,NO
159,87,0.0,NO
160,65,0.0,NO
161,140,0.6120497835497836,NO
162,134,0.012986111111111111,NO
163,117,0.5196930855092622,NO
164,28,0.0,NO
165,57,0.0,NO
166,60,0.0,YES
167,62,0.0,NO
168,89,0.0,NO
169,60,0.0,NO
170,68,0.006828703703703705,NO
171,522,0.6758325563325565,NO
172,43,0.0,NO
173,247,0.42751859415094695,NO
174,35,0.0,NO
175,42,0.0,NO
176,57,0.0,NO
177,125,0.0,NO
178,61,0.0,NO
179,92,0.0,NO
180,92,0.0,NO
181,80,0.33103686528183424,NO
182,101,0.0,NO
183,59,0.0,NO
184,84,0.0031578947368421056,NO
185,81,0.0,NO
186,173,0.2236190476190476,NO
187,193,0.65,NO
188,54,0.29,NO
189,94,0.07,NO
190,69,0.5,NO
191,69,0.5,NO
192,62,0.36,NO
193,59,0.35,NO
194,85,0.01,NO
195,106,0.73,NO
196,65,0.44,NO
197,182,0.54,NO
198,145,0.71,NO
199,128,0.97,YES
200,63,0.38,NO
201,159,0.028999999999999998,NO
202,99,0.3978399243085775,NO
203,73,0.0,NO
204,74,0.0,NO
205,330,0.01,NO
206,81,0.0,NO
207,66,0.0,NO
208,245,0.5956461316461316,NO
209,91,0.0,NO
210,57,0.0,NO
211,85,0.2165786070852939,NO
212,94,0.0,NO
213,54,0.0,NO
214,75,0.300362709595261,NO
215,137,0.0,NO
216,133,0.39105247891083794,NO
217,79,0.0,NO
218,76,0.0,NO
219,81,0.0,NO
220,99,0.3978399243085775,NO
221,115,0.02,NO
222,180,0.0,NO
223,118,0.0,NO
224,132,0.0075,NO
225,94,0.0,NO
226,88,0.0,NO
227,51,0.0,NO
228,111,0.41252306731795896,NO
