ID, Size, Predicted, Actual
0,45,2.8398602788742794E-5,YES
1,79,9.188136278437283E-6,YES
2,67,7.808839606434484E-5,NO
3,45,2.8398602788742794E-5,YES
4,28,4.662678522303923E-6,NO
5,28,4.662678522303923E-6,NO
6,564,0.5,YES
7,1492,3.1220730565095225E-4,NO
8,174,3.1220730565095225E-4,NO
9,25,9.466559378993706E-6,NO
10,39,0.029420412363556178,NO
11,47,0.10002499062851432,NO
12,184,6.247266820765915E-5,NO
13,30,1.7355085039916697E-5,NO
14,221,1.0411244143675169E-4,NO
15,50,8.220979940808945E-6,NO
16,101,2.082595747339484E-5,NO
17,41,3.123828564288392E-5,NO
18,250,6.247266820765915E-5,NO
19,227,3.123828564288392E-5,NO
20,363,3.4708965325743644E-5,NO
21,408,3.1220730565095225E-4,NO
22,145,0.04001149612005948,NO
23,49,3.123828564288392E-5,NO
24,85,0.022228855859545843,NO
25,64,1.8375934875686802E-5,NO
26,42,1.7355085039916697E-5,NO
27,36,7.809937364302339E-6,NO
28,37,1.2015187196616523E-5,NO
29,83,3.4708965325743644E-5,NO
30,32,1.7355085039916697E-5,NO
31,26,1.6441689548017956E-5,NO
32,883,0.999687792694349,YES
33,429,3.1220730565095225E-4,NO
34,213,3.1220730565095225E-4,YES
35,24,1.1156978690170702E-5,NO
36,24,1.1156978690170702E-5,NO
37,27,1.3582342954159593E-5,NO
38,259,1.0411244143675169E-4,NO
39,30,1.7355085039916697E-5,NO
40,428,3.123828564288392E-5,YES
41,981,3.1220730565095225E-4,YES
42,126,3.1220730565095225E-4,NO
43,562,3.123828564288392E-5,NO
44,226,2.6032175769250796E-5,NO
45,37,1.2015187196616523E-5,NO
46,35,7.438041117491298E-6,NO
47,283,6.247266820765915E-5,NO
48,316,3.123828564288392E-5,NO
49,204,3.123828564288392E-5,NO
50,133,0.05264628993275349,NO
51,298,3.1220730565095225E-4,NO
52,336,3.123828564288392E-5,NO
53,701,0.2500390441980322,NO
54,301,6.247266820765915E-5,NO
55,76,7.619453989927082E-6,NO
56,69,0.071438134553163,NO
57,266,2.8398602788742794E-5,NO
58,253,5.2061640982923784E-5,NO
59,217,3.123828564288392E-5,NO
60,100,6.247266820765915E-5,NO
61,191,0.0625170838377133,NO
62,476,0.999687792694349,NO
63,95,0.05264628993275349,NO
64,551,6.247266820765915E-5,NO
65,136,2.082595747339484E-5,NO
66,33,2.2313459478757588E-5,NO
67,551,0.999687792694349,YES
68,168,3.1220730565095225E-4,NO
69,113,1.0411244143675169E-4,NO
70,34,1.952438595806162E-5,NO
71,39,0.029420412363556178,NO
72,36,7.809937364302339E-6,NO
73,291,0.999687792694349,YES
74,75,0.037047750176445404,NO
75,57,6.247969409941769E-6,NO
76,124,2.8398602788742794E-5,NO
77,59,1.4199704646143361E-5,NO
78,32,1.7355085039916697E-5,NO
79,25,9.466559378993706E-6,NO
80,53,0.999687792694349,YES
81,53,9.762383583575767E-6,NO
82,88,1.3016426730533934E-5,YES
83,107,2.4029796948215787E-5,NO
84,134,3.4708965325743644E-5,NO
85,169,2.8398602788742794E-5,NO
86,94,1.6441689548017956E-5,NO
87,35,7.438041117491298E-6,NO
88,695,3.1220730565095225E-4,NO
89,162,3.904724716907458E-5,NO
90,39,0.029420412363556178,NO
91,79,9.188136278437283E-6,NO
92,85,0.022228855859545843,NO
93,110,3.123828564288392E-5,NO
94,133,0.05264628993275349,NO
95,53,9.762383583575767E-6,NO
96,52,1.8375934875686802E-5,NO
97,217,3.1220730565095225E-4,NO
98,555,0.999687792694349,YES
99,202,0.999687792694349,YES
100,215,0.09093232612955443,NO
101,76,7.619453989927082E-6,NO
102,563,6.247266820765915E-5,YES
103,257,4.462492748449284E-5,NO
104,55,6.508298080052067E-6,NO
105,102,1.8375934875686802E-5,NO
106,403,0.09093232612955443,NO
107,35,7.438041117491298E-6,NO
108,145,0.04001149612005948,YES
109,119,2.8398602788742794E-5,NO
110,108,0.09093232612955443,NO
111,91,2.082595747339484E-5,YES
112,69,0.071438134553163,NO
113,80,0.041678598391169656,NO
114,63,2.6032175769250796E-5,NO
115,160,3.904724716907458E-5,YES
116,102,1.8375934875686802E-5,YES
117,54,7.099953140309274E-6,NO
118,267,2.8398602788742794E-5,NO
119,55,6.508298080052067E-6,NO
120,46,2.6032175769250796E-5,NO
121,226,2.6032175769250796E-5,NO
122,54,7.099953140309274E-6,NO
123,270,2.2313459478757588E-5,NO
124,74,1.157019056103854E-5,NO
125,359,2.8398602788742794E-5,NO
126,78,0.041678598391169656,NO
127,180,1.5619630751929024E-5,NO
128,57,6.247969409941769E-6,NO
129,50,8.220979940808945E-6,NO
130,243,2.8398602788742794E-5,NO
131,254,3.123828564288392E-5,NO
132,306,2.8398602788742794E-5,NO
133,139,2.8398602788742794E-5,NO
134,372,6.247266820765915E-5,NO
135,75,0.037047750176445404,NO
136,222,2.8398602788742794E-5,NO
137,572,3.1220730565095225E-4,NO
138,38,5.2061640982923784E-5,NO
139,348,3.1220730565095225E-4,NO
140,124,3.1220730565095225E-4,NO
141,62,2.6032175769250796E-5,NO
142,53,3.1220730565095225E-4,NO
143,158,3.1220730565095225E-4,NO
144,778,3.1220730565095225E-4,YES
145,203,3.1220730565095225E-4,NO
146,115,3.123828564288392E-5,NO
147,53,3.1220730565095225E-4,NO
148,88,1.3016426730533934E-5,NO
149,61,1.4875860940451928E-5,NO
150,98,0.04349066213921902,NO
151,28,4.662678522303923E-6,NO
152,55,6.508298080052067E-6,NO
153,195,7.808839606434484E-5,NO
154,28,4.662678522303923E-6,NO
155,50,8.220979940808945E-6,NO
156,55,6.508298080052067E-6,NO
157,546,6.247266820765915E-5,NO
158,130,0.16670137442732194,NO
159,87,2.8398602788742794E-5,NO
160,65,3.4708965325743644E-5,NO
161,140,0.10002499062851432,NO
162,134,3.4708965325743644E-5,NO
163,117,0.07694340982818695,NO
164,28,4.662678522303923E-6,NO
165,57,6.247969409941769E-6,NO
166,60,1.3016426730533934E-5,YES
167,62,2.6032175769250796E-5,NO
168,88,0.999687792694349,YES
169,60,1.3016426730533934E-5,NO
170,67,0.999687792694349,YES
171,522,0.1250292854353768,YES
172,43,1.6441689548017956E-5,NO
173,247,0.0625170838377133,NO
174,35,7.438041117491298E-6,NO
175,42,1.7355085039916697E-5,NO
176,57,6.247969409941769E-6,NO
177,125,3.904724716907458E-5,NO
178,61,1.4875860940451928E-5,NO
179,92,2.2313459478757588E-5,NO
180,92,2.2313459478757588E-5,NO
181,80,0.041678598391169656,NO
182,101,2.082595747339484E-5,NO
183,59,1.4199704646143361E-5,NO
184,84,2.8398602788742794E-5,NO
185,81,1.5619630751929024E-5,NO
186,173,6.247266820765915E-5,NO
187,197,1.0411244143675169E-4,NO
188,54,7.099953140309274E-6,NO
189,94,1.6441689548017956E-5,NO
190,69,0.071438134553163,NO
191,69,0.071438134553163,NO
192,62,2.6032175769250796E-5,NO
193,59,1.4199704646143361E-5,NO
194,85,0.022228855859545843,NO
195,106,3.1220730565095225E-4,NO
196,522,0.1250292854353768,YES
197,76,7.619453989927082E-6,NO
198,182,3.1220730565095225E-4,NO
199,145,0.04001149612005948,NO
200,128,3.1220730565095225E-4,NO
201,63,2.6032175769250796E-5,NO
202,159,7.808839606434484E-5,NO
203,99,0.05264628993275349,NO
204,73,6.247266820765915E-5,NO
205,74,1.157019056103854E-5,NO
206,330,1.0411244143675169E-4,NO
207,81,1.5619630751929024E-5,NO
208,66,2.6032175769250796E-5,NO
209,245,0.11113810697303114,NO
210,91,2.082595747339484E-5,NO
211,57,6.247969409941769E-6,NO
212,85,0.022228855859545843,NO
213,94,1.6441689548017956E-5,NO
214,54,7.099953140309274E-6,NO
215,75,0.037047750176445404,NO
216,137,3.123828564288392E-5,NO
217,133,0.05264628993275349,NO
218,79,9.188136278437283E-6,NO
219,76,7.619453989927082E-6,NO
220,81,1.5619630751929024E-5,NO
221,102,3.1220730565095225E-4,NO
222,115,3.123828564288392E-5,NO
223,180,1.5619630751929024E-5,NO
224,118,3.123828564288392E-5,NO
225,132,2.8398602788742794E-5,NO
226,94,1.6441689548017956E-5,NO
227,88,1.3016426730533934E-5,NO
228,51,1.952438595806162E-5,NO
229,67,3.1220730565095225E-4,NO
230,115,3.1220730565095225E-4,NO
231,179,3.1220730565095225E-4,NO
232,83,1.561524047470331E-4,NO
233,111,0.05557098229781326,NO
234,218,3.1220730565095225E-4,NO
235,173,3.1220730565095225E-4,NO
236,166,1.561524047470331E-4,NO
237,104,3.1220730565095225E-4,NO
238,114,3.1220730565095225E-4,NO
239,51,1.561524047470331E-4,NO
240,45,3.1220730565095225E-4,NO
241,49,1.561524047470331E-4,NO
242,41,3.1220730565095225E-4,NO
243,44,3.1220730565095225E-4,NO
244,96,3.1220730565095225E-4,NO
245,31,0.33336803748047894,NO
246,150,3.1220730565095225E-4,NO
247,171,3.1220730565095225E-4,NO
248,122,3.1220730565095225E-4,NO
249,120,3.1220730565095225E-4,NO
250,150,3.1220730565095225E-4,NO
251,39,4.462492748449284E-5,NO
252,76,1.0411244143675169E-4,NO
253,30,0.33336803748047894,NO
254,340,3.1220730565095225E-4,NO
255,46,1.561524047470331E-4,NO
256,48,1.561524047470331E-4,NO
257,145,3.1220730565095225E-4,NO
258,31,0.33336803748047894,NO
259,34,1.561524047470331E-4,NO
260,296,3.1220730565095225E-4,NO
261,45,3.1220730565095225E-4,NO
262,28,6.247266820765915E-5,NO
263,34,1.561524047470331E-4,NO
