ID, Size, Predicted, Actual
0,40,0.5882172307113471,NO
1,28,7.909950481443801E-5,NO
2,28,7.909950481443801E-5,NO
3,449,5.79482436171714E-4,YES
4,1470,0.0017344270285157566,NO
5,25,1.1600404292298083E-4,NO
6,39,0.588217230711347,NO
7,50,1.739858813188268E-4,NO
8,82,8.687202461329901E-4,NO
9,41,0.0017344270285157566,NO
10,245,0.0017344270285157566,NO
11,227,0.0017344270285157566,NO
12,363,0.999826014118681,NO
13,407,0.999826014118681,YES
14,145,0.6666279986523589,NO
15,49,0.0017344270285157566,NO
16,85,9.667377395202504E-5,NO
17,64,2.4851419791682846E-4,NO
18,36,7.909950481443801E-5,NO
19,37,2.174634338649357E-4,NO
20,83,0.0017344270285157566,NO
21,32,8.687202461329901E-4,NO
22,26,1.739858813188268E-4,NO
23,686,0.0017344270285157566,YES
24,398,0.0017344270285157566,NO
25,206,8.687202461329901E-4,YES
26,24,1.739858813188268E-4,NO
27,24,1.739858813188268E-4,NO
28,27,1.338460413166942E-4,NO
29,30,8.687202461329901E-4,NO
30,428,0.0017344270285157566,NO
31,972,0.0017344270285157566,NO
32,123,2.899092153842565E-4,NO
33,562,0.0017344270285157566,NO
34,205,4.347377885851981E-4,NO
35,37,2.174634338649357E-4,NO
36,35,1.739858813188268E-4,NO
37,276,0.0017344270285157566,NO
38,316,0.0017344270285157566,NO
39,204,0.0017344270285157566,NO
40,133,0.0017344270285157566,NO
41,285,8.687202461329901E-4,NO
42,336,0.0017344270285157566,NO
43,464,0.9089614940109136,NO
44,294,8.687202461329901E-4,NO
45,76,1.2428798628763717E-4,NO
46,69,0.5263109691256531,NO
47,266,8.687202461329901E-4,NO
48,247,0.7691586982854448,NO
49,217,0.0017344270285157566,NO
50,99,2.174634338649357E-4,NO
51,191,0.6249728111581877,NO
52,476,0.0017344270285157566,NO
53,95,2.4851419791682846E-4,NO
54,550,3.4785072040933795E-4,NO
55,136,2.899092153842565E-4,NO
56,33,3.4785072040933795E-4,NO
57,483,0.999826014118681,YES
58,140,0.0017344270285157566,NO
59,111,5.79482436171714E-4,NO
60,34,2.4851419791682846E-4,NO
61,39,0.588217230711347,NO
62,36,7.909950481443801E-5,NO
63,210,0.999826014118681,YES
64,111,0.0017344270285157566,NO
65,57,1.933101718563368E-4,NO
66,43,1.933101718563368E-4,NO
67,27,1.338460413166942E-4,NO
68,25,1.1600404292298083E-4,NO
69,53,2.4851419791682846E-4,NO
70,88,3.4785072040933795E-4,YES
71,107,4.347377885851981E-4,NO
72,132,5.79482436171714E-4,NO
73,169,8.687202461329901E-4,NO
74,80,4.347377885851981E-4,NO
75,29,4.347377885851981E-4,NO
76,430,8.687202461329901E-4,NO
77,162,0.999826014118681,NO
78,39,2.899092153842565E-4,NO
79,79,1.449966435552947E-4,NO
80,85,9.667377395202504E-5,NO
81,110,0.0017344270285157566,NO
82,111,5.79482436171714E-4,NO
83,53,2.4851419791682846E-4,NO
84,52,2.899092153842565E-4,NO
85,154,0.999826014118681,NO
86,403,0.999826014118681,YES
87,183,8.687202461329901E-4,NO
88,215,0.0017344270285157566,NO
89,76,1.2428798628763717E-4,NO
90,554,0.999826014118681,YES
91,257,0.0017344270285157566,NO
92,55,1.449966435552947E-4,NO
93,102,5.79482436171714E-4,NO
94,403,0.0017344270285157566,NO
95,35,1.739858813188268E-4,NO
96,145,0.6666279986523589,NO
97,119,8.687202461329901E-4,NO
98,108,0.999826014118681,YES
99,91,0.999826014118681,YES
100,69,0.5263109691256531,NO
101,80,0.999826014118681,YES
102,63,8.687202461329901E-4,NO
103,160,0.999826014118681,YES
104,98,2.174634338649357E-4,NO
105,54,1.0875536724808082E-4,NO
106,267,8.687202461329901E-4,NO
107,55,1.449966435552947E-4,NO
108,46,5.79482436171714E-4,NO
109,226,8.687202461329901E-4,NO
110,54,1.0875536724808082E-4,NO
111,270,3.4785072040933795E-4,NO
112,74,1.1600404292298083E-4,NO
113,359,8.687202461329901E-4,NO
114,78,1.739858813188268E-4,NO
115,180,8.687202461329901E-4,NO
116,57,1.933101718563368E-4,NO
117,50,1.739858813188268E-4,NO
118,243,8.687202461329901E-4,NO
119,254,0.0017344270285157566,NO
120,306,8.687202461329901E-4,NO
121,139,8.687202461329901E-4,NO
122,375,5.79482436171714E-4,NO
123,75,2.174634338649357E-4,NO
124,222,8.687202461329901E-4,NO
125,61,8.687202461329901E-4,NO
126,98,2.174634338649357E-4,NO
127,28,7.909950481443801E-5,NO
128,55,1.449966435552947E-4,NO
129,194,0.0017344270285157566,NO
130,28,7.909950481443801E-5,NO
131,50,1.739858813188268E-4,NO
132,55,1.449966435552947E-4,NO
133,124,0.0017344270285157566,NO
134,87,8.687202461329901E-4,NO
135,65,2.4851419791682846E-4,NO
136,144,0.0017344270285157566,NO
137,134,0.0017344270285157566,NO
138,117,8.687202461329901E-4,NO
139,28,7.909950481443801E-5,NO
140,57,1.933101718563368E-4,NO
141,60,2.899092153842565E-4,NO
142,62,8.687202461329901E-4,NO
143,89,1.933101718563368E-4,NO
144,60,2.899092153842565E-4,NO
145,68,0.5263109691256531,NO
146,522,0.0017344270285157566,NO
147,43,1.933101718563368E-4,NO
148,247,0.7691586982854448,NO
149,35,1.739858813188268E-4,NO
150,42,4.347377885851981E-4,NO
151,57,1.933101718563368E-4,NO
152,117,0.999826014118681,NO
153,61,8.687202461329901E-4,NO
154,92,0.0017344270285157566,NO
155,93,8.687202461329901E-4,NO
156,80,4.347377885851981E-4,NO
157,101,4.347377885851981E-4,NO
158,59,3.4785072040933795E-4,NO
159,84,8.687202461329901E-4,NO
160,82,8.687202461329901E-4,NO
161,172,0.0017344270285157566,NO
162,143,0.0017344270285157566,NO
163,78,1.739858813188268E-4,NO
164,66,2.4851419791682846E-4,NO
165,66,2.4851419791682846E-4,NO
166,85,0.999826014118681,YES
167,54,1.0875536724808082E-4,NO
168,77,0.7691586982854448,NO
169,137,0.0017344270285157566,NO
170,130,5.79482436171714E-4,NO
171,79,1.449966435552947E-4,NO
172,76,1.2428798628763717E-4,NO
173,81,0.0017344270285157566,NO
174,98,2.174634338649357E-4,NO
175,115,0.0017344270285157566,NO
176,180,8.687202461329901E-4,NO
177,118,0.0017344270285157566,NO
178,64,2.4851419791682846E-4,NO
179,95,2.4851419791682846E-4,NO
180,88,3.4785072040933795E-4,NO
181,51,2.4851419791682846E-4,NO
182,120,8.687202461329901E-4,NO
