ID, Size, Predicted, Actual
0,28,0.012062089187198623,NO
1,28,0.012062089187198623,NO
2,387,0.012062089187198623,NO
3,1087,0.9987670209350755,YES
4,25,0.012062089187198623,NO
5,50,0.012062089187198623,NO
6,76,0.012062089187198623,NO
7,38,0.012062089187198623,NO
8,168,0.012062089187198623,NO
9,267,0.9987670209350755,YES
10,374,0.012062089187198623,NO
11,145,0.012062089187198623,NO
12,85,0.012062089187198623,NO
13,64,0.9987670209350755,NO
14,36,0.012062089187198623,NO
15,36,0.012062089187198623,NO
16,36,0.012062089187198623,NO
17,26,0.012062089187198623,NO
18,491,0.9987670209350755,YES
19,354,0.9987670209350755,YES
20,196,0.9987670209350755,YES
21,24,0.012062089187198623,NO
22,27,0.9987670209350755,YES
23,55,0.012062089187198623,YES
24,54,0.012062089187198623,YES
25,26,0.9987670209350755,YES
26,187,0.012062089187198623,NO
27,983,0.012062089187198623,NO
28,252,0.9987670209350755,YES
29,620,0.012062089187198623,YES
30,37,0.004086417370098535,NO
31,35,0.012062089187198623,NO
32,286,0.9987670209350755,NO
33,232,0.012062089187198623,NO
34,203,0.012062089187198623,NO
35,270,0.012062089187198623,NO
36,425,0.9987670209350755,YES
37,244,0.9987670209350755,YES
38,74,0.012062089187198623,NO
39,69,0.012062089187198623,NO
40,228,0.9987670209350755,YES
41,231,0.9987670209350755,YES
42,202,0.9987670209350755,YES
43,99,0.9987670209350755,YES
44,191,0.9987670209350755,YES
45,447,0.9987670209350755,YES
46,95,0.9987670209350755,YES
47,549,0.9987670209350755,YES
48,136,0.9987670209350755,YES
49,40,0.012062089187198623,NO
50,86,0.012062089187198623,NO
51,90,0.012062089187198623,NO
52,79,0.012062089187198623,NO
53,85,0.012062089187198623,NO
54,59,0.012062089187198623,NO
55,112,0.012062089187198623,NO
56,52,0.012062089187198623,NO
57,157,0.012062089187198623,YES
58,74,0.012062089187198623,NO
59,230,0.012062089187198623,YES
60,211,0.012062089187198623,YES
61,55,0.012062089187198623,NO
62,29,0.012062089187198623,NO
63,111,0.012062089187198623,NO
64,98,0.012062089187198623,NO
65,43,0.012062089187198623,NO
66,54,0.012062089187198623,NO
67,205,0.012062089187198623,NO
68,121,0.012062089187198623,NO
69,107,0.012062089187198623,NO
70,74,0.012062089187198623,NO
71,76,0.012062089187198623,NO
72,412,0.012062089187198623,YES
73,146,0.9987670209350755,NO
74,125,0.012062089187198623,NO
75,75,0.012062089187198623,NO
76,47,0.012062089187198623,NO
77,34,0.012062089187198623,NO
78,39,0.004086417370098535,NO
79,36,0.012062089187198623,NO
80,79,0.012062089187198623,NO
81,28,0.012062089187198623,NO
82,422,0.012062089187198623,YES
83,211,0.9987670209350755,YES
84,88,0.9987670209350755,YES
85,57,0.012062089187198623,NO
86,43,0.9987670209350755,YES
87,27,0.012062089187198623,NO
88,25,0.9987670209350755,YES
89,53,0.9987670209350755,YES
90,105,0.012062089187198623,YES
91,107,0.012062089187198623,YES
92,85,0.012062089187198623,NO
93,54,0.012062089187198623,NO
94,78,0.012062089187198623,NO
95,98,0.012062089187198623,NO
96,78,0.012062089187198623,NO
97,77,0.012062089187198623,NO
98,97,0.9987670209350755,NO
99,176,0.9987670209350755,NO
100,123,0.012062089187198623,NO
101,51,0.012062089187198623,NO
102,71,0.012062089187198623,NO
103,92,0.012062089187198623,YES
