ID, Size, Predicted, Actual
0,215,0.600163944629715,NO
1,274,0.9999001495660873,YES
2,461,0.9999046295678667,YES
3,138,0.5911025432440502,NO
4,358,0.49212507915555226,NO
5,1248,0.9999999999999742,YES
6,51,0.4189813421670091,NO
7,45,0.5317878709981104,NO
8,157,0.4257232242648258,NO
9,31,0.41271911802849925,NO
10,1008,0.9078082480593997,YES
11,55,0.8621401442109294,NO
12,204,0.8660902502398122,NO
13,55,0.5038116303668624,NO
14,103,0.5058864819541774,NO
15,83,0.9990973759300195,YES
16,262,0.5139577572276244,NO
17,83,0.4971552493976847,NO
18,867,0.9999951485910624,YES
19,40,0.3675486766718801,NO
20,387,0.8589358907011502,YES
21,390,0.49601416471698945,NO
22,51,0.3630522592955416,NO
23,637,1.0,YES
24,32,0.35860629343283373,NO
25,68,0.4691293741589052,YES
26,547,0.8590947029081802,NO
27,566,0.9935003591192136,NO
28,314,0.9999999374487136,YES
29,839,0.9941187539400983,NO
30,211,0.8386421637372675,NO
31,31,0.4494010583072869,NO
32,50,0.3402778768494186,NO
33,27,0.33922844382406203,NO
34,175,0.8339291917793755,NO
35,50,0.44362914694196814,NO
36,62,0.3360993294826493,NO
37,87,0.4445304494739921,NO
38,52,0.3350626876281989,NO
39,373,0.9999280991617753,NO
40,224,0.4485993509667834,NO
41,118,0.3348369798280812,YES
42,83,0.33074468597041806,NO
43,147,0.3327868407804802,NO
44,58,0.43451874581172134,NO
45,44,0.32789574785458564,NO
46,106,0.3297275529592151,NO
47,189,0.8254566267205813,NO
48,151,0.2953390209433125,NO
49,352,0.3069999031262537,YES
50,849,0.4576553325728648,YES
51,877,0.457450256490879,YES
52,41,0.3763147342704087,NO
53,319,0.2872889036585524,YES
54,27,0.2736404934416727,NO
55,55,0.2728135404845532,NO
56,94,0.2744632877887632,NO
57,191,0.2766645880892011,NO
58,90,0.2728121498310344,NO
59,90,0.2719910616668472,NO
60,271,0.37649560109835667,YES
61,152,0.36780193956068347,NO
62,90,0.3637647431977913,YES
63,82,0.3637647431977913,NO
64,147,0.2673294970813516,NO
65,422,0.38140092046370316,YES
66,1059,1.0,YES
67,530,0.2791510369201299,NO
68,205,0.9997211698374014,YES
69,190,0.9982766584888472,YES
70,86,0.3436081182738195,NO
71,207,0.9997178614671035,YES
72,397,0.7728886521082171,YES
73,573,0.2726355593591815,NO
74,126,0.23971068430958864,YES
75,167,0.9981525146180417,YES
76,109,0.2352907307043673,NO
77,85,0.23393416067197295,NO
78,237,0.22877260784894884,NO
79,424,0.9981283464015731,YES
80,47,0.2170526017895073,NO
81,1118,0.9999999998278003,YES
82,27,0.204752092995536,NO
83,89,0.2061069157483771,NO
84,474,0.9996662479625557,YES
85,166,0.20591031929828932,NO
86,92,0.20276692458378284,NO
87,476,0.9979335737923686,YES
88,93,0.20167192290534086,NO
89,244,0.20605157309339833,NO
90,204,0.9977346687435751,YES
91,252,0.20690376919341566,NO
92,109,0.19897396054880637,YES
93,618,0.9996666267902042,YES
94,565,0.217387598352185,YES
95,69,0.19171344724588946,NO
96,77,0.19071076812217846,NO
97,97,0.19071076812217846,NO
98,343,0.20105859536735968,NO
99,214,0.19442893286889346,NO
100,79,0.18971655207723007,NO
101,25,0.1884438957112011,NO
102,84,0.18971655207723007,NO
103,34,0.18795248856455987,NO
104,33,0.18795248856455987,NO
105,104,0.18922260000444963,NO
106,172,0.19220664613989097,NO
107,70,0.18873074247866545,NO
108,140,0.19014517100912892,NO
109,156,0.19170886606126386,NO
110,142,0.18965258850867076,NO
111,152,0.18916209398573983,NO
112,31,0.18649076537442205,NO
113,60,0.18600766688859874,NO
114,60,0.18600766688859874,NO
115,876,0.23703876282851796,NO
116,61,0.1836229279121976,NO
117,185,0.1878017527966879,NO
118,264,0.19084602555859786,NO
119,43,0.26038023369225904,NO
120,248,0.18988021125866103,NO
121,310,1.0,YES
122,199,0.6834722878604629,NO
123,194,0.26091987056602606,NO
124,346,0.18922370221398685,NO
125,90,0.6759275306035524,NO
126,335,0.26759179889318413,YES
127,372,0.9999830391713516,YES
128,84,0.17534672570322155,NO
129,53,0.17414974720515233,NO
130,148,0.9972708924940923,YES
131,4088,0.9429836061553701,NO
132,860,1.0,YES
133,47,0.14699493680601103,NO
134,101,0.14803872971283555,NO
135,517,0.1639461127579124,YES
136,327,0.1507628234800881,YES
137,275,0.2143482636212623,YES
138,136,0.9964997748713066,YES
139,56,0.14110721598055925,NO
140,74,0.1421161663883528,YES
141,362,0.6297096444123126,YES
142,174,0.20241971698234903,NO
143,148,0.20079036011893237,NO
144,92,0.19760983480136368,NO
145,45,0.12977009296685665,NO
146,39,0.1895896786784669,NO
147,182,0.19387204572403743,NO
148,77,0.19026109358231555,NO
149,666,0.15242942988101338,NO
150,88,0.12937439974513013,YES
151,263,0.13354235547584853,YES
152,54,0.12736690705557627,NO
153,76,0.18818249741469387,NO
154,132,0.18959377738635066,NO
155,160,0.13025393635279908,YES
156,152,0.1286857155463134,NO
157,39,0.12673494072740732,NO
158,677,0.14997788751333843,NO
159,131,0.12826442814135833,NO
160,47,0.12631911384114472,NO
161,129,0.12805543792216648,NO
162,43,0.12611283471164972,NO
163,73,0.18617511114811183,NO
164,257,0.13158420732373768,NO
165,356,0.13213721269123035,NO
166,62,0.12295750722901452,NO
167,45,0.12295750722901452,NO
168,97,0.12291822010458663,NO
169,131,0.999317209010994,YES
170,68,0.1800641121141726,YES
171,99,0.1800641121141726,NO
172,53,0.1768951088228828,NO
173,81,0.1781068874235331,NO
174,78,0.17786817167647634,YES
175,69,0.17786817167647634,NO
176,69,0.17786817167647634,NO
177,77,0.17786817167647634,NO
178,72,0.1776307638582614,NO
179,72,0.1776307638582614,NO
180,63,0.17642152929815327,NO
181,50,0.17618668894994075,NO
182,28,0.17618668894994075,NO
183,96,0.17739466056989397,NO
184,40,0.17618668894994075,NO
185,76,0.17739466056989397,NO
186,49,0.17618668894994075,NO
187,63,0.1759531436994204,NO
188,55,0.1759531436994204,NO
189,45,0.1759531436994204,NO
190,476,0.13055524818775663,NO
191,77,0.11797291259467761,NO
192,69,0.1178167801514105,NO
193,104,0.1178167801514105,NO
194,115,0.11877755998918897,NO
195,421,0.12662380008644533,NO
196,61,0.1168026044472276,NO
197,2009,0.30935321165259577,NO
198,179,0.11891021023032586,NO
199,106,0.11689942905526746,NO
200,33,0.11604528762520001,NO
201,657,0.13773987057186643,NO
202,295,0.12240510430632968,NO
203,872,0.15152990988537007,NO
204,444,0.12673968525454335,NO
205,168,0.11801259805082218,NO
206,752,0.1420616398637501,NO
207,135,0.11667339973737594,NO
208,1126,0.1688375626916608,NO
209,163,0.11728967941724885,NO
210,184,0.11728967941724885,NO
211,51,0.11445872851235765,NO
212,25,0.11445872851235765,NO
213,180,0.11714780263675648,NO
214,64,0.11431983263345716,NO
215,101,0.11516292858255625,NO
216,512,0.12928482062570404,NO
217,187,0.11686673625469911,NO
218,56,0.11404467477775278,NO
219,39,0.11404467477775278,NO
220,261,0.11925937097917022,NO
221,73,0.11488600469376378,NO
222,65,0.11390840799122544,NO
223,329,0.12047335725412625,NO
224,64,0.11390840799122544,NO
225,164,0.11658923656458416,NO
226,624,0.13295038750371377,NO
227,74,0.11447720737079443,NO
228,117,0.11527884021569916,NO
229,84,0.11434268901411854,NO
230,226,0.1174542400475389,NO
231,76,0.11420904044496456,NO
232,323,0.11991025243943818,NO
233,72,0.11420904044496456,NO
234,42,0.1132401006588708,NO
235,48,0.1132401006588708,NO
236,89,0.11407625933339709,NO
237,380,0.12266278765050684,NO
238,141,0.11487765624080627,NO
239,148,0.11487765624080627,NO
240,191,0.11577794648507711,NO
241,46,0.11297881327207913,NO
242,165,0.11577794648507711,NO
243,171,0.11564579980322608,NO
244,56,0.11284945371783602,NO
245,179,0.11564579980322608,NO
246,74,0.11355376339674507,NO
247,36,0.11272094723764006,NO
248,37,0.11272094723764006,NO
249,34,0.11272094723764006,NO
250,34,0.11272094723764006,NO
251,38,0.11272094723764006,NO
252,39,0.11272094723764006,NO
253,156,0.11551452362987967,NO
254,84,0.11342528515567436,NO
255,117,0.11435489516159873,NO
256,94,0.11342528515567436,NO
257,71,0.11342528515567436,NO
258,183,0.11512589548689652,NO
259,85,0.11317088783798397,NO
260,183,0.11499807874901018,NO
261,70,0.1130449643278164,NO
262,54,0.11209113288566824,NO
263,160,0.11487112129564579,NO
264,128,0.11372076824580965,NO
265,151,0.11359649730003933,NO
266,422,0.1210462832052882,NO
267,221,0.11537051234691124,NO
268,50,0.11136304735135963,NO
269,42,0.11136304735135963,NO
270,624,0.13020945109185741,NO
271,377,0.11898864209530743,NO
272,382,0.12041074931849405,NO
273,72,0.11183196873948373,NO
274,92,0.11183196873948373,NO
275,282,0.11598372813498833,NO
276,371,0.11861939697668011,NO
277,47,0.11077907498363988,NO
278,108,0.11159934854859939,NO
279,111,0.1114842724399116,NO
280,319,0.11706744281410753,NO
281,129,0.11217066273722999,NO
282,49,0.11043851083718223,NO
283,358,0.11813916780030645,NO
284,277,0.11527791643352625,NO
285,49,0.11021552623508923,NO
286,89,0.11092115203914514,NO
287,41,0.11010524552459519,NO
288,66,0.11010524552459519,NO
289,63,0.11010524552459519,NO
290,24,0.11010524552459519,NO
291,50,0.11010524552459519,NO
292,72,0.11092115203914514,NO
293,47,0.10999576997078521,NO
294,47,0.10999576997078521,NO
295,183,0.11273038884937699,NO
296,49,0.10999576997078521,NO
297,50,0.10999576997078521,NO
298,98,0.11070158874346198,NO
299,143,0.11161168614445263,NO
300,43,0.10988709766361063,NO
301,42,0.10988709766361063,NO
302,56,0.10988709766361063,NO
303,44,0.10988709766361063,NO
304,26,0.10988709766361063,NO
305,254,0.11482416301629313,NO
306,16883,0.12634163099542317,NO
307,74,0.10489823450183632,NO
308,153,0.1057662958056761,NO
309,68,0.10489823450183632,NO
310,100,0.10484289593846954,NO
311,550,0.1179491535633564,NO
312,437,0.11440794950706135,NO
313,1038,0.14646936122636642,NO
314,104,0.10457675394176717,NO
315,332,0.109803375191144,NO
316,123,0.10539097019966276,NO
317,106,0.10447520372204336,NO
318,106,0.10447520372204336,NO
319,94,0.10447520372204336,NO
320,101,0.10442547645947249,NO
321,38,0.10365178000221285,NO
322,628,0.12144320498375018,YES
323,32,0.103603071395577,NO
324,111,0.1043281133276707,NO
325,35,0.10355505482946344,NO
326,90,0.1043281133276707,NO
327,27,0.10355505482946344,NO
328,28,0.10355505482946344,NO
329,92,0.1043281133276707,NO
330,979,0.14256243457567788,NO
331,67,0.10418728457328744,NO
332,29,0.10341514911257199,NO
333,105,0.10414172931388338,NO
334,72,0.10414172931388338,NO
335,37,0.1033698925069484,NO
336,47,0.1033698925069484,NO
337,31,0.1033698925069484,NO
338,90,0.10414172931388338,NO
339,223,0.10696327629220828,NO
340,214,0.10691803413092411,NO
341,107,0.10405269553853042,NO
342,37,0.10328144252280744,NO
343,27,0.10328144252280744,NO
344,48,0.10328144252280744,NO
345,167,0.10582484265043553,NO
346,213,0.106873499572415,NO
347,867,0.1330988894608874,NO
348,159,0.10573864544857456,NO
349,100,0.10388291366113234,NO
350,96,0.10388291366113234,NO
351,842,0.13294750946984515,NO
352,535,0.11681170876508067,NO
353,83,0.10372414053160098,NO
354,63,0.10295504296666641,NO
355,76,0.10372414053160098,NO
356,202,0.1065815078719576,NO
357,155,0.10454536473280035,NO
358,1263,0.16481643616804842,NO
359,74,0.1035410885702707,NO
360,101,0.1035410885702707,NO
361,27,0.10277319266828158,NO
362,22,0.1020938511570708,NO
363,491,0.11474668131526695,NO
364,62,0.10273885806563177,NO
365,59,0.10270520053439422,NO
366,99,0.10347264700339463,NO
367,27,0.10270520053439422,NO
368,77,0.10347264700339463,NO
369,863,0.13241825332936014,NO
370,64,0.10260828460174598,NO
371,45,0.10260828460174598,NO
372,63,0.10260828460174598,NO
373,54,0.10260828460174598,NO
374,64,0.10260828460174598,NO
375,132,0.10420062701410711,NO
376,182,0.10514930725981127,NO
377,70,0.10334393067055384,NO
378,36,0.10257732964743439,NO
379,58,0.10257732964743439,NO
380,62,0.10254704896879557,NO
381,132,0.10416992276385412,NO
382,74,0.10331344974454908,NO
383,86,0.10331344974454908,NO
384,74,0.10331344974454908,NO
385,48,0.10251744204179017,NO
386,74,0.10328364701086155,NO
387,86,0.10328364701086155,NO
388,355,0.10981453254532612,NO
389,53,0.10248850835413814,NO
390,804,0.1294934499484769,NO
391,75,0.10319830287527196,NO
392,125,0.10402663850960983,NO
393,200,0.10497392032778494,NO
394,134,0.10400002560147338,NO
395,57,0.10237949615816098,NO
396,123,0.10400002560147338,NO
397,266,0.10709867781235337,YES
398,162,0.10489549630323738,NO
399,130,0.10394883998908923,YES
400,108,0.10306958075881077,YES
401,354,0.10961927789152821,YES
402,88,0.10304585999872441,YES
403,28,0.10228121783497947,NO
404,58,0.10228121783497947,NO
405,308,0.10823384951558099,YES
406,343,0.10952336685214752,YES
407,103,0.10297873756806798,NO
408,35,0.1022145367206403,NO
409,98,0.10297873756806798,NO
410,117,0.10381157408993547,NO
