ID, Size, Predicted, Actual
0,227,0.04292753251648647,NO
1,276,0.04358397391780204,NO
2,460,0.04604044767073211,NO
3,138,0.0420840349090397,NO
4,352,0.044319229409590266,NO
5,23,0.041209640257600426,NO
6,56,0.041402239988947355,NO
7,51,0.041402239988947355,NO
8,22,0.041209640257600426,NO
9,44,0.041402239988947355,NO
10,111,0.04183918651657044,NO
11,71,0.041402239988947355,NO
12,196,0.042627893193518986,NO
13,39,0.041209640257600426,NO
14,124,0.04183918651657044,NO
15,38,0.041209640257600426,NO
16,22,0.041209640257600426,NO
17,44,0.041402239988947355,NO
18,368,0.044717478373286955,NO
19,22,0.041209640257600426,NO
20,285,0.04358397391780204,NO
21,21,0.041209640257600426,NO
22,22,0.041209640257600426,NO
23,208,0.042627893193518986,NO
24,55,0.041402239988947355,NO
25,21,0.041209640257600426,NO
26,288,0.04358397391780204,NO
27,47,0.041402239988947355,NO
28,54,0.041402239988947355,NO
29,105,0.04183918651657044,NO
30,483,0.04652593151736427,NO
31,35,0.041209640257600426,NO
32,142,0.0420840349090397,NO
33,95,0.041612008576555205,NO
34,164,0.04234683590562014,NO
35,70,0.041402239988947355,NO
36,22,0.041209640257600426,NO
37,26,0.041209640257600426,NO
38,21,0.041209640257600426,NO
39,56,0.041402239988947355,NO
40,102,0.04183918651657044,NO
41,107,0.04183918651657044,NO
42,67,0.041402239988947355,NO
43,39,0.041209640257600426,NO
44,52,0.041402239988947355,NO
45,20,0.041209640257600426,NO
46,42,0.041209640257600426,NO
47,36,0.041209640257600426,NO
48,30,0.041209640257600426,NO
49,71,0.041402239988947355,NO
50,57,0.041402239988947355,NO
51,31,0.041209640257600426,NO
52,20,0.041209640257600426,NO
53,90,0.041612008576555205,NO
54,52,0.041402239988947355,NO
55,108,0.04183918651657044,NO
56,20,0.041209640257600426,NO
57,93,0.041612008576555205,NO
58,52,0.041402239988947355,NO
59,117,0.04183918651657044,NO
60,20,0.041209640257600426,NO
61,31,0.041209640257600426,NO
62,109,0.04183918651657044,NO
63,44,0.041402239988947355,NO
64,72,0.041612008576555205,NO
65,99,0.041612008576555205,NO
66,103,0.04183918651657044,NO
67,20,0.041209640257600426,NO
68,71,0.041402239988947355,NO
69,140,0.0420840349090397,NO
70,1579,0.09119807693447742,NO
71,45,0.041402239988947355,NO
72,282,0.04358397391780204,NO
73,2582,0.24740182523235552,NO
74,242,0.04292753251648647,NO
75,55,0.041402239988947355,NO
76,204,0.042627893193518986,NO
77,59,0.041402239988947355,NO
78,102,0.04183918651657044,NO
79,34,0.041209640257600426,NO
80,83,0.041612008576555205,NO
81,114,0.04183918651657044,NO
82,60,0.041402239988947355,NO
83,461,0.04604044767073211,NO
84,87,0.041612008576555205,NO
85,130,0.0420840349090397,NO
86,49,0.041402239988947355,NO
87,123,0.04183918651657044,NO
88,101,0.04183918651657044,NO
89,1350,0.07586071213872511,NO
90,455,0.04604044767073211,NO
91,40,0.041209640257600426,NO
92,518,0.04703461098032909,NO
93,371,0.044717478373286955,NO
94,49,0.041402239988947355,NO
95,490,0.04652593151736427,NO
96,32,0.041209640257600426,NO
97,73,0.041612008576555205,NO
98,633,0.04931405187254165,NO
99,780,0.05276884546572995,NO
100,470,0.04604044767073211,NO
101,1015,0.05996305679163952,NO
102,278,0.04358397391780204,NO
103,31,0.041209640257600426,NO
104,36,0.041209640257600426,NO
105,58,0.041402239988947355,NO
106,172,0.04234683590562014,NO
107,86,0.041612008576555205,NO
108,162,0.04234683590562014,NO
109,53,0.041402239988947355,NO
110,415,0.04513676109991732,NO
111,200,0.042627893193518986,NO
112,264,0.043246102233746926,NO
113,166,0.04234683590562014,NO
114,38,0.041209640257600426,NO
115,122,0.04183918651657044,NO
116,85,0.041612008576555205,NO
117,66,0.041402239988947355,NO
118,60,0.041402239988947355,NO
119,37,0.041209640257600426,NO
120,233,0.04292753251648647,NO
121,37,0.041209640257600426,NO
122,239,0.04292753251648647,NO
123,40,0.041209640257600426,NO
124,208,0.042627893193518986,NO
125,210,0.042627893193518986,NO
126,388,0.04513676109991732,NO
127,22,0.041209640257600426,NO
128,262,0.043246102233746926,NO
129,306,0.043941542992098466,NO
130,1438,0.08108431146059814,NO
131,1469,0.0829593889005273,NO
132,67,0.041402239988947355,NO
133,437,0.04557757562788572,NO
134,223,0.04292753251648647,NO
135,35,0.041209640257600426,NO
136,53,0.041402239988947355,NO
137,196,0.042627893193518986,NO
138,108,0.04183918651657044,NO
139,237,0.04292753251648647,NO
140,219,0.04292753251648647,NO
141,340,0.044319229409590266,NO
142,161,0.04234683590562014,NO
143,136,0.0420840349090397,NO
144,376,0.044717478373286955,NO
145,388,0.04513676109991732,NO
146,153,0.0420840349090397,NO
147,114,0.04183918651657044,NO
148,220,0.04292753251648647,NO
149,453,0.04604044767073211,NO
150,1828,0.1148809224774726,NO
151,246,0.043246102233746926,NO
152,636,0.04931405187254165,NO
153,299,0.04358397391780204,NO
154,259,0.043246102233746926,NO
155,90,0.041612008576555205,NO
156,93,0.041612008576555205,NO
157,441,0.04557757562788572,NO
158,149,0.0420840349090397,NO
159,610,0.04870612535411505,NO
160,123,0.04183918651657044,NO
161,197,0.042627893193518986,NO
162,865,0.05520560943641896,NO
163,596,0.04870612535411505,NO
164,141,0.0420840349090397,NO
165,179,0.04234683590562014,NO
166,630,0.04931405187254165,NO
167,402,0.04513676109991732,NO
168,42,0.041209640257600426,NO
169,42,0.041209640257600426,NO
170,315,0.043941542992098466,NO
171,85,0.041612008576555205,NO
172,472,0.04604044767073211,NO
173,106,0.04183918651657044,NO
174,250,0.043246102233746926,NO
175,162,0.04234683590562014,NO
176,236,0.04292753251648647,NO
177,73,0.041612008576555205,NO
178,104,0.04183918651657044,NO
179,40,0.041209640257600426,NO
180,98,0.041612008576555205,NO
181,39,0.041209640257600426,NO
182,38,0.041209640257600426,NO
183,67,0.041402239988947355,NO
184,76,0.041612008576555205,NO
185,42,0.041209640257600426,NO
186,71,0.041402239988947355,NO
187,101,0.04183918651657044,NO
188,59,0.041402239988947355,NO
189,55,0.041402239988947355,NO
190,27,0.041209640257600426,NO
191,89,0.041612008576555205,NO
192,26,0.041209640257600426,NO
193,24,0.041209640257600426,NO
194,485,0.04652593151736427,NO
195,1651,0.09823259620255666,NO
196,48,0.041402239988947355,NO
197,2479,0.2186614604820539,NO
198,23,0.041209640257600426,NO
199,115,0.04183918651657044,NO
200,108,0.04183918651657044,NO
201,346,0.044319229409590266,NO
202,391,0.04513676109991732,NO
203,22,0.041209640257600426,NO
204,83,0.041612008576555205,NO
205,51,0.041402239988947355,NO
206,43,0.041209640257600426,NO
207,54,0.041402239988947355,NO
208,43,0.041209640257600426,NO
209,47,0.041402239988947355,NO
210,33,0.041209640257600426,NO
211,195,0.042627893193518986,NO
212,91,0.041612008576555205,NO
213,110,0.04183918651657044,NO
214,81,0.041612008576555205,NO
215,108,0.04183918651657044,NO
216,109,0.04183918651657044,NO
217,90,0.041612008576555205,NO
218,131,0.0420840349090397,NO
219,95,0.041612008576555205,NO
220,132,0.0420840349090397,NO
221,176,0.04234683590562014,NO
222,124,0.04183918651657044,NO
223,103,0.04183918651657044,NO
224,120,0.04183918651657044,NO
225,149,0.0420840349090397,NO
226,76,0.041612008576555205,NO
227,89,0.041612008576555205,NO
228,20,0.041209640257600426,NO
229,213,0.042627893193518986,NO
230,542,0.0475671003934584,NO
231,233,0.04292753251648647,NO
232,134,0.0420840349090397,NO
233,104,0.04183918651657044,NO
234,121,0.04183918651657044,NO
235,39,0.041209640257600426,NO
236,41,0.041209640257600426,NO
237,248,0.043246102233746926,NO
238,215,0.042627893193518986,NO
239,269,0.043246102233746926,NO
240,165,0.04234683590562014,NO
241,277,0.04358397391780204,NO
242,100,0.041612008576555205,NO
243,358,0.044319229409590266,NO
244,29,0.041209640257600426,NO
245,339,0.044319229409590266,NO
246,719,0.051300569482871206,NO
247,141,0.0420840349090397,NO
248,801,0.053548866888355084,NO
249,77,0.041612008576555205,NO
250,97,0.041612008576555205,NO
251,380,0.044717478373286955,NO
252,214,0.042627893193518986,NO
253,38,0.041209640257600426,NO
254,79,0.041612008576555205,NO
255,25,0.041209640257600426,NO
256,84,0.041612008576555205,NO
257,34,0.041209640257600426,NO
258,33,0.041209640257600426,NO
259,104,0.04183918651657044,NO
260,193,0.042627893193518986,NO
261,70,0.041402239988947355,NO
262,140,0.0420840349090397,NO
263,22,0.041209640257600426,NO
264,158,0.04234683590562014,NO
265,142,0.0420840349090397,NO
266,109,0.04183918651657044,NO
267,158,0.04234683590562014,NO
268,31,0.041209640257600426,NO
269,344,0.044319229409590266,NO
270,71,0.041402239988947355,NO
271,84,0.041612008576555205,NO
272,79,0.041612008576555205,NO
273,881,0.05608444015073282,NO
274,64,0.041402239988947355,NO
275,199,0.042627893193518986,NO
276,261,0.043246102233746926,NO
277,155,0.0420840349090397,NO
278,45,0.041402239988947355,NO
279,23,0.041209640257600426,NO
280,405,0.04513676109991732,NO
281,248,0.043246102233746926,NO
282,599,0.04870612535411505,NO
283,28,0.041209640257600426,NO
284,452,0.04604044767073211,NO
285,482,0.04652593151736427,NO
286,434,0.04557757562788572,NO
287,83,0.041612008576555205,NO
288,393,0.04513676109991732,NO
289,230,0.04292753251648647,NO
290,248,0.043246102233746926,NO
291,28,0.041209640257600426,NO
292,69,0.041402239988947355,NO
293,116,0.04183918651657044,NO
294,100,0.041612008576555205,NO
295,46,0.041402239988947355,NO
296,226,0.04292753251648647,NO
297,86,0.041612008576555205,NO
298,93,0.041612008576555205,NO
299,1935,0.12469426104860878,NO
300,41,0.041209640257600426,NO
301,64,0.041402239988947355,NO
302,176,0.04234683590562014,NO
303,334,0.044319229409590266,NO
304,114,0.04183918651657044,NO
305,66,0.041402239988947355,NO
306,38,0.041209640257600426,NO
307,46,0.041402239988947355,NO
308,101,0.04183918651657044,NO
309,144,0.0420840349090397,NO
310,156,0.0420840349090397,NO
311,113,0.04183918651657044,NO
312,753,0.0520197272417227,NO
313,397,0.04513676109991732,NO
314,327,0.043941542992098466,NO
315,139,0.0420840349090397,NO
316,59,0.041402239988947355,NO
317,78,0.041612008576555205,NO
318,50,0.041402239988947355,NO
319,483,0.04652593151736427,NO
320,42,0.041209640257600426,NO
321,75,0.041612008576555205,NO
322,219,0.04292753251648647,NO
323,103,0.04183918651657044,NO
324,158,0.04234683590562014,NO
325,190,0.042627893193518986,NO
326,88,0.041612008576555205,NO
327,248,0.043246102233746926,NO
328,276,0.04358397391780204,NO
329,330,0.044319229409590266,NO
330,69,0.041402239988947355,NO
331,21,0.041209640257600426,NO
332,39,0.041209640257600426,NO
333,22,0.041209640257600426,NO
334,24,0.041209640257600426,NO
335,62,0.041402239988947355,NO
336,67,0.041402239988947355,NO
337,65,0.041402239988947355,NO
338,63,0.041402239988947355,NO
339,22,0.041209640257600426,NO
340,60,0.041402239988947355,NO
341,38,0.041209640257600426,NO
342,62,0.041402239988947355,NO
343,23,0.041209640257600426,NO
344,79,0.041612008576555205,NO
345,23,0.041209640257600426,NO
346,176,0.04234683590562014,NO
347,149,0.0420840349090397,NO
348,23,0.041209640257600426,NO
349,34,0.041209640257600426,NO
350,35,0.041209640257600426,NO
351,45,0.041402239988947355,NO
352,293,0.04358397391780204,NO
353,58,0.041402239988947355,NO
354,39,0.041209640257600426,NO
355,57,0.041402239988947355,NO
356,277,0.04358397391780204,NO
357,468,0.04604044767073211,NO
358,75,0.041612008576555205,NO
359,666,0.049948572645405996,NO
360,53,0.041402239988947355,NO
361,145,0.0420840349090397,NO
362,53,0.041402239988947355,NO
363,398,0.04513676109991732,NO
364,119,0.04183918651657044,NO
365,271,0.043246102233746926,NO
366,175,0.04234683590562014,NO
367,78,0.041612008576555205,NO
368,415,0.04513676109991732,NO
369,131,0.0420840349090397,NO
370,45,0.041402239988947355,NO
371,156,0.0420840349090397,NO
372,166,0.04234683590562014,NO
373,43,0.041209640257600426,NO
374,74,0.041612008576555205,NO
375,302,0.043941542992098466,NO
376,494,0.04652593151736427,NO
377,421,0.04557757562788572,NO
378,723,0.051300569482871206,NO
379,550,0.0475671003934584,NO
380,493,0.04652593151736427,NO
381,416,0.04557757562788572,NO
382,359,0.044717478373286955,NO
383,66,0.041402239988947355,NO
384,62,0.041402239988947355,NO
385,34,0.041209640257600426,NO
386,23,0.041209640257600426,NO
387,41,0.041209640257600426,NO
388,50,0.041402239988947355,NO
389,55,0.041402239988947355,NO
390,1467,0.0829593889005273,NO
391,187,0.042627893193518986,NO
392,162,0.04234683590562014,NO
393,23,0.041209640257600426,NO
394,142,0.0420840349090397,NO
395,73,0.041612008576555205,NO
396,108,0.04183918651657044,NO
397,20,0.041209640257600426,NO
398,61,0.041402239988947355,NO
399,86,0.041612008576555205,NO
400,84,0.041612008576555205,NO
401,90,0.041612008576555205,NO
402,67,0.041402239988947355,NO
403,20,0.041209640257600426,NO
404,60,0.041402239988947355,NO
405,88,0.041612008576555205,NO
406,47,0.041402239988947355,NO
407,76,0.041612008576555205,NO
408,21,0.041209640257600426,NO
409,53,0.041402239988947355,NO
410,114,0.04183918651657044,NO
411,121,0.04183918651657044,NO
412,78,0.041612008576555205,NO
413,20,0.041209640257600426,NO
414,69,0.041402239988947355,NO
415,80,0.041612008576555205,NO
416,79,0.041612008576555205,NO
417,81,0.041612008576555205,NO
418,88,0.041612008576555205,NO
419,20,0.041209640257600426,NO
420,105,0.04183918651657044,NO
421,60,0.041402239988947355,NO
422,50,0.041402239988947355,NO
423,28,0.041209640257600426,NO
424,129,0.04183918651657044,NO
425,43,0.041209640257600426,NO
426,76,0.041612008576555205,NO
427,63,0.041402239988947355,NO
428,65,0.041402239988947355,NO
429,76,0.041612008576555205,NO
430,45,0.041402239988947355,NO
431,20,0.041209640257600426,NO
432,126,0.04183918651657044,NO
