ID, Size, Predicted, Actual
0,215,0.001590656054098345,NO
1,273,0.7966363804495811,YES
2,460,0.9965721828754402,YES
3,138,0.4403431108085236,YES
4,358,0.9241804259113889,YES
5,1248,1.0,YES
6,51,7.861385225570592E-4,NO
7,157,0.49885083342849684,YES
8,31,7.861385225570592E-4,NO
9,981,0.9999999999992031,YES
10,180,9.32198839920403E-4,NO
11,262,0.7966363804495811,YES
12,553,0.9999567513114546,YES
13,40,7.861385225570592E-4,NO
14,369,1.0,YES
15,390,0.9808499729581112,YES
16,51,7.861385225570592E-4,NO
17,577,0.955894593911539,YES
18,32,7.861385225570592E-4,NO
19,66,7.861385225570592E-4,NO
20,188,0.49885083342849684,YES
21,582,0.955894593911539,NO
22,160,0.49885083342849684,YES
23,50,7.861385225570592E-4,NO
24,27,0.0011313956177981402,NO
25,923,1.0,YES
26,60,7.861385225570592E-4,NO
27,62,7.861385225570592E-4,NO
28,87,7.861385225570592E-4,NO
29,52,7.861385225570592E-4,NO
30,268,0.0036585162784487746,YES
31,163,9.32198839920403E-4,NO
32,109,7.36985717150078E-4,NO
33,147,9.32198839920403E-4,NO
34,58,7.861385225570592E-4,NO
35,44,7.861385225570592E-4,NO
36,106,7.36985717150078E-4,YES
37,139,7.36985717150078E-4,NO
38,326,0.01129669279033961,YES
39,648,0.9967200199884311,YES
40,792,0.9999999998177161,YES
41,319,0.7966363804495811,YES
42,55,7.861385225570592E-4,NO
43,191,9.32198839920403E-4,NO
44,90,7.36985717150078E-4,NO
45,273,0.0036585162784487746,NO
46,137,7.36985717150078E-4,NO
47,79,7.861385225570592E-4,NO
48,82,7.861385225570592E-4,NO
49,147,9.32198839920403E-4,NO
50,422,0.045811778302836594,NO
51,979,0.9999999999999993,YES
52,495,0.999551761905372,YES
53,189,9.32198839920403E-4,NO
54,167,0.030998522022977985,YES
55,86,0.4563226136929115,YES
56,182,9.32198839920403E-4,YES
57,361,0.01129669279033961,NO
58,126,7.36985717150078E-4,NO
59,106,7.36985717150078E-4,NO
60,109,7.36985717150078E-4,NO
61,85,7.861385225570592E-4,NO
62,236,0.001590656054098345,NO
63,315,1.0,YES
64,695,1.0,YES
65,27,0.0011313956177981402,NO
66,89,7.36985717150078E-4,NO
67,301,0.7966363804495811,YES
68,153,9.32198839920403E-4,YES
69,92,7.36985717150078E-4,NO
70,466,0.9965721828754402,YES
71,93,7.36985717150078E-4,NO
72,244,0.001590656054098345,NO
73,192,9.32198839920403E-4,YES
74,252,0.6295806679965414,YES
75,109,7.36985717150078E-4,NO
76,601,0.955894593911539,YES
77,565,0.9999567513114546,YES
78,69,7.861385225570592E-4,NO
79,77,7.861385225570592E-4,NO
80,94,7.36985717150078E-4,YES
81,337,0.01129669279033961,NO
82,214,0.001590656054098345,NO
83,79,7.861385225570592E-4,NO
84,25,0.0011313956177981402,NO
85,84,7.861385225570592E-4,NO
86,34,7.861385225570592E-4,NO
87,33,7.861385225570592E-4,NO
88,104,7.36985717150078E-4,NO
89,172,9.32198839920403E-4,NO
90,70,7.861385225570592E-4,NO
91,140,7.36985717150078E-4,NO
92,156,0.49885083342849684,YES
93,248,0.001590656054098345,NO
94,277,0.7966363804495811,YES
95,189,9.32198839920403E-4,NO
96,194,9.32198839920403E-4,NO
97,346,0.01129669279033961,NO
98,304,0.0036585162784487746,NO
99,356,1.0,YES
100,84,0.4563226136929115,YES
101,53,0.4563226136929115,YES
102,132,7.36985717150078E-4,NO
103,4088,1.0,NO
104,691,1.0,YES
105,47,7.861385225570592E-4,NO
106,101,0.964254659234064,YES
107,510,1.0,YES
108,328,0.9241804259113889,YES
109,273,0.0036585162784487746,NO
110,136,7.36985717150078E-4,NO
111,56,7.861385225570592E-4,NO
112,74,7.861385225570592E-4,NO
113,359,0.9241804259113889,YES
114,174,9.32198839920403E-4,NO
115,148,9.32198839920403E-4,NO
116,92,7.36985717150078E-4,NO
117,45,7.861385225570592E-4,NO
118,168,9.32198839920403E-4,NO
119,77,7.861385225570592E-4,NO
120,666,0.9999969153451127,YES
121,88,7.36985717150078E-4,NO
122,262,0.7966363804495811,YES
123,54,7.861385225570592E-4,NO
124,48,7.861385225570592E-4,NO
125,140,7.36985717150078E-4,NO
126,152,9.32198839920403E-4,NO
127,39,7.861385225570592E-4,NO
128,131,7.36985717150078E-4,NO
129,47,7.861385225570592E-4,NO
130,129,7.36985717150078E-4,NO
131,43,7.861385225570592E-4,NO
132,243,0.001590656054098345,YES
133,62,7.861385225570592E-4,NO
134,45,7.861385225570592E-4,NO
135,97,0.4403431108085236,YES
136,476,0.21415875820787453,NO
137,77,7.861385225570592E-4,NO
138,69,7.861385225570592E-4,NO
139,104,7.36985717150078E-4,NO
140,115,7.36985717150078E-4,NO
141,421,0.045811778302836594,NO
142,61,7.861385225570592E-4,NO
143,2009,1.0,YES
144,179,9.32198839920403E-4,NO
145,106,7.36985717150078E-4,NO
146,33,7.861385225570592E-4,NO
147,657,0.9967200199884311,NO
148,295,0.0036585162784487746,NO
149,872,0.9999999958686332,NO
150,444,0.21415875820787453,NO
151,168,9.32198839920403E-4,NO
152,752,0.9999932416769578,NO
153,135,7.36985717150078E-4,NO
154,1126,1.0,NO
155,163,9.32198839920403E-4,NO
156,184,9.32198839920403E-4,NO
157,51,7.861385225570592E-4,NO
158,25,0.0011313956177981402,NO
159,180,9.32198839920403E-4,NO
160,64,7.861385225570592E-4,NO
161,101,7.36985717150078E-4,NO
162,512,0.676405718202292,NO
163,187,9.32198839920403E-4,NO
164,56,7.861385225570592E-4,NO
165,39,7.861385225570592E-4,NO
166,261,0.001590656054098345,NO
167,73,7.861385225570592E-4,NO
168,65,7.861385225570592E-4,NO
169,329,0.01129669279033961,NO
170,64,7.861385225570592E-4,NO
171,164,9.32198839920403E-4,NO
172,624,0.9999969153451127,YES
173,74,7.861385225570592E-4,NO
174,117,7.36985717150078E-4,NO
175,84,7.861385225570592E-4,NO
176,226,0.6295806679965414,YES
177,76,7.861385225570592E-4,NO
178,323,0.01129669279033961,NO
179,72,7.861385225570592E-4,NO
180,42,7.861385225570592E-4,NO
181,48,7.861385225570592E-4,NO
182,89,7.36985717150078E-4,NO
183,380,0.045811778302836594,NO
184,141,0.4403431108085236,YES
185,148,0.49885083342849684,YES
186,191,9.32198839920403E-4,NO
187,46,7.861385225570592E-4,NO
188,165,9.32198839920403E-4,NO
189,171,9.32198839920403E-4,NO
190,56,7.861385225570592E-4,NO
191,179,9.32198839920403E-4,NO
192,74,7.861385225570592E-4,NO
193,36,7.861385225570592E-4,NO
194,37,7.861385225570592E-4,NO
195,34,7.861385225570592E-4,NO
196,34,7.861385225570592E-4,NO
197,38,7.861385225570592E-4,NO
198,39,7.861385225570592E-4,NO
199,156,9.32198839920403E-4,NO
200,84,7.861385225570592E-4,NO
201,117,7.36985717150078E-4,NO
202,94,7.36985717150078E-4,NO
203,71,7.861385225570592E-4,NO
204,183,9.32198839920403E-4,NO
205,85,7.861385225570592E-4,NO
206,183,9.32198839920403E-4,NO
207,70,7.861385225570592E-4,NO
208,54,7.861385225570592E-4,NO
209,160,9.32198839920403E-4,NO
210,125,7.36985717150078E-4,NO
211,151,9.32198839920403E-4,NO
212,422,0.9808499729581112,YES
213,221,0.6295806679965414,YES
214,50,7.861385225570592E-4,NO
215,42,7.861385225570592E-4,NO
216,624,0.9967200199884311,NO
217,377,0.01129669279033961,NO
218,383,0.045811778302836594,YES
219,72,7.861385225570592E-4,NO
220,92,7.36985717150078E-4,NO
221,282,0.7966363804495811,YES
222,371,0.01129669279033961,NO
223,47,7.861385225570592E-4,NO
224,108,7.36985717150078E-4,NO
225,111,7.36985717150078E-4,NO
226,319,0.0036585162784487746,NO
227,129,7.36985717150078E-4,NO
228,49,7.861385225570592E-4,NO
229,358,0.01129669279033961,NO
230,277,0.0036585162784487746,NO
231,49,7.861385225570592E-4,NO
232,89,7.36985717150078E-4,NO
233,41,7.861385225570592E-4,NO
234,66,7.861385225570592E-4,NO
235,63,7.861385225570592E-4,NO
236,24,0.0011313956177981402,NO
237,50,7.861385225570592E-4,NO
238,72,7.861385225570592E-4,NO
239,47,7.861385225570592E-4,NO
240,47,7.861385225570592E-4,NO
241,183,9.32198839920403E-4,NO
242,49,7.861385225570592E-4,NO
243,50,7.861385225570592E-4,NO
244,98,7.36985717150078E-4,NO
245,143,7.36985717150078E-4,NO
246,43,7.861385225570592E-4,NO
247,42,7.861385225570592E-4,NO
248,56,7.861385225570592E-4,NO
249,44,7.861385225570592E-4,NO
250,26,0.0011313956177981402,NO
251,254,0.001590656054098345,NO
252,16883,0.007605018968561368,NO
253,74,7.861385225570592E-4,NO
254,153,9.32198839920403E-4,NO
255,68,7.861385225570592E-4,NO
256,100,7.36985717150078E-4,NO
257,550,0.999551761905372,YES
258,437,0.21415875820787453,NO
259,1038,1.0,YES
260,104,0.4403431108085236,YES
261,332,0.9241804259113889,YES
262,123,7.36985717150078E-4,NO
263,106,7.36985717150078E-4,NO
264,106,7.36985717150078E-4,NO
265,94,0.4403431108085236,YES
266,101,0.4403431108085236,YES
267,38,7.861385225570592E-4,NO
268,628,0.9999969153451127,YES
269,32,7.861385225570592E-4,NO
270,111,7.36985717150078E-4,NO
271,35,7.861385225570592E-4,NO
272,90,7.36985717150078E-4,NO
273,27,0.0011313956177981402,NO
274,28,0.0011313956177981402,NO
275,92,7.36985717150078E-4,NO
276,956,0.9999999999999983,YES
277,67,7.861385225570592E-4,NO
278,29,0.0011313956177981402,NO
279,105,7.36985717150078E-4,NO
280,72,7.861385225570592E-4,NO
281,37,7.861385225570592E-4,NO
282,47,7.861385225570592E-4,NO
283,31,7.861385225570592E-4,NO
284,90,7.36985717150078E-4,NO
285,223,0.001590656054098345,NO
286,214,0.001590656054098345,NO
287,107,7.36985717150078E-4,NO
288,37,7.861385225570592E-4,NO
289,27,0.0011313956177981402,NO
290,48,7.861385225570592E-4,NO
291,167,0.49885083342849684,YES
292,213,0.001590656054098345,NO
293,867,0.9999999999961274,YES
294,159,9.32198839920403E-4,NO
295,100,7.36985717150078E-4,NO
296,96,7.36985717150078E-4,NO
297,842,1.0,YES
298,525,0.676405718202292,NO
299,83,7.861385225570592E-4,NO
300,63,7.861385225570592E-4,NO
301,76,7.861385225570592E-4,NO
302,202,9.32198839920403E-4,NO
303,155,0.49885083342849684,YES
304,1263,1.0,YES
305,74,7.861385225570592E-4,NO
306,101,7.36985717150078E-4,NO
307,27,0.0011313956177981402,NO
308,22,0.0011313956177981402,NO
309,491,0.9965721828754402,YES
310,62,7.861385225570592E-4,NO
311,59,7.861385225570592E-4,NO
312,99,7.36985717150078E-4,NO
313,27,0.0011313956177981402,NO
314,77,7.861385225570592E-4,NO
315,846,0.9999999958686332,YES
316,64,7.861385225570592E-4,NO
317,45,7.861385225570592E-4,NO
318,63,7.861385225570592E-4,NO
319,54,7.861385225570592E-4,NO
320,64,7.861385225570592E-4,NO
321,132,7.36985717150078E-4,NO
322,177,9.32198839920403E-4,NO
323,70,7.861385225570592E-4,NO
324,36,7.861385225570592E-4,NO
325,58,7.861385225570592E-4,NO
326,62,7.861385225570592E-4,NO
327,132,7.36985717150078E-4,NO
328,74,7.861385225570592E-4,NO
329,86,0.4563226136929115,YES
330,74,7.861385225570592E-4,NO
331,48,7.861385225570592E-4,NO
332,74,7.861385225570592E-4,NO
333,86,7.861385225570592E-4,NO
334,355,0.01129669279033961,NO
335,53,7.861385225570592E-4,NO
336,804,0.9999999998177161,YES
337,75,7.861385225570592E-4,NO
338,125,7.36985717150078E-4,NO
339,200,9.32198839920403E-4,NO
340,134,7.36985717150078E-4,NO
341,57,7.861385225570592E-4,NO
342,123,7.36985717150078E-4,NO
343,266,0.11181570829759943,NO
344,162,9.32198839920403E-4,NO
345,130,7.36985717150078E-4,NO
346,108,7.36985717150078E-4,NO
347,354,0.01129669279033961,NO
348,88,7.36985717150078E-4,NO
349,28,0.0011313956177981402,NO
350,58,7.861385225570592E-4,NO
351,308,0.7966363804495811,YES
352,343,0.9241804259113889,YES
353,103,7.36985717150078E-4,NO
354,35,7.861385225570592E-4,NO
355,98,7.36985717150078E-4,NO
356,117,0.4403431108085236,YES
