ID, Size, Predicted, Actual
0,215,0.03652795446943353,NO
1,274,0.9766775134817509,YES
2,461,0.9779389284117126,YES
3,138,0.035790626550230686,NO
4,358,0.03790989969922908,NO
5,1248,0.985629310886552,YES
6,51,0.035191192683457884,NO
7,45,0.035191192683457884,NO
8,157,0.03614160583258718,NO
9,31,0.035191192683457884,NO
10,1008,0.051269737179284715,YES
11,55,0.035191192683457884,NO
12,204,0.9584305236929757,NO
13,55,0.035191192683457884,NO
14,103,0.03547409727377842,NO
15,83,0.9756939799496739,YES
16,262,0.03695068948154664,NO
17,83,0.03547409727377842,NO
18,867,0.9999690575575154,YES
19,40,0.035191192683457884,NO
20,387,0.03844893569314103,YES
21,390,0.03844893569314103,NO
22,51,0.035191192683457884,NO
23,637,1.0,YES
24,32,0.035191192683457884,NO
25,68,0.03547409727377842,YES
26,547,1.0,NO
27,566,0.9629955052641588,NO
28,314,0.9769685804308398,YES
29,839,0.04642833831465319,NO
30,211,0.03652795446943353,NO
31,31,0.035191192683457884,NO
32,50,0.035191192683457884,NO
33,27,0.035191192683457884,NO
34,175,1.0,NO
35,50,0.035191192683457884,NO
36,62,0.035191192683457884,NO
37,87,0.03547409727377842,NO
38,52,0.035191192683457884,NO
39,373,0.03790989969922908,NO
40,224,0.9584305236929757,NO
41,118,0.035790626550230686,YES
42,83,0.03547409727377842,NO
43,147,0.035790626550230686,NO
44,58,0.035191192683457884,NO
45,44,0.035191192683457884,NO
46,106,0.03547409727377842,NO
47,189,0.03614160583258718,NO
48,151,0.035790626550230686,NO
49,352,0.03790989969922908,YES
50,849,0.04642833831465319,YES
51,877,0.047534355581308675,YES
52,41,0.035191192683457884,NO
53,319,0.03741092959762704,YES
54,27,0.035191192683457884,NO
55,55,0.035191192683457884,NO
56,94,0.03547409727377842,NO
57,191,0.03614160583258718,NO
58,90,0.03547409727377842,NO
59,90,0.03547409727377842,NO
60,271,0.03695068948154664,YES
61,152,0.035790626550230686,NO
62,90,0.03547409727377842,YES
63,82,0.03547409727377842,NO
64,147,0.035790626550230686,NO
65,422,0.03844893569314103,YES
66,1059,1.0,YES
67,530,0.04032157848458248,NO
68,205,0.9764038614478637,YES
69,190,0.9999598221979785,YES
70,86,0.03547409727377842,NO
71,207,0.9764038614478637,YES
72,397,0.03844893569314103,YES
73,573,0.04103665379315306,NO
74,126,0.035790626550230686,YES
75,167,0.9761483033999295,YES
76,109,0.03547409727377842,NO
77,85,0.03547409727377842,NO
78,237,0.03652795446943353,NO
79,424,0.9779389284117126,YES
80,47,0.035191192683457884,NO
81,1118,0.9842469528318554,YES
82,27,0.035191192683457884,NO
83,89,0.03547409727377842,NO
84,474,0.9782921491317145,YES
85,166,0.03614160583258718,NO
86,92,0.03547409727377842,NO
87,476,0.9999635134696904,YES
88,93,0.03547409727377842,NO
89,244,0.03652795446943353,NO
90,204,0.9764038614478637,YES
91,252,0.03695068948154664,NO
92,109,0.03547409727377842,YES
93,618,0.9794293987574269,YES
94,565,0.04103665379315306,YES
95,69,0.03547409727377842,NO
96,77,0.03547409727377842,NO
97,97,0.03547409727377842,NO
98,343,0.03790989969922908,NO
99,214,0.03652795446943353,NO
100,79,0.03547409727377842,NO
101,25,0.035191192683457884,NO
102,84,0.03547409727377842,NO
103,34,0.035191192683457884,NO
104,33,0.035191192683457884,NO
105,104,0.03547409727377842,NO
106,172,0.03614160583258718,NO
107,70,0.03547409727377842,NO
108,140,0.035790626550230686,NO
109,156,0.03614160583258718,NO
110,142,0.035790626550230686,NO
111,152,0.035790626550230686,NO
112,31,0.035191192683457884,NO
113,60,0.035191192683457884,NO
114,60,0.035191192683457884,NO
115,876,0.047534355581308675,NO
116,61,0.035191192683457884,NO
117,185,0.03614160583258718,NO
118,264,0.03695068948154664,NO
119,43,0.035191192683457884,NO
120,248,0.03695068948154664,NO
121,310,1.0,YES
122,199,0.03614160583258718,NO
123,194,0.03614160583258718,NO
124,346,0.03790989969922908,NO
125,90,1.0,NO
126,335,0.03790989969922908,YES
127,372,0.9772763453080799,YES
128,84,0.03547409727377842,NO
129,53,0.035191192683457884,NO
130,148,0.9759114777986266,YES
131,4088,0.7642063143361176,NO
132,860,1.0,YES
133,47,0.035191192683457884,NO
134,101,0.03547409727377842,NO
135,517,0.04032157848458248,YES
136,327,0.03741092959762704,YES
137,275,0.03695068948154664,YES
138,136,0.9759114777986266,YES
139,56,0.035191192683457884,NO
140,74,0.03547409727377842,YES
141,362,0.03790989969922908,YES
142,174,0.03614160583258718,NO
143,148,0.035790626550230686,NO
144,92,0.03547409727377842,NO
145,45,0.035191192683457884,NO
146,39,0.035191192683457884,NO
147,182,0.9579886809241372,NO
148,77,0.03547409727377842,NO
149,666,0.042614776934207704,NO
150,88,0.03547409727377842,YES
151,263,0.03695068948154664,YES
152,54,0.035191192683457884,NO
153,76,0.03547409727377842,NO
154,132,0.035790626550230686,NO
155,160,0.03614160583258718,YES
156,152,0.035790626550230686,NO
157,39,0.035191192683457884,NO
158,677,0.042614776934207704,NO
159,131,0.035790626550230686,NO
160,47,0.035191192683457884,NO
161,129,0.035790626550230686,NO
162,43,0.035191192683457884,NO
163,73,0.03547409727377842,NO
164,257,0.03695068948154664,NO
165,356,0.03790989969922908,NO
166,62,0.035191192683457884,NO
167,45,0.035191192683457884,NO
168,97,0.03547409727377842,NO
169,131,0.9759114777986266,YES
170,68,0.03547409727377842,YES
171,99,0.03547409727377842,NO
172,53,0.035191192683457884,NO
173,81,0.03547409727377842,NO
174,78,0.03547409727377842,YES
175,69,0.03547409727377842,NO
176,69,0.03547409727377842,NO
177,77,0.03547409727377842,NO
178,72,0.03547409727377842,NO
179,72,0.03547409727377842,NO
180,63,0.035191192683457884,NO
181,50,0.035191192683457884,NO
182,28,0.035191192683457884,NO
183,96,0.03547409727377842,NO
184,40,0.035191192683457884,NO
185,76,0.03547409727377842,NO
186,49,0.035191192683457884,NO
187,63,0.035191192683457884,NO
188,55,0.035191192683457884,NO
189,45,0.035191192683457884,NO
190,476,0.0396531364964778,NO
191,77,0.03547409727377842,NO
192,69,0.03547409727377842,NO
193,104,0.03547409727377842,NO
194,115,0.035790626550230686,NO
195,421,0.03844893569314103,NO
196,61,0.035191192683457884,NO
197,2009,0.11067609594641115,NO
198,179,0.03614160583258718,NO
199,106,0.03547409727377842,NO
200,33,0.035191192683457884,NO
201,657,0.042614776934207704,NO
202,295,0.03741092959762704,NO
203,872,0.047534355581308675,NO
204,444,0.039029489830897664,NO
205,168,0.03614160583258718,NO
206,752,0.04440520690779627,NO
207,135,0.035790626550230686,NO
208,1126,0.05414540036887451,NO
209,163,0.03614160583258718,NO
210,184,0.03614160583258718,NO
211,51,0.035191192683457884,NO
212,25,0.035191192683457884,NO
213,180,0.03614160583258718,NO
214,64,0.035191192683457884,NO
215,101,0.03547409727377842,NO
216,512,0.04032157848458248,NO
217,187,0.03614160583258718,NO
218,56,0.035191192683457884,NO
219,39,0.035191192683457884,NO
220,261,0.03695068948154664,NO
221,73,0.03547409727377842,NO
222,65,0.035191192683457884,NO
223,329,0.03741092959762704,NO
224,64,0.035191192683457884,NO
225,164,0.03614160583258718,NO
226,624,0.04180034295496759,NO
227,74,0.03547409727377842,NO
228,117,0.035790626550230686,NO
229,84,0.03547409727377842,NO
230,226,0.03652795446943353,NO
231,76,0.03547409727377842,NO
232,323,0.03741092959762704,NO
233,72,0.03547409727377842,NO
234,42,0.035191192683457884,NO
235,48,0.035191192683457884,NO
236,89,0.03547409727377842,NO
237,380,0.03844893569314103,NO
238,141,0.035790626550230686,NO
239,148,0.035790626550230686,NO
240,191,0.03614160583258718,NO
241,46,0.035191192683457884,NO
242,165,0.03614160583258718,NO
243,171,0.03614160583258718,NO
244,56,0.035191192683457884,NO
245,179,0.03614160583258718,NO
246,74,0.03547409727377842,NO
247,36,0.035191192683457884,NO
248,37,0.035191192683457884,NO
249,34,0.035191192683457884,NO
250,34,0.035191192683457884,NO
251,38,0.035191192683457884,NO
252,39,0.035191192683457884,NO
253,156,0.03614160583258718,NO
254,84,0.03547409727377842,NO
255,117,0.035790626550230686,NO
256,94,0.03547409727377842,NO
257,71,0.03547409727377842,NO
258,183,0.03614160583258718,NO
259,85,0.03547409727377842,NO
260,183,0.03614160583258718,NO
261,70,0.03547409727377842,NO
262,54,0.035191192683457884,NO
263,160,0.03614160583258718,NO
264,128,0.035790626550230686,NO
265,151,0.035790626550230686,NO
266,422,0.03844893569314103,NO
267,221,0.03652795446943353,NO
268,50,0.035191192683457884,NO
269,42,0.035191192683457884,NO
270,624,0.04180034295496759,NO
271,377,0.03790989969922908,NO
272,382,0.03844893569314103,NO
273,72,0.03547409727377842,NO
274,92,0.03547409727377842,NO
275,282,0.03695068948154664,NO
276,371,0.03790989969922908,NO
277,47,0.035191192683457884,NO
278,108,0.03547409727377842,NO
279,111,0.03547409727377842,NO
280,319,0.03741092959762704,NO
281,129,0.035790626550230686,NO
282,49,0.035191192683457884,NO
283,358,0.03790989969922908,NO
284,277,0.03695068948154664,NO
285,49,0.035191192683457884,NO
286,89,0.03547409727377842,NO
287,41,0.035191192683457884,NO
288,66,0.035191192683457884,NO
289,63,0.035191192683457884,NO
290,24,0.035191192683457884,NO
291,50,0.035191192683457884,NO
292,72,0.03547409727377842,NO
293,47,0.035191192683457884,NO
294,47,0.035191192683457884,NO
295,183,0.03614160583258718,NO
296,49,0.035191192683457884,NO
297,50,0.035191192683457884,NO
298,98,0.03547409727377842,NO
299,143,0.035790626550230686,NO
300,43,0.035191192683457884,NO
301,42,0.035191192683457884,NO
302,56,0.035191192683457884,NO
303,44,0.035191192683457884,NO
304,26,0.035191192683457884,NO
305,254,0.03695068948154664,NO
306,16883,0.043414071563604925,NO
307,74,0.03547409727377842,NO
308,153,0.035790626550230686,NO
309,68,0.03547409727377842,NO
310,100,0.03547409727377842,NO
311,550,0.04032157848458248,NO
312,437,0.039029489830897664,NO
313,1038,0.051269737179284715,NO
314,104,0.03547409727377842,NO
315,332,0.03741092959762704,NO
316,123,0.035790626550230686,NO
317,106,0.03547409727377842,NO
318,106,0.03547409727377842,NO
319,94,0.03547409727377842,NO
320,101,0.03547409727377842,NO
321,38,0.035191192683457884,NO
322,628,0.04180034295496759,YES
323,32,0.035191192683457884,NO
324,111,0.03547409727377842,NO
325,35,0.035191192683457884,NO
326,90,0.03547409727377842,NO
327,27,0.035191192683457884,NO
328,28,0.035191192683457884,NO
329,92,0.03547409727377842,NO
330,979,0.04995147812825941,NO
331,67,0.03547409727377842,NO
332,29,0.035191192683457884,NO
333,105,0.03547409727377842,NO
334,72,0.03547409727377842,NO
335,37,0.035191192683457884,NO
336,47,0.035191192683457884,NO
337,31,0.035191192683457884,NO
338,90,0.03547409727377842,NO
339,223,0.03652795446943353,NO
340,214,0.03652795446943353,NO
341,107,0.03547409727377842,NO
342,37,0.035191192683457884,NO
343,27,0.035191192683457884,NO
344,48,0.035191192683457884,NO
345,167,0.03614160583258718,NO
346,213,0.03652795446943353,NO
347,867,0.04642833831465319,NO
348,159,0.03614160583258718,NO
349,100,0.03547409727377842,NO
350,96,0.03547409727377842,NO
351,842,0.04642833831465319,NO
352,535,0.04032157848458248,NO
353,83,0.03547409727377842,NO
354,63,0.035191192683457884,NO
355,76,0.03547409727377842,NO
356,202,0.03652795446943353,NO
357,155,0.035790626550230686,NO
358,1263,0.059124292294379294,NO
359,74,0.03547409727377842,NO
360,101,0.03547409727377842,NO
361,27,0.035191192683457884,NO
362,22,0.034941178221896844,NO
363,491,0.0396531364964778,NO
364,62,0.035191192683457884,NO
365,59,0.035191192683457884,NO
366,99,0.03547409727377842,NO
367,27,0.035191192683457884,NO
368,77,0.03547409727377842,NO
369,863,0.04642833831465319,NO
370,64,0.035191192683457884,NO
371,45,0.035191192683457884,NO
372,63,0.035191192683457884,NO
373,54,0.035191192683457884,NO
374,64,0.035191192683457884,NO
375,132,0.035790626550230686,NO
376,182,0.03614160583258718,NO
377,70,0.03547409727377842,NO
378,36,0.035191192683457884,NO
379,58,0.035191192683457884,NO
380,62,0.035191192683457884,NO
381,132,0.035790626550230686,NO
382,74,0.03547409727377842,NO
383,86,0.03547409727377842,NO
384,74,0.03547409727377842,NO
385,48,0.035191192683457884,NO
386,74,0.03547409727377842,NO
387,86,0.03547409727377842,NO
388,355,0.03790989969922908,NO
389,53,0.035191192683457884,NO
390,804,0.04538629650626278,NO
391,75,0.03547409727377842,NO
392,125,0.035790626550230686,NO
393,200,0.03614160583258718,NO
394,134,0.035790626550230686,NO
395,57,0.035191192683457884,NO
396,123,0.035790626550230686,NO
397,266,0.03695068948154664,YES
398,162,0.03614160583258718,NO
399,130,0.035790626550230686,YES
400,108,0.03547409727377842,YES
401,354,0.03790989969922908,YES
402,88,0.03547409727377842,YES
403,28,0.035191192683457884,NO
404,58,0.035191192683457884,NO
405,308,0.03741092959762704,YES
406,343,0.03790989969922908,YES
407,103,0.03547409727377842,NO
408,35,0.035191192683457884,NO
409,98,0.03547409727377842,NO
410,117,0.035790626550230686,NO
