ID, Size, Predicted, Actual
0,227,0.0,NO
1,276,0.0,NO
2,460,0.0325,NO
3,138,0.0,NO
4,352,0.02,NO
5,23,0.0,NO
6,56,0.21565476190476185,NO
7,51,0.0,NO
8,22,0.0,NO
9,44,0.0,NO
10,111,0.0,NO
11,71,0.0,NO
12,196,0.6433333333333333,NO
13,39,0.0,NO
14,124,0.18,NO
15,38,0.02,NO
16,22,0.0,NO
17,44,0.0,NO
18,368,0.63,NO
19,22,0.0,NO
20,285,0.06,NO
21,21,0.01,NO
22,22,0.0,NO
23,208,0.06,NO
24,55,0.003333333333333333,NO
25,21,0.01,NO
26,288,0.05,NO
27,47,0.0,NO
28,54,0.0,NO
29,105,0.0,NO
30,483,0.02,NO
31,35,0.23110714285714282,NO
32,142,0.33,NO
33,95,0.08216666666666668,NO
34,164,0.03,NO
35,70,0.0,NO
36,22,0.0,NO
37,26,0.01,NO
38,21,0.01,NO
39,56,0.21565476190476185,NO
40,102,0.08166666666666668,NO
41,107,0.36833333333333335,NO
42,67,0.0,NO
43,39,0.0,NO
44,52,0.02,NO
45,20,0.0,NO
46,42,0.0,NO
47,36,0.0,NO
48,30,0.0,NO
49,71,0.0,NO
50,57,0.0095,NO
51,31,0.01,NO
52,20,0.0,NO
53,90,0.03,NO
54,52,0.02,NO
55,108,0.07,NO
56,20,0.0,NO
57,93,0.05,NO
58,52,0.02,NO
59,117,0.08,NO
60,20,0.0,NO
61,31,0.0,NO
62,109,0.17203832051161774,NO
63,44,0.0,NO
64,72,0.0,NO
65,99,0.0,NO
66,103,0.0,NO
67,20,0.0,NO
68,71,0.0,NO
69,140,0.02,NO
70,1579,0.39,NO
71,45,0.058244680779313655,NO
72,282,0.375,NO
73,2582,0.3,NO
74,242,0.2775,NO
75,55,0.0,NO
76,204,0.0,NO
77,59,0.0,NO
78,102,0.0,NO
79,34,0.0,NO
80,83,0.05001380588682009,NO
81,114,0.0,NO
82,60,0.06207258016520706,NO
83,461,0.34,NO
84,87,0.002105263157894737,NO
85,130,0.5103131313131314,NO
86,49,0.02,NO
87,123,0.0835,NO
88,101,0.04550961015635801,NO
89,1350,0.31,NO
90,455,0.04333333333333333,NO
91,40,0.0,NO
92,518,0.06,NO
93,371,0.2,NO
94,49,0.0,NO
95,490,0.36,NO
96,32,0.0,NO
97,73,0.0,NO
98,633,0.1,NO
99,780,0.26,NO
100,470,0.04,NO
101,1015,0.35,NO
102,278,0.0,NO
103,31,0.0,NO
104,36,0.0,NO
105,58,0.043392161747841246,NO
106,172,0.0,NO
107,86,0.0,NO
108,162,0.07700139871308602,NO
109,53,0.0,NO
110,415,0.016666666666666666,NO
111,200,0.0,NO
112,264,0.02,NO
113,166,0.0,NO
114,38,0.04487108850594987,NO
115,122,0.14,NO
116,85,0.0,NO
117,66,0.0,NO
118,60,0.06207258016520706,NO
119,37,0.0,NO
120,233,0.0,NO
121,37,0.0,NO
122,239,0.0,NO
123,40,0.0,NO
124,208,0.44849999999999995,NO
125,210,0.08,NO
126,388,0.08,NO
127,22,0.0,NO
128,262,0.09,NO
129,306,0.25,NO
130,1438,0.32,NO
131,1469,0.33,NO
132,67,0.02,NO
133,437,0.59,NO
134,223,0.28,NO
135,35,0.0,NO
136,53,0.0,NO
137,196,0.06,NO
138,108,0.19170873424820786,NO
139,237,0.0,NO
140,219,0.32,NO
141,340,0.31,NO
142,161,0.0,NO
143,136,0.0034285714285714293,NO
144,376,0.4475,NO
145,388,0.11,NO
146,153,0.16916666666666666,NO
147,114,0.3,NO
148,220,0.235,NO
149,453,0.33,NO
150,1828,0.26,NO
151,246,0.05,NO
152,636,0.14,NO
153,299,0.5683333333333332,NO
154,259,0.10516666666666669,NO
155,90,0.050796002892019666,NO
156,93,0.09209223374664553,NO
157,441,0.47,NO
158,149,0.0,NO
159,610,0.15,NO
160,123,0.13,NO
161,197,0.04,NO
162,865,0.39,NO
163,596,0.22,NO
164,141,0.0,NO
165,179,0.0,NO
166,630,0.33,NO
167,402,0.25,NO
168,42,0.0,NO
169,42,0.0,NO
170,315,0.28,NO
171,85,0.0,NO
172,472,0.16,NO
173,106,0.0,NO
174,250,0.0,NO
175,162,0.07700139871308602,NO
176,236,0.7075,NO
177,73,0.0,NO
178,104,0.0,NO
179,40,0.0,NO
180,98,0.0,NO
181,39,0.0,NO
182,38,0.02,NO
183,67,0.02,NO
184,76,0.004575757575757576,NO
185,42,0.0,NO
186,71,0.0,NO
187,101,0.0,NO
188,59,0.0,NO
189,55,0.003333333333333333,NO
190,27,0.0,NO
191,89,0.28,NO
192,26,0.01,NO
193,24,0.0,NO
194,485,0.07,NO
195,1651,0.40333333333333327,NO
196,48,0.0,NO
197,2479,0.55,NO
198,23,0.0,NO
199,115,0.385,NO
200,108,0.0,NO
201,346,0.04,NO
202,391,0.08,NO
203,22,0.0,NO
204,83,0.01,NO
205,51,0.0,NO
206,43,0.0,NO
207,54,0.0,NO
208,43,0.0,NO
209,47,0.0,NO
210,33,0.0,NO
211,195,0.18666666666666665,NO
212,91,0.16,NO
213,110,0.0,NO
214,81,0.47895238095238085,NO
215,108,0.23,NO
216,109,0.0,NO
217,90,0.48,NO
218,131,0.0,NO
219,95,0.076,NO
220,132,0.02,NO
221,176,0.01,NO
222,124,0.0835,NO
223,103,0.0,NO
224,120,0.4400476190476191,NO
225,149,0.52,NO
226,76,0.004575757575757576,NO
227,89,0.0375,NO
228,20,0.0,NO
229,213,0.0,NO
230,542,0.23,NO
231,233,0.0,NO
232,134,0.0,NO
233,104,0.0,NO
234,121,0.0,NO
235,39,0.0,NO
236,41,0.0,NO
237,248,0.0,NO
238,215,0.0,NO
239,269,0.43,NO
240,165,0.0,NO
241,277,0.0,NO
242,100,0.10406774919442352,NO
243,358,0.0,NO
244,29,0.0,NO
245,339,0.0,NO
246,719,0.07,NO
247,141,0.0,NO
248,801,0.0,NO
249,77,0.0,NO
250,97,0.0,NO
251,380,0.0,NO
252,214,0.0,NO
253,38,0.04487108850594987,NO
254,79,0.0,NO
255,25,0.0,NO
256,84,0.03441003667202225,NO
257,34,0.0,NO
258,33,0.0,NO
259,104,0.0,NO
260,193,0.29800180375180363,NO
261,70,0.0,NO
262,140,0.0,NO
263,22,0.0,NO
264,158,0.0,NO
265,142,0.0,NO
266,109,0.17203832051161774,NO
267,158,0.0,NO
268,31,0.0,NO
269,344,0.0855,NO
270,71,0.0,NO
271,84,0.03441003667202225,NO
272,79,0.0,NO
273,881,0.0,NO
274,64,0.0,NO
275,199,0.2694087301587301,NO
276,261,0.0,NO
277,155,0.0,NO
278,45,0.0,NO
279,23,0.0,NO
280,405,0.1815,NO
281,248,0.0,NO
282,599,0.28,NO
283,28,0.0,NO
284,452,0.02,NO
285,482,0.43,NO
286,434,0.58,NO
287,83,0.05001380588682009,NO
288,393,0.05833333333333335,NO
289,230,0.35,NO
290,248,0.0,NO
291,28,0.0,NO
292,69,0.045031187323371316,NO
293,116,0.0,NO
294,100,0.10406774919442352,NO
295,46,0.0,NO
296,226,0.0,NO
297,86,0.07,NO
298,93,0.09209223374664553,NO
299,1935,0.66,NO
300,41,0.0,NO
301,64,0.0,NO
302,176,0.2033333333333333,NO
303,334,0.0,NO
304,114,0.0,NO
305,66,0.0,NO
306,38,0.04487108850594987,NO
307,46,0.01,NO
308,101,0.04550961015635801,NO
309,144,0.22,NO
310,156,0.0,NO
311,113,0.0,NO
312,753,0.23,NO
313,397,0.08,NO
314,327,0.17,NO
315,139,0.0,NO
316,59,0.0,NO
317,78,0.20803770330976218,NO
318,50,0.05,NO
319,483,0.27,NO
320,42,0.0,NO
321,75,0.0,NO
322,219,0.0,NO
323,103,0.0,NO
324,158,0.0,NO
325,190,0.0,NO
326,88,0.2253091427406443,NO
327,248,0.0,NO
328,276,0.0,NO
329,330,0.75,NO
330,69,0.0,NO
331,21,0.01,NO
332,39,0.0,NO
333,22,0.0,NO
334,24,0.0,NO
335,62,0.22145238095238093,NO
336,67,0.14,NO
337,65,0.22133333333333335,NO
338,63,0.20261904761904756,NO
339,22,0.0,NO
340,60,0.06207258016520706,NO
341,38,0.010588235294117647,NO
342,62,0.0,NO
343,23,0.0,NO
344,79,0.0,NO
345,23,0.0,NO
346,176,0.17,NO
347,149,0.05,NO
348,23,0.0,NO
349,34,0.0,NO
350,35,0.0,NO
351,45,0.058244680779313655,NO
352,293,0.0,NO
353,58,0.05,NO
354,39,0.0,NO
355,57,0.0,NO
356,277,0.0,NO
357,468,0.6166666666666667,NO
358,75,0.0,NO
359,666,0.0,NO
360,53,0.0,NO
361,145,0.0,NO
362,53,0.0,NO
363,398,0.17,NO
364,119,0.0,NO
365,271,0.17,NO
366,175,0.48,NO
367,78,0.14,NO
368,415,0.016666666666666666,NO
369,131,0.09967263511342458,NO
370,45,0.058244680779313655,NO
371,156,0.0,NO
372,166,0.0,NO
373,43,0.0,NO
374,74,0.019436972113988458,NO
375,302,0.01,NO
376,494,0.0,NO
377,421,0.0,NO
378,723,0.0,NO
379,550,0.01,NO
380,493,0.0,NO
381,416,0.016666666666666666,NO
382,359,0.0,NO
383,66,0.0,NO
384,62,0.02,NO
385,34,0.24,NO
386,23,0.0,NO
387,41,0.0,NO
388,50,0.0,NO
389,55,0.0,NO
390,1467,0.39,NO
391,187,0.02,NO
392,162,0.16,NO
393,23,0.0,NO
394,142,0.0,NO
395,73,0.0,NO
396,108,0.19170873424820786,NO
397,20,0.0,NO
398,61,0.0,NO
399,86,0.03,NO
400,84,0.011666666666666665,NO
401,90,0.48,NO
402,67,0.02,NO
403,20,0.0,NO
404,60,0.06207258016520706,NO
405,88,0.2253091427406443,NO
406,47,0.0,NO
407,76,0.0,NO
408,21,0.0,NO
409,53,0.0,NO
410,114,0.0,NO
411,121,0.0,NO
412,78,0.20803770330976218,NO
413,20,0.0,NO
414,69,0.045031187323371316,NO
415,80,0.018500000000000003,NO
416,79,0.0,NO
417,81,0.22063095238095234,NO
418,88,0.2253091427406443,NO
419,20,0.0,NO
420,105,0.18573623813407097,NO
421,60,0.06207258016520706,NO
422,50,0.0,NO
423,28,0.0,NO
424,129,0.0,NO
425,43,0.0,NO
426,76,0.0,NO
427,63,0.03057375936692645,NO
428,65,0.0,NO
429,76,0.0,NO
430,45,0.058244680779313655,NO
431,20,0.0,NO
432,126,0.2137261904761905,NO
