ID, Size, Predicted, Actual
0,215,3.980090936469482E-13,NO
1,274,2.0942892024846292E-8,YES
2,461,2.2168966406704518E-8,YES
3,138,3.896769457164391E-13,NO
4,358,6.126291107280542E-14,NO
5,1248,1.0,YES
6,51,5.670919296271381E-14,NO
7,45,3.153314820047903E-13,NO
8,157,5.829817388537401E-14,NO
9,31,5.670919296271381E-14,NO
10,1008,2.7025806420169518E-11,YES
11,55,2.1789734079502804E-12,NO
12,204,0.9999999999932313,NO
13,55,3.872576671451507E-13,NO
14,103,4.8815611139715045E-12,NO
15,83,4.2141164639490774E-10,YES
16,262,4.0279194998500216E-13,NO
17,83,1.2414897207783499E-12,NO
18,867,0.9999999999959636,YES
19,40,5.670919296271381E-14,NO
20,387,4.6272511818918024E-6,YES
21,390,4.1977708764859215E-13,NO
22,51,5.670919296271381E-14,NO
23,637,1.0,YES
24,32,5.670919296271381E-14,NO
25,68,3.2545276934556073E-13,YES
26,547,1.0,NO
27,566,1.0,NO
28,314,4.391251648607117E-5,YES
29,839,0.999988584756696,NO
30,211,1.4723183330369104E-11,NO
31,31,2.9300517690208765E-13,NO
32,50,5.670919296271381E-14,NO
33,27,5.670919296271381E-14,NO
34,175,1.0,NO
35,50,3.7822721349160816E-13,NO
36,62,5.670919296271381E-14,NO
37,87,3.86103926095531E-13,NO
38,52,5.670919296271381E-14,NO
39,373,0.06197342178202959,NO
40,224,0.0016101162414818358,NO
41,118,5.771101229423096E-14,YES
42,83,5.718184940292694E-14,NO
43,147,5.771101229423096E-14,NO
44,58,3.829124499686461E-13,NO
45,44,5.670919296271381E-14,NO
46,106,5.718184940292694E-14,NO
47,189,1.875229971717387E-11,NO
48,151,5.771101229423096E-14,NO
49,352,6.126291107280542E-14,YES
50,849,4.925817347578512E-12,YES
51,877,5.239200893889983E-13,YES
52,41,3.153314820047903E-13,NO
53,319,6.042523021481658E-14,YES
54,27,5.670919296271381E-14,NO
55,55,5.670919296271381E-14,NO
56,94,5.718184940292694E-14,NO
57,191,5.829817388537401E-14,NO
58,90,5.718184940292694E-14,NO
59,90,5.718184940292694E-14,NO
60,271,4.0279194998500216E-13,YES
61,152,3.2215141285297474E-13,NO
62,90,3.6844947378848985E-13,YES
63,82,3.86103926095531E-13,NO
64,147,5.771101229423096E-14,NO
65,422,4.1977708764859215E-13,YES
66,1059,1.0,YES
67,530,6.532396472880578E-14,NO
68,205,1.6069561615619116E-8,YES
69,190,2.9502059107288436E-7,YES
70,86,3.86103926095531E-13,NO
71,207,2.0694210685040186E-8,YES
72,397,1.4933396151306165E-11,YES
73,573,6.653201438146944E-14,NO
74,126,5.771101229423096E-14,YES
75,167,9.42862045908485E-10,YES
76,109,5.718184940292694E-14,NO
77,85,5.718184940292694E-14,NO
78,237,5.894500033725222E-14,NO
79,424,1.1312388692713373E-9,YES
80,47,5.670919296271381E-14,NO
81,1118,0.9999999998971804,YES
82,27,5.670919296271381E-14,NO
83,89,5.718184940292694E-14,NO
84,474,6.214675627757032E-6,YES
85,166,5.829817388537401E-14,NO
86,92,5.718184940292694E-14,NO
87,476,2.5478224610161664E-7,YES
88,93,5.718184940292694E-14,NO
89,244,5.894500033725222E-14,NO
90,204,3.5752568200392733E-10,YES
91,252,5.965333960125354E-14,NO
92,109,5.718184940292694E-14,YES
93,618,3.0105272937562843E-9,YES
94,565,6.653201438146944E-14,YES
95,69,5.718184940292694E-14,NO
96,77,5.718184940292694E-14,NO
97,97,5.718184940292694E-14,NO
98,343,6.126291107280542E-14,NO
99,214,5.894500033725222E-14,NO
100,79,5.718184940292694E-14,NO
101,25,5.670919296271381E-14,NO
102,84,5.718184940292694E-14,NO
103,34,5.670919296271381E-14,NO
104,33,5.670919296271381E-14,NO
105,104,5.718184940292694E-14,NO
106,172,5.829817388537401E-14,NO
107,70,5.718184940292694E-14,NO
108,140,5.771101229423096E-14,NO
109,156,5.829817388537401E-14,NO
110,142,5.771101229423096E-14,NO
111,152,5.771101229423096E-14,NO
112,31,5.670919296271381E-14,NO
113,60,5.670919296271381E-14,NO
114,60,5.670919296271381E-14,NO
115,876,7.759237248263768E-14,NO
116,61,5.670919296271381E-14,NO
117,185,5.829817388537401E-14,NO
118,264,5.965333960125354E-14,NO
119,43,3.153314820047903E-13,NO
120,248,5.965333960125354E-14,NO
121,310,1.0,YES
122,199,1.5104167731401615E-11,NO
123,194,3.9364158481013616E-13,NO
124,346,6.126291107280542E-14,NO
125,90,1.0,NO
126,335,0.999999997549805,YES
127,372,8.409658740122406E-6,YES
128,84,5.718184940292694E-14,NO
129,53,5.670919296271381E-14,NO
130,148,3.7755039906207617E-10,YES
131,4088,5.038940044754926E-12,NO
132,860,1.0,YES
133,47,5.670919296271381E-14,NO
134,101,5.718184940292694E-14,NO
135,517,6.532396472880578E-14,YES
136,327,6.042523021481658E-14,YES
137,275,4.0279194998500216E-13,YES
138,136,4.253114049278884E-10,YES
139,56,5.670919296271381E-14,NO
140,74,5.718184940292694E-14,YES
141,362,1.9705942629378728E-11,YES
142,174,3.9364158481013616E-13,NO
143,148,3.896769457164391E-13,NO
144,92,3.86103926095531E-13,NO
145,45,5.670919296271381E-14,NO
146,39,3.086155341150454E-13,NO
147,182,2.1676061126709893E-10,NO
148,77,3.86103926095531E-13,NO
149,666,6.920448476233144E-14,NO
150,88,5.718184940292694E-14,YES
151,263,5.965333960125354E-14,YES
152,54,5.670919296271381E-14,NO
153,76,2.9629475045998664E-13,NO
154,132,3.896769457164391E-13,NO
155,160,5.829817388537401E-14,YES
156,152,5.771101229423096E-14,NO
157,39,5.670919296271381E-14,NO
158,677,6.920448476233144E-14,NO
159,131,5.771101229423096E-14,NO
160,47,5.670919296271381E-14,NO
161,129,5.771101229423096E-14,NO
162,43,5.670919296271381E-14,NO
163,73,8.880160843243736E-13,NO
164,257,5.965333960125354E-14,NO
165,356,6.126291107280542E-14,NO
166,62,5.670919296271381E-14,NO
167,45,5.670919296271381E-14,NO
168,97,5.718184940292694E-14,NO
169,131,6.349056768949928E-7,YES
170,68,7.273336745146804E-13,YES
171,99,3.720882509462565E-12,NO
172,53,3.872576671451507E-13,NO
173,81,1.0731571156715862E-12,NO
174,78,9.385699523434486E-13,YES
175,69,7.273336745146804E-13,NO
176,69,7.273336745146804E-13,NO
177,77,9.385699523434486E-13,NO
178,72,8.880160843243736E-13,NO
179,72,8.880160843243736E-13,NO
180,63,5.305044418830884E-13,NO
181,50,3.4351130573497143E-13,NO
182,28,2.969644672333079E-13,NO
183,96,3.720882509462565E-12,NO
184,40,3.153314820047903E-13,NO
185,76,9.385699523434486E-13,NO
186,49,3.4351130573497143E-13,NO
187,63,5.305044418830884E-13,NO
188,55,3.872576671451507E-13,NO
189,45,3.153314820047903E-13,NO
190,476,6.41963243720483E-14,NO
191,77,5.718184940292694E-14,NO
192,69,5.718184940292694E-14,NO
193,104,5.718184940292694E-14,NO
194,115,5.771101229423096E-14,NO
195,421,6.216883224021582E-14,NO
196,61,5.670919296271381E-14,NO
197,2009,1.9348825392337994E-13,NO
198,179,5.829817388537401E-14,NO
199,106,5.718184940292694E-14,NO
200,33,5.670919296271381E-14,NO
201,657,6.920448476233144E-14,NO
202,295,6.042523021481658E-14,NO
203,872,7.759237248263768E-14,NO
204,444,6.31456668792644E-14,NO
205,168,5.829817388537401E-14,NO
206,752,7.224717390804594E-14,NO
207,135,5.771101229423096E-14,NO
208,1126,8.900162361972981E-14,NO
209,163,5.829817388537401E-14,NO
210,184,5.829817388537401E-14,NO
211,51,5.670919296271381E-14,NO
212,25,5.670919296271381E-14,NO
213,180,5.829817388537401E-14,NO
214,64,5.670919296271381E-14,NO
215,101,5.718184940292694E-14,NO
216,512,6.532396472880578E-14,NO
217,187,5.829817388537401E-14,NO
218,56,5.670919296271381E-14,NO
219,39,5.670919296271381E-14,NO
220,261,5.965333960125354E-14,NO
221,73,5.718184940292694E-14,NO
222,65,5.670919296271381E-14,NO
223,329,6.042523021481658E-14,NO
224,64,5.670919296271381E-14,NO
225,164,5.829817388537401E-14,NO
226,624,6.782418347272798E-14,NO
227,74,5.718184940292694E-14,NO
228,117,5.771101229423096E-14,NO
229,84,5.718184940292694E-14,NO
230,226,5.894500033725222E-14,NO
231,76,5.718184940292694E-14,NO
232,323,6.042523021481658E-14,NO
233,72,5.718184940292694E-14,NO
234,42,5.670919296271381E-14,NO
235,48,5.670919296271381E-14,NO
236,89,5.718184940292694E-14,NO
237,380,6.216883224021582E-14,NO
238,141,5.771101229423096E-14,NO
239,148,5.771101229423096E-14,NO
240,191,5.829817388537401E-14,NO
241,46,5.670919296271381E-14,NO
242,165,5.829817388537401E-14,NO
243,171,5.829817388537401E-14,NO
244,56,5.670919296271381E-14,NO
245,179,5.829817388537401E-14,NO
246,74,5.718184940292694E-14,NO
247,36,5.670919296271381E-14,NO
248,37,5.670919296271381E-14,NO
249,34,5.670919296271381E-14,NO
250,34,5.670919296271381E-14,NO
251,38,5.670919296271381E-14,NO
252,39,5.670919296271381E-14,NO
253,156,5.829817388537401E-14,NO
254,84,5.718184940292694E-14,NO
255,117,5.771101229423096E-14,NO
256,94,5.718184940292694E-14,NO
257,71,5.718184940292694E-14,NO
258,183,5.829817388537401E-14,NO
259,85,5.718184940292694E-14,NO
260,183,5.829817388537401E-14,NO
261,70,5.718184940292694E-14,NO
262,54,5.670919296271381E-14,NO
263,160,5.829817388537401E-14,NO
264,128,5.771101229423096E-14,NO
265,151,5.771101229423096E-14,NO
266,422,6.216883224021582E-14,NO
267,221,5.894500033725222E-14,NO
268,50,5.670919296271381E-14,NO
269,42,5.670919296271381E-14,NO
270,624,6.782418347272798E-14,NO
271,377,6.126291107280542E-14,NO
272,382,6.216883224021582E-14,NO
273,72,5.718184940292694E-14,NO
274,92,5.718184940292694E-14,NO
275,282,5.965333960125354E-14,NO
276,371,6.126291107280542E-14,NO
277,47,5.670919296271381E-14,NO
278,108,5.718184940292694E-14,NO
279,111,5.718184940292694E-14,NO
280,319,6.042523021481658E-14,NO
281,129,5.771101229423096E-14,NO
282,49,5.670919296271381E-14,NO
283,358,6.126291107280542E-14,NO
284,277,5.965333960125354E-14,NO
285,49,5.670919296271381E-14,NO
286,89,5.718184940292694E-14,NO
287,41,5.670919296271381E-14,NO
288,66,5.670919296271381E-14,NO
289,63,5.670919296271381E-14,NO
290,24,5.670919296271381E-14,NO
291,50,5.670919296271381E-14,NO
292,72,5.718184940292694E-14,NO
293,47,5.670919296271381E-14,NO
294,47,5.670919296271381E-14,NO
295,183,5.829817388537401E-14,NO
296,49,5.670919296271381E-14,NO
297,50,5.670919296271381E-14,NO
298,98,5.718184940292694E-14,NO
299,143,5.771101229423096E-14,NO
300,43,5.670919296271381E-14,NO
301,42,5.670919296271381E-14,NO
302,56,5.670919296271381E-14,NO
303,44,5.670919296271381E-14,NO
304,26,5.670919296271381E-14,NO
305,254,5.965333960125354E-14,NO
306,16883,7.056141314606558E-14,NO
307,74,5.718184940292694E-14,NO
308,153,5.771101229423096E-14,NO
309,68,5.718184940292694E-14,NO
310,100,5.718184940292694E-14,NO
311,550,6.532396472880578E-14,NO
312,437,6.31456668792644E-14,NO
313,1038,8.401930354417049E-14,NO
314,104,5.718184940292694E-14,NO
315,332,6.042523021481658E-14,NO
316,123,5.771101229423096E-14,NO
317,106,5.718184940292694E-14,NO
318,106,5.718184940292694E-14,NO
319,94,5.718184940292694E-14,NO
320,101,5.718184940292694E-14,NO
321,38,5.670919296271381E-14,NO
322,628,6.782418347272798E-14,YES
323,32,5.670919296271381E-14,NO
324,111,5.718184940292694E-14,NO
325,35,5.670919296271381E-14,NO
326,90,5.718184940292694E-14,NO
327,27,5.670919296271381E-14,NO
328,28,5.670919296271381E-14,NO
329,92,5.718184940292694E-14,NO
330,979,8.17453951685619E-14,NO
331,67,5.718184940292694E-14,NO
332,29,5.670919296271381E-14,NO
333,105,5.718184940292694E-14,NO
334,72,5.718184940292694E-14,NO
335,37,5.670919296271381E-14,NO
336,47,5.670919296271381E-14,NO
337,31,5.670919296271381E-14,NO
338,90,5.718184940292694E-14,NO
339,223,5.894500033725222E-14,NO
340,214,5.894500033725222E-14,NO
341,107,5.718184940292694E-14,NO
342,37,5.670919296271381E-14,NO
343,27,5.670919296271381E-14,NO
344,48,5.670919296271381E-14,NO
345,167,5.829817388537401E-14,NO
346,213,5.894500033725222E-14,NO
347,867,7.569907005652195E-14,NO
348,159,5.829817388537401E-14,NO
349,100,5.718184940292694E-14,NO
350,96,5.718184940292694E-14,NO
351,842,7.569907005652195E-14,NO
352,535,6.532396472880578E-14,NO
353,83,5.718184940292694E-14,NO
354,63,5.670919296271381E-14,NO
355,76,5.718184940292694E-14,NO
356,202,5.894500033725222E-14,NO
357,155,5.771101229423096E-14,NO
358,1263,9.769997211801163E-14,NO
359,74,5.718184940292694E-14,NO
360,101,5.718184940292694E-14,NO
361,27,5.670919296271381E-14,NO
362,22,5.629171762372537E-14,NO
363,491,6.41963243720483E-14,NO
364,62,5.670919296271381E-14,NO
365,59,5.670919296271381E-14,NO
366,99,5.718184940292694E-14,NO
367,27,5.670919296271381E-14,NO
368,77,5.718184940292694E-14,NO
369,863,7.569907005652195E-14,NO
370,64,5.670919296271381E-14,NO
371,45,5.670919296271381E-14,NO
372,63,5.670919296271381E-14,NO
373,54,5.670919296271381E-14,NO
374,64,5.670919296271381E-14,NO
375,132,5.771101229423096E-14,NO
376,182,5.829817388537401E-14,NO
377,70,5.718184940292694E-14,NO
378,36,5.670919296271381E-14,NO
379,58,5.670919296271381E-14,NO
380,62,5.670919296271381E-14,NO
381,132,5.771101229423096E-14,NO
382,74,5.718184940292694E-14,NO
383,86,5.718184940292694E-14,NO
384,74,5.718184940292694E-14,NO
385,48,5.670919296271381E-14,NO
386,74,5.718184940292694E-14,NO
387,86,5.718184940292694E-14,NO
388,355,6.126291107280542E-14,NO
389,53,5.670919296271381E-14,NO
390,804,7.391929595237872E-14,NO
391,75,5.718184940292694E-14,NO
392,125,5.771101229423096E-14,NO
393,200,5.829817388537401E-14,NO
394,134,5.771101229423096E-14,NO
395,57,5.670919296271381E-14,NO
396,123,5.771101229423096E-14,NO
397,266,5.965333960125354E-14,YES
398,162,5.829817388537401E-14,NO
399,130,5.771101229423096E-14,YES
400,108,5.718184940292694E-14,YES
401,354,6.126291107280542E-14,YES
402,88,5.718184940292694E-14,YES
403,28,5.670919296271381E-14,NO
404,58,5.670919296271381E-14,NO
405,308,6.042523021481658E-14,YES
406,343,6.126291107280542E-14,YES
407,103,5.718184940292694E-14,NO
408,35,5.670919296271381E-14,NO
409,98,5.718184940292694E-14,NO
410,117,5.771101229423096E-14,NO
