ID, Size, Predicted, Actual
0,227,0.9942932803807849,YES
1,276,0.9943912720489461,YES
2,460,0.9946383156939297,YES
3,138,0.1288354265722848,NO
4,355,0.9944474097570727,YES
5,23,0.12548347858675118,NO
6,31,0.12517860397831637,NO
7,109,0.1276809659787408,NO
8,44,0.12396491620253956,NO
9,72,0.12473022475869758,NO
10,99,0.1276809659787408,NO
11,103,0.1276809659787408,NO
12,20,0.12396491620253956,NO
13,135,0.12852376917352398,YES
14,1699,1.0,YES
15,45,0.10631827648832702,NO
16,200,0.12565216905385743,NO
17,2583,1.0,YES
18,55,0.09592711057177283,NO
19,204,0.11386651388878491,NO
20,59,0.11052908037710987,NO
21,102,0.09582145258845917,NO
22,34,0.094588292784946,NO
23,83,0.09582145258845917,NO
24,114,0.9937529287651427,YES
25,60,0.09519194901785454,NO
26,512,0.13579267393755304,NO
27,87,0.11041736855172672,NO
28,130,0.11116073865338048,NO
29,37,0.10901901712005034,NO
30,101,0.09411414612241344,NO
31,1185,1.0,YES
32,455,0.9940756556810746,YES
33,40,0.08685032817353602,NO
34,518,0.9945116006674869,YES
35,382,0.9940565754677387,YES
36,49,0.0860531639442242,NO
37,586,0.9945406954640713,YES
38,32,0.08351251019623643,NO
39,73,0.0840520434059267,NO
40,633,0.13389382690018997,NO
41,681,0.9948719161042494,YES
42,470,0.9944377741589375,YES
43,1015,0.9955267989223988,YES
44,278,0.11476671836601482,NO
45,31,0.07757139061067535,NO
46,36,0.10820302857393523,NO
47,58,0.9933722348369008,YES
48,172,0.993749399850037,YES
49,86,0.11777998205307066,NO
50,162,0.12355619187555435,NO
51,53,0.07363741778098745,NO
52,415,0.1299519215833408,NO
53,200,0.11471867577606872,NO
54,264,0.11106485449952529,NO
55,166,0.9937839788960374,YES
56,38,0.09630120199132274,NO
57,117,0.1209223300913085,NO
58,85,0.09730516784047975,NO
59,66,0.07207791612775506,NO
60,60,0.09666695903339219,NO
61,37,0.07141746513820861,NO
62,233,0.10994480618529412,NO
63,37,0.07103524788576136,NO
64,239,0.07413476919017682,NO
65,40,0.07103524788576136,NO
66,208,0.9937126370931815,YES
67,189,0.10885970664583734,NO
68,22,0.09507510212712457,NO
69,262,0.10749948602502714,NO
70,489,0.12692888660697946,NO
71,1417,0.19167553805324938,NO
72,1376,1.0,YES
73,66,0.1153016211249689,NO
74,438,0.9938574104661313,YES
75,430,0.9936198462034191,YES
76,35,0.05697192455817996,NO
77,53,0.05735072185901704,NO
78,197,0.11557593368862866,NO
79,108,0.09956621574155523,NO
80,237,0.10218785858297427,NO
81,119,0.05751925938626401,NO
82,334,0.11918497077778879,NO
83,161,0.10726821327908587,NO
84,136,0.08722693459347482,NO
85,281,0.10353416579097874,NO
86,203,0.1077715868933827,NO
87,97,0.05586113131858237,NO
88,107,0.1098667020361506,NO
89,148,0.05636319882321883,NO
90,462,0.10726598420607088,NO
91,1856,0.997214073724291,YES
92,245,0.9934818978620391,YES
93,634,1.0,YES
94,214,0.9839625425574475,YES
95,258,0.11106485449952529,NO
96,70,0.04837973126594539,NO
97,93,0.09459935624974977,NO
98,337,0.10759562654356483,NO
99,149,0.10328328894163506,NO
100,585,0.1360915346666912,NO
101,115,0.09403105590833927,NO
102,192,0.10831454076797242,YES
103,704,0.1252203570947199,YES
104,591,0.10463089807102668,NO
105,141,0.09258820150116691,NO
106,179,0.9923771442263806,YES
107,602,0.9940502974434006,YES
108,141,0.04381419648154556,NO
109,42,0.09006592900936419,NO
110,42,0.07533779216498519,NO
111,85,0.07634114172026431,NO
112,69,0.09064361322374276,NO
113,471,0.0842840288104579,NO
114,106,0.07613839103151242,NO
115,250,0.07902310086312458,NO
116,162,0.10069441535377543,NO
117,24,0.04169984237370504,NO
118,56,0.041981618439563245,NO
119,51,0.041981618439563245,NO
120,22,0.04169984237370504,NO
121,24,0.04169984237370504,NO
122,492,0.9938865451235337,YES
123,1624,1.0,YES
124,47,0.040872827373430766,NO
125,2258,1.0,YES
126,85,0.039921116780873,NO
127,50,0.03964275186857831,NO
128,44,0.039376028800336395,NO
129,52,0.03964275186857831,NO
130,41,0.039376028800336395,NO
131,48,0.039376028800336395,NO
132,213,0.041155344930911233,NO
133,543,0.9938296832762504,YES
134,233,0.040568604023276916,NO
135,134,0.039296747314021434,NO
136,104,0.07256682579960468,NO
137,121,0.9924702728670136,YES
138,39,0.07084480020497859,NO
139,41,0.03749335197586414,NO
140,248,0.992225114753592,YES
141,215,0.038741354017053246,NO
142,269,0.09057439105012267,NO
143,165,0.037479948208713906,NO
144,277,0.0741398422527228,NO
145,100,0.036823322895232304,NO
146,358,0.09236804076536853,NO
147,29,0.06952393671357852,NO
148,339,0.09212897364560386,NO
149,719,0.10240484676985956,NO
150,141,0.09623025507167317,NO
151,801,1.0,YES
152,69,0.06904392570522662,NO
153,77,0.03510979923562202,NO
154,97,0.035357506370157596,NO
155,380,0.0380879449897168,NO
156,214,0.03635028370915648,NO
157,38,0.03477117678744572,NO
158,79,0.03500784450255834,NO
159,25,0.03477117678744572,NO
160,84,0.03525485860668436,NO
161,34,0.03477117678744572,NO
162,33,0.03477117678744572,NO
163,104,0.03525485860668436,NO
164,193,0.977158921444593,YES
165,70,0.034906158658304,NO
166,140,0.035409310087630444,NO
167,22,0.03467015368391017,NO
168,158,0.9885721509163334,YES
169,142,0.035409310087630444,NO
170,109,0.0691400659406151,NO
171,152,0.0356768415455696,YES
172,31,0.0345693972657317,NO
173,344,0.03741025146058012,NO
174,60,0.034804741104635266,YES
175,85,0.035050374171020506,YES
176,78,0.03390395791431587,YES
177,880,0.04352278536702591,YES
178,64,0.033805190552121445,NO
179,199,0.034822417220082814,NO
180,264,0.03539497051864593,YES
181,155,0.0691954702719015,NO
182,42,0.033478508452400385,NO
183,405,1.0,YES
184,248,0.03498472476557366,NO
185,541,0.12345401182245652,NO
186,28,0.03185410116172382,NO
187,452,0.9939085178551141,YES
188,474,0.11788550888344607,NO
189,379,1.0,YES
190,83,0.06531956593140877,NO
191,393,0.11911482747373059,NO
192,439,1.0,YES
193,248,0.10995779533485109,NO
194,13253,0.11573044177672469,NO
195,28,0.026759047060807093,NO
196,69,0.06109570854513952,NO
197,6303,0.9707356037118451,NO
198,116,0.06060854607888452,NO
199,100,0.09606743217438546,NO
200,46,0.059375744493577895,NO
201,226,0.026762508744800843,NO
202,79,0.059605521310386565,NO
203,93,0.07818671228964555,NO
204,2156,1.0,YES
205,41,0.022900932949380438,NO
206,64,0.02305873675571471,NO
207,149,0.08807935417044706,NO
208,334,0.0991992313251812,NO
209,114,0.08722693459347482,NO
210,66,0.022782480837389308,NO
211,38,0.022626523817729345,NO
212,46,0.05603460541404327,NO
213,101,0.02287622121880885,NO
214,111,0.05679666585812586,NO
215,156,0.07640822365085749,NO
216,113,0.08722693459347482,NO
217,770,0.12769028175767583,NO
218,392,0.9913191889019817,YES
219,314,0.021455819362127298,NO
220,139,0.9594937680985237,YES
221,59,0.020000022691867275,NO
222,78,0.01993923292825437,NO
223,49,0.05321311701713446,NO
224,511,0.10205850416439025,NO
225,42,0.0195029878651503,NO
226,75,0.07188498716293537,NO
227,219,0.07453232588236489,NO
228,103,0.07217900091466133,NO
229,158,0.07321376542822576,NO
230,190,0.05432587413059777,NO
231,88,0.019718447666852344,NO
232,248,0.05520076471070202,NO
233,276,0.055509012925177716,NO
234,60,0.019047726434658026,NO
235,35,0.018916840695326433,NO
236,63,0.019047726434658026,NO
237,79,0.019047726434658026,NO
238,174,0.019415965745563,NO
239,148,0.019415965745563,NO
240,34,0.018859135188135236,NO
241,35,0.018859135188135236,NO
242,45,0.018859135188135236,NO
243,293,0.020070115465517534,NO
244,88,0.9556486624015672,YES
245,57,0.06997999724700206,NO
246,39,0.01790284229577661,NO
247,57,0.018026841086258884,NO
248,277,0.053534127250388724,NO
249,468,0.020115958748520762,NO
250,75,0.01797164550685958,NO
251,666,0.021430612978899782,NO
252,53,0.9838122091741973,YES
253,145,0.018207279001769362,NO
254,396,0.9927532754240039,YES
255,54,0.0692302708484585,NO
256,104,0.01749964113514083,NO
257,119,0.017575749376352538,NO
258,514,0.9926813847037765,YES
259,152,0.05055608505705099,NO
260,95,0.017179673431342597,NO
261,415,0.018542000991210634,NO
262,131,0.017148459111195672,NO
263,45,0.01678385862232125,NO
264,156,0.050273122120908564,NO
265,166,0.9524863049407957,YES
266,43,0.016732235159102035,NO
267,74,0.9514512666526361,YES
268,302,0.07237136861377799,NO
269,494,0.054712692439380296,NO
270,421,0.05366095184858745,NO
271,723,0.05969473418720906,NO
272,550,0.05583834016524142,NO
273,493,0.05455998155475249,NO
274,416,0.05351101034452069,NO
275,359,0.017912906880629187,NO
276,62,0.048927349641883375,NO
277,45,0.016527218200754198,NO
278,41,0.016476331277601945,NO
279,47,0.016476331277601945,NO
280,55,0.016590616666158124,NO
281,1456,0.028151543323160645,NO
282,187,0.05009369616762228,NO
283,163,0.016756054458838644,NO
284,142,0.09549250909085792,NO
285,73,0.04851612183611281,NO
286,108,0.9901379347854086,YES
287,20,0.048192693194313165,NO
288,60,0.08016740575780207,NO
289,84,0.08070641453818214,NO
290,82,0.088911971572059,NO
291,86,0.9917003632600384,YES
292,67,0.01633664636264143,NO
293,20,0.048192693194313165,NO
294,60,0.9830909225941498,YES
295,88,0.9901379347854086,YES
296,47,0.982973687496145,YES
297,76,0.9830909225941498,YES
298,21,0.048057165937059595,NO
299,53,0.016236077503126386,NO
300,114,0.9833357350077732,YES
301,121,0.9902113461233332,YES
302,78,0.9496830336281505,YES
303,20,0.048057165937059595,NO
304,69,0.04837973126594539,NO
305,80,0.04837973126594539,NO
306,79,0.06793492536397415,NO
307,81,0.9500301146063831,YES
308,88,0.9882301095765857,YES
309,20,0.048057165937059595,NO
310,105,0.9882301095765857,YES
311,60,0.9900382701354271,YES
312,50,0.016236077503126386,NO
313,28,0.016124194333503157,NO
314,129,0.9883175548419428,YES
315,43,0.048057165937059595,NO
316,76,0.016236077503126386,NO
317,63,0.016186009977760204,NO
318,65,0.06793492536397415,NO
319,76,0.9830909225941498,YES
320,45,0.0160744661870775,NO
321,20,0.048057165937059595,NO
