ID, Size, Predicted, Actual
0,212,1.0938525486764386E-4,NO
1,274,4.372540445999125E-4,NO
2,461,0.9995627459554001,YES
3,138,2.1872265966754156E-4,NO
4,358,6.25117209476777E-5,NO
5,93,4.372540445999125E-4,NO
6,1371,0.9995627459554001,YES
7,51,3.646707023557728E-5,NO
8,45,0.06252393195120617,NO
9,157,1.4583637159107482E-4,NO
10,31,3.125781445361341E-5,NO
11,1708,0.9995627459554001,YES
12,55,5.469861065528936E-5,NO
13,204,2.1872265966754156E-4,NO
14,55,5.469861065528936E-5,NO
15,103,6.25117209476777E-5,NO
16,34,3.646707023557728E-5,NO
17,83,0.11114892789419946,NO
18,488,0.9995627459554001,NO
19,83,0.11114892789419946,NO
20,129,6.25117209476777E-5,NO
21,885,0.9995627459554001,YES
22,440,0.9995627459554001,NO
23,40,7.292882147024505E-5,NO
24,391,0.9995627459554001,YES
25,393,0.9995627459554001,NO
26,51,3.646707023557728E-5,NO
27,709,0.9995627459554001,YES
28,32,4.3759845965342203E-5,NO
29,68,7.292882147024505E-5,YES
30,564,4.372540445999125E-4,YES
31,588,4.372540445999125E-4,NO
32,381,4.372540445999125E-4,YES
33,977,0.9995627459554001,YES
34,275,4.372540445999125E-4,NO
35,31,3.125781445361341E-5,NO
36,50,2.1880880486630783E-5,NO
37,27,1.3261368307982017E-5,NO
38,183,4.372540445999125E-4,NO
39,50,2.1880880486630783E-5,NO
40,62,2.1880880486630783E-5,NO
41,87,1.4583637159107482E-4,NO
42,52,1.0938525486764386E-4,NO
43,419,4.372540445999125E-4,NO
44,224,4.372540445999125E-4,NO
45,118,2.1872265966754156E-4,YES
46,83,0.11114892789419946,NO
47,147,4.862157825643021E-5,NO
48,120,4.372540445999125E-4,NO
49,58,0.06252393195120617,NO
50,44,4.862157825643021E-5,NO
51,106,0.07695156023832767,NO
52,238,2.1872265966754156E-4,NO
53,43,3.646707023557728E-5,NO
54,195,0.9995627459554001,YES
55,189,1.4583637159107482E-4,NO
56,151,7.292882147024505E-5,NO
57,364,6.25117209476777E-5,NO
58,910,2.1872265966754156E-4,NO
59,911,4.372540445999125E-4,NO
60,43,3.646707023557728E-5,NO
61,325,0.9995627459554001,NO
62,27,1.3261368307982017E-5,NO
63,55,5.469861065528936E-5,NO
64,93,1.4583637159107482E-4,NO
65,191,5.469861065528936E-5,NO
66,90,3.125781445361341E-5,NO
67,89,3.646707023557728E-5,NO
68,273,0.9995627459554001,NO
69,153,4.372540445999125E-4,NO
70,92,0.9995627459554001,YES
71,82,1.4583637159107482E-4,NO
72,148,0.11114892789419946,NO
73,433,0.9995627459554001,YES
74,1231,0.9995627459554001,YES
75,528,0.9995627459554001,YES
76,205,0.9995627459554001,YES
77,190,4.372540445999125E-4,NO
78,86,4.3759845965342203E-5,NO
79,213,4.372540445999125E-4,NO
80,408,4.372540445999125E-4,NO
81,572,4.372540445999125E-4,NO
82,132,3.646707023557728E-5,NO
83,168,8.751203290452439E-5,NO
84,107,0.9995627459554001,YES
85,85,4.3759845965342203E-5,NO
86,107,1.0938525486764386E-4,NO
87,250,0.9995627459554001,NO
88,237,2.1872265966754156E-4,NO
89,622,0.9995627459554001,YES
90,47,1.5629395767559626E-5,NO
91,1487,0.9995627459554001,YES
92,27,1.3261368307982017E-5,NO
93,89,3.646707023557728E-5,NO
94,481,0.9995627459554001,YES
95,227,0.9995627459554001,YES
96,166,2.1872265966754156E-4,NO
97,92,0.06669195087084634,YES
98,476,1.0938525486764386E-4,NO
99,93,1.4583637159107482E-4,YES
100,244,1.0938525486764386E-4,NO
101,204,2.1872265966754156E-4,NO
102,252,1.4583637159107482E-4,NO
103,119,2.1872265966754156E-4,NO
104,733,1.4583637159107482E-4,NO
105,630,4.372540445999125E-4,NO
106,69,0.10003500787677228,NO
107,77,2.4311971214626085E-5,NO
108,97,8.751203290452439E-5,NO
109,380,1.0938525486764386E-4,NO
110,214,5.469861065528936E-5,NO
111,38,0.09094163981382027,NO
112,79,6.25117209476777E-5,NO
113,25,6.25117209476777E-5,NO
114,84,0.06252393195120617,NO
115,34,3.646707023557728E-5,NO
116,33,6.25117209476777E-5,NO
117,104,4.3759845965342203E-5,NO
118,193,2.1872265966754156E-4,NO
119,70,3.646707023557728E-5,NO
120,140,8.751203290452439E-5,NO
121,22,7.292882147024505E-5,NO
122,156,6.25117209476777E-5,NO
123,142,4.372540445999125E-4,NO
124,100,5.469861065528936E-5,YES
125,153,4.372540445999125E-4,NO
126,31,3.125781445361341E-5,NO
127,340,4.372540445999125E-4,NO
128,61,2.1872265966754156E-4,NO
129,61,2.1872265966754156E-4,NO
130,877,0.9995627459554001,NO
131,62,2.1872265966754156E-4,NO
132,186,4.372540445999125E-4,NO
133,264,4.372540445999125E-4,NO
134,42,4.372540445999125E-4,NO
135,248,1.0938525486764386E-4,NO
136,358,4.372540445999125E-4,NO
137,199,1.0938525486764386E-4,NO
138,330,4.372540445999125E-4,NO
139,346,1.4583637159107482E-4,NO
140,89,4.372540445999125E-4,NO
141,193,4.372540445999125E-4,NO
142,406,4.372540445999125E-4,NO
143,82,1.4583637159107482E-4,NO
144,53,4.3759845965342203E-5,NO
145,148,0.11114892789419946,NO
146,4774,0.9995627459554001,NO
147,4088,1.0938525486764386E-4,NO
148,93,4.372540445999125E-4,NO
149,78,4.372540445999125E-4,NO
150,74,4.372540445999125E-4,NO
151,978,0.9995627459554001,NO
152,37,2.4311971214626085E-5,NO
153,59,4.372540445999125E-4,NO
154,135,0.9995627459554001,NO
155,165,0.9995627459554001,NO
156,47,1.5629395767559626E-5,NO
157,101,0.06669195087084634,NO
158,103,4.372540445999125E-4,NO
159,154,0.9995627459554001,YES
160,556,1.4583637159107482E-4,NO
161,386,0.9995627459554001,NO
162,296,4.372540445999125E-4,YES
163,135,1.4583637159107482E-4,NO
164,56,2.735080137848039E-5,NO
165,78,0.5,NO
166,35,0.9995627459554001,NO
167,467,4.372540445999125E-4,YES
168,174,8.751203290452439E-5,NO
169,148,0.11114892789419946,NO
170,88,0.3333576429404901,NO
171,52,0.9995627459554001,YES
172,39,2.5742013540299123E-5,NO
173,208,4.372540445999125E-4,NO
174,77,2.4311971214626085E-5,NO
175,666,1.4583637159107482E-4,NO
176,146,0.9995627459554001,YES
177,302,0.9995627459554001,YES
178,54,3.125781445361341E-5,NO
179,87,4.372540445999125E-4,NO
180,119,2.1872265966754156E-4,NO
181,200,1.0938525486764386E-4,NO
182,152,7.292882147024505E-5,NO
183,39,2.5742013540299123E-5,NO
184,677,2.1872265966754156E-4,NO
185,131,8.751203290452439E-5,NO
186,47,1.5629395767559626E-5,NO
187,100,5.469861065528936E-5,NO
188,43,3.646707023557728E-5,NO
189,73,1.0938525486764386E-4,NO
190,257,2.1872265966754156E-4,NO
191,62,2.1880880486630783E-5,NO
192,45,0.06252393195120617,NO
193,41,2.1872265966754156E-4,NO
194,47,1.0938525486764386E-4,NO
195,55,1.4583637159107482E-4,NO
196,1046,4.372540445999125E-4,NO
197,133,0.9995627459554001,NO
198,147,4.372540445999125E-4,NO
199,147,0.9995627459554001,YES
200,77,0.9995627459554001,YES
201,99,8.751203290452439E-5,NO
202,53,4.3759845965342203E-5,NO
203,95,4.372540445999125E-4,NO
204,77,0.9995627459554001,YES
205,69,0.10003500787677228,NO
206,69,0.10003500787677228,NO
207,77,2.4311971214626085E-5,NO
208,80,0.9995627459554001,NO
209,72,2.0838977222997895E-5,NO
210,63,0.052652186931386326,NO
211,50,2.1880880486630783E-5,NO
212,28,3.3662099841788134E-5,NO
213,108,0.9995627459554001,NO
214,40,7.292882147024505E-5,NO
215,76,3.9781994669212715E-5,NO
216,64,4.372540445999125E-4,NO
217,63,0.052652186931386326,NO
218,55,5.469861065528936E-5,NO
219,45,0.06252393195120617,NO
220,476,1.0938525486764386E-4,NO
221,77,2.4311971214626085E-5,NO
222,69,0.10003500787677228,NO
223,104,4.3759845965342203E-5,NO
224,115,1.4583637159107482E-4,NO
225,421,1.4583637159107482E-4,NO
226,61,8.751203290452439E-5,NO
227,2009,1.4583637159107482E-4,NO
228,179,6.25117209476777E-5,NO
229,106,0.07695156023832767,NO
230,33,6.25117209476777E-5,NO
231,657,1.4583637159107482E-4,NO
232,295,1.4583637159107482E-4,NO
233,872,1.4583637159107482E-4,NO
234,444,1.4583637159107482E-4,NO
235,168,8.751203290452439E-5,NO
236,752,1.4583637159107482E-4,NO
237,135,1.4583637159107482E-4,NO
238,1126,1.4583637159107482E-4,NO
239,163,7.292882147024505E-5,NO
240,184,1.4583637159107482E-4,NO
241,51,3.646707023557728E-5,NO
242,25,6.25117209476777E-5,NO
243,180,7.292882147024505E-5,NO
244,64,2.735080137848039E-5,NO
245,101,0.06669195087084634,NO
246,512,1.4583637159107482E-4,NO
247,187,1.4583637159107482E-4,NO
248,56,2.735080137848039E-5,NO
249,39,2.5742013540299123E-5,NO
250,261,1.4583637159107482E-4,NO
251,73,1.0938525486764386E-4,NO
252,65,1.4583637159107482E-4,NO
253,329,1.4583637159107482E-4,NO
254,64,2.735080137848039E-5,NO
255,164,1.4583637159107482E-4,NO
256,624,6.25117209476777E-5,NO
257,74,0.027038215430470625,NO
258,117,4.3759845965342203E-5,NO
259,84,0.06252393195120617,NO
260,226,1.4583637159107482E-4,NO
261,76,3.9781994669212715E-5,NO
262,323,1.4583637159107482E-4,NO
263,72,2.0838977222997895E-5,NO
264,42,2.735080137848039E-5,NO
265,48,2.4311971214626085E-5,NO
266,89,3.646707023557728E-5,NO
267,380,1.0938525486764386E-4,NO
268,141,1.4583637159107482E-4,NO
269,148,0.11114892789419946,NO
270,191,5.469861065528936E-5,NO
271,46,7.292882147024505E-5,NO
272,165,8.751203290452439E-5,NO
273,171,1.0938525486764386E-4,NO
274,56,2.735080137848039E-5,NO
275,179,6.25117209476777E-5,NO
276,74,0.027038215430470625,NO
277,36,4.3759845965342203E-5,NO
278,37,2.4311971214626085E-5,NO
279,34,3.646707023557728E-5,NO
280,34,3.646707023557728E-5,NO
281,38,0.09094163981382027,NO
282,39,2.5742013540299123E-5,NO
283,156,6.25117209476777E-5,NO
284,84,0.06252393195120617,NO
285,117,4.3759845965342203E-5,NO
286,94,0.1818434976329713,NO
287,71,8.751203290452439E-5,NO
288,183,3.125781445361341E-5,NO
289,85,4.3759845965342203E-5,NO
290,183,3.125781445361341E-5,NO
291,70,3.646707023557728E-5,NO
292,54,3.125781445361341E-5,NO
293,160,0.20005250721974274,NO
294,128,2.1872265966754156E-4,NO
295,151,7.292882147024505E-5,NO
296,422,8.751203290452439E-5,NO
297,221,1.4583637159107482E-4,NO
298,50,2.1880880486630783E-5,NO
299,42,2.735080137848039E-5,NO
300,624,6.25117209476777E-5,NO
301,377,1.0938525486764386E-4,NO
302,382,2.1872265966754156E-4,NO
303,72,2.0838977222997895E-5,NO
304,92,0.06669195087084634,NO
305,282,1.4583637159107482E-4,NO
306,371,1.0938525486764386E-4,NO
307,47,1.5629395767559626E-5,NO
308,108,0.2857410764518347,NO
309,111,4.3759845965342203E-5,NO
310,319,0.20005250721974274,NO
311,129,6.25117209476777E-5,NO
312,49,2.9174081745777054E-5,NO
313,358,6.25117209476777E-5,NO
314,277,1.0938525486764386E-4,NO
315,49,2.9174081745777054E-5,NO
316,89,3.646707023557728E-5,NO
317,41,6.25117209476777E-5,NO
318,66,4.862157825643021E-5,NO
319,63,0.052652186931386326,NO
320,24,1.0938525486764386E-4,NO
321,50,2.1880880486630783E-5,NO
322,72,2.0838977222997895E-5,NO
323,47,1.5629395767559626E-5,NO
324,47,1.5629395767559626E-5,NO
325,183,3.125781445361341E-5,NO
326,49,2.9174081745777054E-5,NO
327,50,2.1880880486630783E-5,NO
328,98,0.07695156023832767,NO
329,143,8.751203290452439E-5,NO
330,43,3.646707023557728E-5,NO
331,42,2.735080137848039E-5,NO
332,56,2.735080137848039E-5,NO
333,44,4.862157825643021E-5,NO
334,26,1.0938525486764386E-4,NO
335,254,1.0938525486764386E-4,NO
336,16883,1.0938525486764386E-4,NO
337,74,0.027038215430470625,NO
338,153,0.1429017940863912,NO
339,68,7.292882147024505E-5,NO
340,100,5.469861065528936E-5,NO
341,550,1.4583637159107482E-4,NO
342,437,1.0938525486764386E-4,NO
343,1038,1.4583637159107482E-4,NO
344,104,4.3759845965342203E-5,NO
345,332,1.4583637159107482E-4,NO
346,123,4.862157825643021E-5,NO
347,106,0.07695156023832767,NO
348,105,0.3333576429404901,NO
349,94,0.1818434976329713,NO
350,101,0.06669195087084634,NO
351,38,0.09094163981382027,NO
352,666,1.4583637159107482E-4,NO
353,32,4.3759845965342203E-5,NO
354,111,4.3759845965342203E-5,NO
355,35,3.9781994669212715E-5,NO
356,90,3.125781445361341E-5,NO
357,27,1.3261368307982017E-5,NO
358,28,3.3662099841788134E-5,NO
359,92,0.06669195087084634,NO
360,979,2.1872265966754156E-4,NO
361,67,8.751203290452439E-5,NO
362,29,7.292882147024505E-5,NO
363,105,0.3333576429404901,NO
364,72,2.0838977222997895E-5,NO
365,37,2.4311971214626085E-5,NO
366,47,1.5629395767559626E-5,NO
367,31,3.125781445361341E-5,NO
368,90,3.125781445361341E-5,NO
369,223,1.0938525486764386E-4,NO
370,214,5.469861065528936E-5,NO
371,107,1.0938525486764386E-4,NO
372,37,2.4311971214626085E-5,NO
373,27,1.3261368307982017E-5,NO
374,48,2.4311971214626085E-5,NO
375,167,1.4583637159107482E-4,NO
376,213,1.0938525486764386E-4,NO
377,867,1.0938525486764386E-4,NO
378,159,1.0938525486764386E-4,NO
379,100,5.469861065528936E-5,NO
380,96,0.16671528588098017,NO
381,842,1.4583637159107482E-4,NO
382,535,2.1872265966754156E-4,NO
383,83,0.11114892789419946,NO
384,63,0.052652186931386326,NO
385,76,3.9781994669212715E-5,NO
386,202,1.0938525486764386E-4,NO
387,155,1.4583637159107482E-4,NO
388,1263,1.4583637159107482E-4,NO
389,74,0.027038215430470625,NO
390,101,0.06669195087084634,NO
391,27,1.3261368307982017E-5,NO
392,22,7.292882147024505E-5,NO
393,491,1.4583637159107482E-4,NO
394,62,2.1880880486630783E-5,NO
395,59,1.0938525486764386E-4,NO
396,99,8.751203290452439E-5,NO
397,27,1.3261368307982017E-5,NO
398,77,2.4311971214626085E-5,NO
399,863,2.1872265966754156E-4,NO
400,64,2.735080137848039E-5,NO
401,45,0.06252393195120617,NO
402,63,0.052652186931386326,NO
403,54,3.125781445361341E-5,NO
404,64,2.735080137848039E-5,NO
405,132,3.646707023557728E-5,NO
406,182,0.25005469262743385,NO
407,70,3.646707023557728E-5,NO
408,36,4.3759845965342203E-5,NO
409,58,0.06252393195120617,NO
410,62,2.1880880486630783E-5,NO
411,132,3.646707023557728E-5,NO
412,74,0.027038215430470625,NO
413,86,4.3759845965342203E-5,NO
414,74,0.027038215430470625,NO
415,48,2.4311971214626085E-5,NO
416,74,0.027038215430470625,NO
417,86,4.3759845965342203E-5,NO
418,355,1.0938525486764386E-4,NO
419,53,4.3759845965342203E-5,NO
420,804,1.4583637159107482E-4,NO
421,75,1.0938525486764386E-4,NO
422,125,8.751203290452439E-5,NO
423,200,1.0938525486764386E-4,NO
424,134,1.0938525486764386E-4,NO
425,57,6.25117209476777E-5,NO
426,123,4.862157825643021E-5,NO
427,314,0.20005250721974274,NO
428,162,0.20005250721974274,NO
429,137,0.333381945457197,NO
430,124,4.372540445999125E-4,NO
431,359,6.25117209476777E-5,NO
432,151,7.292882147024505E-5,NO
433,107,1.0938525486764386E-4,NO
434,28,3.3662099841788134E-5,NO
435,58,0.06252393195120617,NO
436,470,1.0938525486764386E-4,NO
437,347,1.4583637159107482E-4,NO
438,103,6.25117209476777E-5,NO
439,35,3.9781994669212715E-5,NO
440,98,0.07695156023832767,NO
441,117,4.3759845965342203E-5,NO
