ID, Size, Predicted, Actual
0,215,0.13099021382828674,NO
1,274,0.9990065742051306,YES
2,461,0.9990511083163391,YES
3,138,0.12676663865663515,NO
4,358,0.08867817338505958,NO
5,1248,0.9999999999997438,YES
6,51,0.06752549959698424,NO
7,45,0.10237987305852715,NO
8,157,0.06928645783024072,NO
9,31,0.06592026016524541,NO
10,1008,0.49719564948097433,YES
11,55,0.3857530090585975,NO
12,204,0.3937546021840063,NO
13,55,0.09252952818963019,NO
14,103,0.09322883886826555,NO
15,83,0.9910837301869593,YES
16,262,0.09599537277487938,NO
17,83,0.09031793093216055,NO
18,867,0.9999516915866749,YES
19,40,0.055141763101147635,NO
20,387,0.3794460305617516,YES
21,390,0.08994360509842109,NO
22,51,0.054140022098889067,NO
23,637,1.0,YES
24,32,0.05316128348556292,NO
25,68,0.0815089152232919,YES
26,547,0.37975485325047637,NO
27,566,0.9388374608835914,NO
28,314,0.9999993771122847,YES
29,839,0.9443654068818711,NO
30,211,0.3429398725856322,NO
31,31,0.07575512295117148,NO
32,50,0.04924557995120232,NO
33,27,0.04902700262214567,NO
34,175,0.3352252019006853,NO
35,50,0.0741359978763918,NO
36,62,0.04837877799469349,NO
37,87,0.07438698350407381,NO
38,52,0.04816518014708413,NO
39,373,0.999284469613484,NO
40,224,0.07552854376621855,NO
41,118,0.048118749112027195,YES
42,83,0.04728156598867553,NO
43,147,0.04769824115930216,NO
44,58,0.07163653671742344,NO
45,44,0.04670390483439627,NO
46,106,0.04707484520116413,NO
47,189,0.3219954518572367,NO
48,151,0.04038890735956061,NO
49,352,0.04259201861508619,YES
50,849,0.07812025672371907,YES
51,877,0.07806077235212766,YES
52,41,0.057129946589426155,NO
53,319,0.038904351403189354,YES
54,27,0.036452563658679014,NO
55,55,0.03630657415589095,NO
56,94,0.03659810524859284,NO
57,191,0.03698889683096348,NO
58,90,0.03630632889365884,NO
59,90,0.03616165975091337,NO
60,271,0.057171467293781024,YES
61,152,0.05519854693801093,NO
62,90,0.05429795075498355,YES
63,82,0.05429795075498355,NO
64,147,0.03534566297485942,NO
65,422,0.058305400648152164,YES
66,1059,1.0,YES
67,530,0.03743279577610372,NO
68,205,0.997230316782715,YES
69,190,0.9830998015555945,YES
70,86,0.0499431625642479,NO
71,207,0.9971975368387999,YES
72,397,0.2547028451292219,YES
73,573,0.03627519116927169,NO
74,126,0.030690037394683612,YES
75,167,0.981902187016745,YES
76,109,0.029972217393471258,NO
77,85,0.02975335440357814,NO
78,237,0.028926760483851035,NO
79,424,0.9816693411541049,YES
80,47,0.027085285601663164,NO
81,1118,0.9999999982852295,YES
82,27,0.025203791784277115,NO
83,89,0.025408521369179458,NO
84,474,0.9966863915564914,YES
85,166,0.025378775352846192,NO
86,92,0.024904911994071362,NO
87,476,0.9797964406486402,YES
88,93,0.024740610535534707,NO
89,244,0.025400146445324116,NO
90,204,0.9778904142147179,YES
91,252,0.025529221632329506,NO
92,109,0.024337472430158307,YES
93,618,0.9966901414928715,YES
94,565,0.02713725092369994,YES
95,69,0.023264327819053895,NO
96,77,0.023117455993617548,NO
97,97,0.023117455993617548,NO
98,343,0.02464875537683924,NO
99,214,0.02366370294810259,NO
100,79,0.022972139278340076,NO
101,25,0.02278658189282848,NO
102,84,0.022972139278340076,NO
103,34,0.022715069989019628,NO
104,33,0.022715069989019628,NO
105,104,0.022900058680090103,NO
106,172,0.023336688829778112,NO
107,70,0.022828360398759844,NO
108,140,0.023034748673481764,NO
109,156,0.023263656041855887,NO
110,142,0.022962800958324075,NO
111,152,0.02289123456766091,NO
112,31,0.022502802164038015,NO
113,60,0.022432795198068338,NO
114,60,0.022432795198068338,NO
115,876,0.03025523824515967,NO
116,61,0.02208828487029603,NO
117,185,0.02269314945087779,NO
118,264,0.023137249756064335,NO
119,43,0.034145801564026274,NO
120,248,0.022996038495535078,NO
121,310,1.0,YES
122,199,0.17819792477068924,NO
123,194,0.034238273378918375,NO
124,346,0.022900219435512386,NO
125,90,0.17317916652832907,NO
126,335,0.03539133902062899,YES
127,372,0.9998311290875846,YES
128,84,0.0209062805694756,NO
129,53,0.02073705597670425,NO
130,148,0.9734719869679664,YES
131,4088,0.6241803635343687,NO
132,860,1.0,YES
133,47,0.017010838945645954,NO
134,101,0.0171501883140265,NO
135,517,0.019311856030251675,YES
136,327,0.017515288789821903,YES
137,275,0.026667204339799033,YES
138,136,0.9662042957718389,YES
139,56,0.016230425040246615,NO
140,74,0.016363487837011345,YES
141,362,0.14586488610310117,YES
142,174,0.024852771768780754,NO
143,148,0.02460862193589814,NO
144,92,0.024134546296367076,NO
145,45,0.014754058551497036,NO
146,39,0.022953617741948425,NO
147,182,0.023581607141288135,NO
148,77,0.023051691769372988,NO
149,666,0.017739680504479043,NO
150,88,0.014703145261615133,YES
151,263,0.015241498585303914,YES
152,54,0.014445474672616119,NO
153,76,0.02274853249537362,NO
154,132,0.022954216009665764,NO
155,160,0.014816369793914012,YES
156,152,0.014614630991130466,NO
157,39,0.014364576376674048,NO
158,677,0.017409874511164533,NO
159,131,0.014560545451625979,NO
160,47,0.014311402794223362,NO
161,129,0.01453373215169518,NO
162,43,0.014285041640670156,NO
163,73,0.02245705167308716,NO
164,257,0.014988004405954986,NO
165,356,0.015059491611815804,NO
166,62,0.013883181998394702,NO
167,45,0.013883181998394702,NO
168,97,0.013878194592866532,NO
169,131,0.993242076257118,YES
170,68,0.021577442210031696,YES
171,99,0.021577442210031696,NO
172,53,0.021125828439914826,NO
173,81,0.021298156606642266,NO
174,78,0.0212641732405071,YES
175,69,0.0212641732405071,NO
176,69,0.0212641732405071,NO
177,77,0.0212641732405071,NO
178,72,0.021230393298690406,NO
179,72,0.021230393298690406,NO
180,63,0.021058601622655746,NO
181,50,0.02102529018856865,NO
182,28,0.02102529018856865,NO
183,96,0.021196816000975217,NO
184,40,0.02102529018856865,NO
185,76,0.021196816000975217,NO
186,49,0.02102529018856865,NO
187,63,0.020992179043606948,NO
188,55,0.020992179043606948,NO
189,45,0.020992179043606948,NO
190,476,0.014855204964668082,NO
191,77,0.013253549025826523,NO
192,69,0.013233929050423197,NO
193,104,0.013233929050423197,NO
194,115,0.013354760785002058,NO
195,421,0.014350359946096741,NO
196,61,0.013106635234976696,NO
197,2009,0.043044399915983064,NO
198,179,0.013371461815235004,NO
199,106,0.013118776925364865,NO
200,33,0.013011750083110946,NO
201,657,0.015788327047316062,NO
202,295,0.013813092156733481,NO
203,872,0.017618472461129003,NO
204,444,0.014365183338956257,NO
205,168,0.0132585369777603,NO
206,752,0.016356289669571974,NO
207,135,0.013090436799147523,NO
208,1126,0.01999122320838018,NO
209,163,0.013167737826979484,NO
210,184,0.013167737826979484,NO
211,51,0.012813435390474345,NO
212,25,0.012813435390474345,NO
213,180,0.01314993348739662,NO
214,64,0.012796103897824788,NO
215,101,0.012901380149907432,NO
216,512,0.014691624936175958,NO
217,187,0.013114677022857102,NO
218,56,0.012761783822702598,NO
219,39,0.012761783822702598,NO
220,261,0.01341544345728849,NO
221,73,0.01286678139640805,NO
222,65,0.012744794455479321,NO
223,329,0.01356860304292513,NO
224,64,0.012744794455479321,NO
225,164,0.013079887497814729,NO
226,624,0.015164757757246173,NO
227,74,0.012815741554973122,NO
228,117,0.01291586781016062,NO
229,84,0.012798955595833201,NO
230,226,0.013188395163725962,NO
231,76,0.012782282657575304,NO
232,323,0.013497513685756815,NO
233,72,0.012782282657575304,NO
234,42,0.012661538887266892,NO
235,48,0.012661538887266892,NO
236,89,0.012765722360612788,NO
237,380,0.013845777723285652,NO
238,141,0.012865738642751806,NO
239,148,0.012865738642751806,NO
240,191,0.012978289048670957,NO
241,46,0.012629018848263245,NO
242,165,0.012978289048670957,NO
243,171,0.01296175589889252,NO
244,56,0.012612924950918765,NO
245,179,0.01296175589889252,NO
246,74,0.012700600093271485,NO
247,36,0.012596941313527486,NO
248,37,0.012596941313527486,NO
249,34,0.012596941313527486,NO
250,34,0.012596941313527486,NO
251,38,0.012596941313527486,NO
252,39,0.012596941313527486,NO
253,156,0.012945336003650693,NO
254,84,0.012684597408040297,NO
255,117,0.012800478560940838,NO
256,94,0.012684597408040297,NO
257,71,0.012684597408040297,NO
258,183,0.01289675213676149,NO
259,85,0.012652922946592158,NO
260,183,0.01288078156534778,NO
261,70,0.012637250453167008,NO
262,54,0.01251866442901551,NO
263,160,0.012864922415330986,NO
264,128,0.012721407642852373,NO
265,151,0.01270592375362566,NO
266,422,0.013641015221948313,NO
267,221,0.012927328190669654,NO
268,50,0.012428296691145384,NO
269,42,0.012428296691145384,NO
270,624,0.014810638243410477,NO
271,377,0.013381338702613096,NO
272,382,0.013560695092039369,NO
273,72,0.012486482685388278,NO
274,92,0.012486482685388278,NO
275,282,0.01300404356270082,NO
276,371,0.01333485345843845,NO
277,47,0.012355910854478682,NO
278,108,0.01245761124612342,NO
279,111,0.012443333646876565,NO
280,319,0.013139851260675755,NO
281,129,0.012528543405932444,NO
282,49,0.012313735475113548,NO
283,358,0.013274447831157485,NO
284,277,0.012915752334374411,NO
285,49,0.012286136657369804,NO
286,89,0.012373514127706792,NO
287,41,0.012272491749090947,NO
288,66,0.012272491749090947,NO
289,63,0.012272491749090947,NO
290,24,0.012272491749090947,NO
291,50,0.012272491749090947,NO
292,72,0.012373514127706792,NO
293,47,0.012258949433742389,NO
294,47,0.012258949433742389,NO
295,183,0.01259811552131963,NO
296,49,0.012258949433742389,NO
297,50,0.012258949433742389,NO
298,98,0.01234631245561043,NO
299,143,0.012459142178085645,NO
300,43,0.012245509408836267,NO
301,42,0.012245509408836267,NO
302,56,0.012245509408836267,NO
303,44,0.012245509408836267,NO
304,26,0.012245509408836267,NO
305,254,0.012859057549236212,NO
306,16883,0.014314281010735964,NO
307,74,0.011631636924896183,NO
308,153,0.011738013036539405,NO
309,68,0.011631636924896183,NO
310,100,0.011624861709783335,NO
311,550,0.013250563011524785,NO
312,437,0.012807098602588864,NO
313,1038,0.01694078717822947,NO
314,104,0.011592287794833612,NO
315,332,0.012235157038017436,NO
316,123,0.011691996437035149,NO
317,106,0.011579863297312193,NO
318,106,0.011579863297312193,NO
319,94,0.011579863297312193,NO
320,101,0.011573780164689162,NO
321,38,0.011479211247065151,NO
322,628,0.013691231349127801,YES
323,32,0.011473262451416028,NO
324,111,0.011561871478655726,NO
325,35,0.011467398737546687,NO
326,90,0.011561871478655726,NO
327,27,0.011467398737546687,NO
328,28,0.011467398737546687,NO
329,92,0.011561871478655726,NO
330,979,0.016422431135062088,NO
331,67,0.011544650494969319,NO
332,29,0.011450316837481761,NO
333,105,0.011539080884911708,NO
334,72,0.011539080884911708,NO
335,37,0.01144479221088593,NO
336,47,0.01144479221088593,NO
337,31,0.01144479221088593,NO
338,90,0.011539080884911708,NO
339,223,0.01188499787454172,NO
340,214,0.011879435933596878,NO
341,107,0.011528197022573782,NO
342,37,0.011433996254519678,NO
343,27,0.011433996254519678,NO
344,48,0.011433996254519678,NO
345,167,0.01174519423820542,NO
346,213,0.011873961472497887,NO
347,867,0.015184000349774959,NO
348,159,0.011734621807245542,NO
349,100,0.011507447503756173,NO
350,96,0.011507447503756173,NO
351,842,0.015164384884947098,NO
352,535,0.013107776804908601,NO
353,83,0.011488049720148788,NO
354,63,0.011394173227647296,NO
355,76,0.011488049720148788,NO
356,202,0.011838080080031732,NO
357,155,0.011588447110686555,NO
358,1263,0.019432220757570996,NO
359,74,0.011465693302959937,NO
360,101,0.011465693302959937,NO
361,27,0.011371997397922969,NO
362,22,0.011289225411505743,NO
363,491,0.012849381660706729,NO
364,62,0.011367811344028218,NO
365,59,0.011363708114805316,NO
366,99,0.0114573365144686,NO
367,27,0.011363708114805316,NO
368,77,0.0114573365144686,NO
369,863,0.015095852782079887,NO
370,64,0.011351894508405342,NO
371,45,0.011351894508405342,NO
372,63,0.011351894508405342,NO
373,54,0.011351894508405342,NO
374,64,0.011351894508405342,NO
375,132,0.011546281844192702,NO
376,182,0.011662385641755372,NO
377,70,0.011441623185747955,NO
378,36,0.011348121720019358,NO
379,58,0.011348121720019358,NO
380,62,0.011344431336284877,NO
381,132,0.011542527771582671,NO
382,74,0.011437902747324733,NO
383,86,0.011437902747324733,NO
384,74,0.011437902747324733,NO
385,48,0.011340823278524814,NO
386,74,0.01143426530512197,NO
387,86,0.01143426530512197,NO
388,355,0.012236536556539642,NO
389,53,0.011337297469839743,NO
390,804,0.01471845896901728,NO
391,75,0.011423850189605804,NO
392,125,0.011525012065843988,NO
393,200,0.011640904503677692,NO
394,134,0.011521759333900202,NO
395,57,0.011324015249559154,NO
396,123,0.011521759333900202,NO
397,266,0.011901646740665368,YES
398,162,0.011631301664048481,NO
399,130,0.011515503714575957,YES
400,108,0.011408144703223898,YES
401,354,0.012212399299765067,YES
402,88,0.011405250952121913,YES
403,28,0.01131204332068559,NO
404,58,0.01131204332068559,NO
405,308,0.012041403320601064,YES
406,343,0.012200546282683081,YES
407,103,0.011397063267023111,NO
408,35,0.011303921783063298,NO
409,98,0.011397063267023111,NO
410,117,0.011498730980860515,NO
