ID, Size, Predicted, Actual
0,212,0.01748275301125285,NO
1,274,0.011152401475294943,NO
2,461,0.011722091994565781,NO
3,138,0.010753358040452193,NO
4,358,0.011414602422304286,NO
5,1272,0.9999968822786803,YES
6,51,0.010612410374454042,NO
7,45,0.010612410374454042,NO
8,157,0.010838141290835164,NO
9,31,0.010612410374454042,NO
10,1406,0.9950989110478418,YES
11,55,0.010612410374454042,NO
12,204,0.010932743635430526,NO
13,55,0.010612410374454042,NO
14,103,0.010678177941404424,NO
15,34,0.016973795733397263,NO
16,83,0.010678177941404424,NO
17,285,0.09453170700172576,NO
18,83,0.010678177941404424,NO
19,129,0.017197762910554495,NO
20,867,0.014074898468847973,YES
21,380,0.018247976081292337,NO
22,40,0.010612410374454042,NO
23,387,0.011414602422304286,NO
24,390,0.011414602422304286,NO
25,51,0.010612410374454042,NO
26,637,0.01248658119609742,YES
27,32,0.010612410374454042,NO
28,68,0.010678177941404424,NO
29,547,0.012078136923745235,NO
30,566,0.012078136923745235,NO
31,314,0.01783163933273755,NO
32,907,0.11913691149174006,YES
33,275,0.09453170700172576,NO
34,31,0.010612410374454042,NO
35,50,0.010612410374454042,NO
36,27,0.010612410374454042,NO
37,175,0.010838141290835164,NO
38,50,0.010612410374454042,NO
39,62,0.010612410374454042,NO
40,87,0.010678177941404424,NO
41,52,0.010612410374454042,NO
42,373,0.011414602422304286,NO
43,224,0.010932743635430526,NO
44,118,0.010753358040452193,NO
45,83,0.017078305780488735,NO
46,147,0.010838141290835164,NO
47,58,0.010612410374454042,NO
48,44,0.010612410374454042,NO
49,106,0.010753358040452193,NO
50,238,0.01764900358385452,NO
51,43,0.016973795733397263,NO
52,185,0.017332465876867306,YES
53,189,0.010932743635430526,NO
54,151,0.010838141290835164,NO
55,364,0.951862512489284,YES
56,910,1.0,YES
57,889,1.0,YES
58,43,0.016973795733397263,NO
59,325,0.9911763359115593,YES
60,27,0.010612410374454042,NO
61,55,0.010612410374454042,NO
62,93,0.017078305780488735,NO
63,191,0.010932743635430526,NO
64,90,0.010678177941404424,NO
65,89,0.017078305780488735,NO
66,272,0.9909835389419064,YES
67,152,0.017332465876867306,NO
68,90,0.010678177941404424,NO
69,82,0.010678177941404424,NO
70,148,0.017332465876867306,NO
71,421,0.9913940101569195,YES
72,1190,1.0,YES
73,528,0.019300981406024598,YES
74,205,0.9498240486696019,YES
75,190,0.010932743635430526,NO
76,86,0.010678177941404424,NO
77,212,0.9908970518518079,YES
78,404,0.9913940101569195,YES
79,572,0.019614097020635792,NO
80,132,0.9490209127814334,YES
81,168,0.017332465876867306,NO
82,109,0.010753358040452193,YES
83,85,0.010678177941404424,NO
84,107,0.017197762910554495,NO
85,237,0.011037407235012153,NO
86,511,0.01900856044148275,YES
87,47,0.010612410374454042,NO
88,1328,1.0,YES
89,27,0.010612410374454042,NO
90,89,0.010678177941404424,NO
91,482,0.018736056135196924,NO
92,226,0.9498240486696019,YES
93,166,0.010838141290835164,NO
94,92,0.017078305780488735,NO
95,476,0.011722091994565781,NO
96,93,0.017078305780488735,NO
97,244,0.011037407235012153,NO
98,204,0.010932743635430526,NO
99,252,0.011037407235012153,NO
100,119,0.9490209127814334,YES
101,733,0.02068634256792682,NO
102,630,1.0,YES
103,69,0.010678177941404424,NO
104,77,0.010678177941404424,NO
105,97,0.010678177941404424,NO
106,380,0.018247976081292337,NO
107,214,0.010932743635430526,NO
108,38,0.016973795733397263,NO
109,79,0.010678177941404424,NO
110,25,0.010612410374454042,NO
111,84,0.010678177941404424,NO
112,34,0.010612410374454042,NO
113,33,0.010612410374454042,NO
114,104,0.010678177941404424,NO
115,193,0.01748275301125285,NO
116,70,0.010678177941404424,NO
117,140,0.010753358040452193,NO
118,22,0.016973795733397263,NO
119,156,0.010838141290835164,NO
120,142,0.010753358040452193,NO
121,100,0.017078305780488735,NO
122,152,0.010838141290835164,NO
123,31,0.010612410374454042,NO
124,60,0.010612410374454042,NO
125,60,0.010612410374454042,NO
126,876,0.014074898468847973,NO
127,61,0.010612410374454042,NO
128,185,0.010838141290835164,NO
129,264,0.011037407235012153,NO
130,43,0.010612410374454042,NO
131,248,0.011037407235012153,NO
132,361,0.9912821864544823,YES
133,199,0.01748275301125285,NO
134,194,0.010932743635430526,NO
135,346,0.011278024092308448,NO
136,91,0.017078305780488735,NO
137,335,0.9911763359115593,YES
138,370,0.09656278754038149,NO
139,82,0.017078305780488735,NO
140,53,0.010612410374454042,NO
141,148,0.017332465876867306,NO
142,4088,0.4820102648211637,NO
143,88,0.017078305780488735,NO
144,878,1.0,YES
145,37,0.016973795733397263,NO
146,48,0.016973795733397263,NO
147,47,0.010612410374454042,NO
148,101,0.010678177941404424,NO
149,556,1.0,YES
150,360,1.0,YES
151,284,1.0,YES
152,135,0.017197762910554495,NO
153,56,0.010612410374454042,NO
154,78,0.9486767123184451,YES
155,409,0.9913940101569195,YES
156,174,0.010838141290835164,NO
157,148,0.010838141290835164,NO
158,88,0.017078305780488735,NO
159,45,0.010612410374454042,YES
160,39,0.010612410374454042,NO
161,182,0.010838141290835164,NO
162,77,0.010678177941404424,NO
163,666,0.012711828364458992,NO
164,104,0.017078305780488735,NO
165,263,0.011037407235012153,NO
166,54,0.010612410374454042,NO
167,76,0.010678177941404424,NO
168,119,0.017197762910554495,NO
169,200,0.9498240486696019,YES
170,152,0.010838141290835164,NO
171,39,0.010612410374454042,NO
172,677,0.012711828364458992,NO
173,131,0.010753358040452193,NO
174,47,0.010612410374454042,NO
175,100,0.017078305780488735,NO
176,43,0.010612410374454042,NO
177,73,0.010678177941404424,NO
178,257,0.011037407235012153,NO
179,356,0.011278024092308448,NO
180,62,0.010612410374454042,NO
181,45,0.010612410374454042,NO
182,97,0.010678177941404424,NO
183,131,0.010753358040452193,YES
184,68,0.010678177941404424,NO
185,99,0.010678177941404424,NO
186,53,0.010612410374454042,NO
187,81,0.010678177941404424,NO
188,78,0.010678177941404424,YES
189,69,0.010678177941404424,NO
190,69,0.010678177941404424,NO
191,77,0.010678177941404424,NO
192,72,0.010678177941404424,NO
193,72,0.010678177941404424,NO
194,63,0.010678177941404424,NO
195,50,0.010612410374454042,NO
196,28,0.010612410374454042,NO
197,96,0.010678177941404424,NO
198,40,0.010612410374454042,NO
199,76,0.010678177941404424,NO
200,49,0.010612410374454042,NO
201,63,0.010678177941404424,NO
202,55,0.010612410374454042,NO
203,45,0.010612410374454042,NO
204,476,0.011722091994565781,NO
205,77,0.010678177941404424,NO
206,69,0.010678177941404424,NO
207,104,0.010678177941404424,NO
208,115,0.010753358040452193,NO
209,421,0.011562494783107523,NO
210,61,0.010612410374454042,NO
211,2009,0.034701371768237156,NO
212,179,0.010838141290835164,NO
213,106,0.010753358040452193,NO
214,33,0.010612410374454042,NO
215,657,0.012711828364458992,NO
216,295,0.011152401475294943,NO
217,872,0.014074898468847973,NO
218,444,0.011722091994565781,NO
219,168,0.010838141290835164,NO
220,752,0.0132075091778706,NO
221,135,0.010753358040452193,NO
222,1126,0.016345255391656432,NO
223,163,0.010838141290835164,NO
224,184,0.010838141290835164,NO
225,51,0.010612410374454042,NO
226,25,0.010612410374454042,NO
227,180,0.010838141290835164,NO
228,64,0.010678177941404424,NO
229,101,0.010678177941404424,NO
230,512,0.011893819046543028,NO
231,187,0.010838141290835164,NO
232,56,0.010612410374454042,NO
233,39,0.010612410374454042,NO
234,261,0.011037407235012153,NO
235,73,0.010678177941404424,NO
236,65,0.010678177941404424,NO
237,329,0.011278024092308448,NO
238,64,0.010678177941404424,NO
239,164,0.010838141290835164,NO
240,624,0.01248658119609742,NO
241,74,0.010678177941404424,NO
242,117,0.010753358040452193,NO
243,84,0.010678177941404424,NO
244,226,0.010932743635430526,NO
245,76,0.010678177941404424,NO
246,323,0.011278024092308448,NO
247,72,0.010678177941404424,NO
248,42,0.010612410374454042,NO
249,48,0.010612410374454042,NO
250,89,0.010678177941404424,NO
251,380,0.011414602422304286,NO
252,141,0.010753358040452193,NO
253,148,0.010838141290835164,NO
254,191,0.010932743635430526,NO
255,46,0.010612410374454042,NO
256,165,0.010838141290835164,NO
257,171,0.010838141290835164,NO
258,56,0.010612410374454042,NO
259,179,0.010838141290835164,NO
260,74,0.010678177941404424,NO
261,36,0.010612410374454042,NO
262,37,0.010612410374454042,NO
263,34,0.010612410374454042,NO
264,34,0.010612410374454042,NO
265,38,0.010612410374454042,NO
266,39,0.010612410374454042,NO
267,156,0.010838141290835164,NO
268,84,0.010678177941404424,NO
269,117,0.010753358040452193,NO
270,94,0.010678177941404424,NO
271,71,0.010678177941404424,NO
272,183,0.010838141290835164,NO
273,85,0.010678177941404424,NO
274,183,0.010838141290835164,NO
275,70,0.010678177941404424,NO
276,54,0.010612410374454042,NO
277,160,0.010838141290835164,NO
278,128,0.010753358040452193,NO
279,151,0.010838141290835164,NO
280,422,0.011562494783107523,NO
281,221,0.010932743635430526,NO
282,50,0.010612410374454042,NO
283,42,0.010612410374454042,NO
284,624,0.01248658119609742,NO
285,377,0.011414602422304286,NO
286,382,0.011414602422304286,NO
287,72,0.010678177941404424,NO
288,92,0.010678177941404424,NO
289,282,0.011152401475294943,NO
290,371,0.011414602422304286,NO
291,47,0.010612410374454042,NO
292,108,0.010753358040452193,NO
293,111,0.010753358040452193,NO
294,319,0.011278024092308448,NO
295,129,0.010753358040452193,NO
296,49,0.010612410374454042,NO
297,358,0.011414602422304286,NO
298,277,0.011152401475294943,NO
299,49,0.010612410374454042,NO
300,89,0.010678177941404424,NO
301,41,0.010612410374454042,NO
302,66,0.010678177941404424,NO
303,63,0.010678177941404424,NO
304,24,0.010612410374454042,NO
305,50,0.010612410374454042,NO
306,72,0.010678177941404424,NO
307,47,0.010612410374454042,NO
308,47,0.010612410374454042,NO
309,183,0.010838141290835164,NO
310,49,0.010612410374454042,NO
311,50,0.010612410374454042,NO
312,98,0.010678177941404424,NO
313,143,0.010753358040452193,NO
314,43,0.010612410374454042,NO
315,42,0.010612410374454042,NO
316,56,0.010612410374454042,NO
317,44,0.010612410374454042,NO
318,26,0.010612410374454042,NO
319,254,0.011037407235012153,NO
320,16883,0.013400460786161602,NO
321,74,0.010678177941404424,NO
322,153,0.010838141290835164,NO
323,68,0.010678177941404424,NO
324,100,0.010678177941404424,NO
325,550,0.012078136923745235,NO
326,437,0.011562494783107523,NO
327,1038,0.015499248452238058,NO
328,104,0.010678177941404424,NO
329,332,0.011278024092308448,NO
330,123,0.010753358040452193,NO
331,106,0.010753358040452193,NO
332,105,0.017197762910554495,NO
333,94,0.010678177941404424,NO
334,101,0.010678177941404424,NO
335,38,0.010612410374454042,NO
336,666,0.9566160232740221,YES
337,32,0.010612410374454042,NO
338,111,0.010753358040452193,NO
339,35,0.010612410374454042,NO
340,90,0.010678177941404424,NO
341,27,0.010612410374454042,NO
342,28,0.010612410374454042,NO
343,92,0.010678177941404424,NO
344,979,0.014745531916261115,NO
345,67,0.010678177941404424,NO
346,29,0.010612410374454042,NO
347,105,0.010753358040452193,NO
348,72,0.010678177941404424,NO
349,37,0.010612410374454042,NO
350,47,0.010612410374454042,NO
351,31,0.010612410374454042,NO
352,90,0.010678177941404424,NO
353,223,0.010932743635430526,NO
354,214,0.010932743635430526,NO
355,107,0.010753358040452193,NO
356,37,0.010612410374454042,NO
357,27,0.010612410374454042,NO
358,48,0.010612410374454042,NO
359,167,0.010838141290835164,NO
360,213,0.010932743635430526,NO
361,867,0.014074898468847973,NO
362,159,0.010838141290835164,NO
363,100,0.010678177941404424,NO
364,96,0.010678177941404424,NO
365,842,0.013768193545505222,NO
366,535,0.012078136923745235,NO
367,83,0.010678177941404424,NO
368,63,0.010678177941404424,NO
369,76,0.010678177941404424,NO
370,202,0.010932743635430526,NO
371,155,0.010838141290835164,NO
372,1263,0.017810886941178782,NO
373,74,0.010678177941404424,NO
374,101,0.010678177941404424,NO
375,27,0.010612410374454042,NO
376,22,0.010612410374454042,NO
377,491,0.011893819046543028,NO
378,62,0.010612410374454042,NO
379,59,0.010612410374454042,NO
380,99,0.010678177941404424,NO
381,27,0.010612410374454042,NO
382,77,0.010678177941404424,NO
383,863,0.014074898468847973,NO
384,64,0.010678177941404424,NO
385,45,0.010612410374454042,NO
386,63,0.010678177941404424,NO
387,54,0.010612410374454042,NO
388,64,0.010678177941404424,NO
389,132,0.010753358040452193,NO
390,182,0.010838141290835164,NO
391,70,0.010678177941404424,NO
392,36,0.010612410374454042,NO
393,58,0.010612410374454042,NO
394,62,0.010612410374454042,NO
395,132,0.010753358040452193,NO
396,74,0.010678177941404424,NO
397,86,0.010678177941404424,NO
398,74,0.010678177941404424,NO
399,48,0.010612410374454042,NO
400,74,0.010678177941404424,NO
401,86,0.010678177941404424,NO
402,355,0.011278024092308448,NO
403,53,0.010612410374454042,NO
404,804,0.01347934287936347,NO
405,75,0.010678177941404424,NO
406,125,0.010753358040452193,NO
407,200,0.010932743635430526,NO
408,134,0.010753358040452193,NO
409,57,0.010612410374454042,NO
410,123,0.010753358040452193,NO
411,314,0.950774052650278,YES
412,162,0.010838141290835164,NO
413,137,0.9490209127814334,YES
414,124,0.9490209127814334,YES
415,359,0.951862512489284,YES
416,151,0.9494036437624629,YES
417,107,0.9490209127814334,YES
418,28,0.010612410374454042,NO
419,58,0.010612410374454042,NO
420,470,0.9530798858635334,YES
421,347,0.9513015469139439,YES
422,103,0.010678177941404424,NO
423,35,0.010612410374454042,NO
424,98,0.010678177941404424,NO
425,117,0.010753358040452193,NO
