ID, Size, Predicted, Actual
0,227,8.805142203046579E-5,NO
1,276,3.77401215231913E-5,NO
2,460,2.640612622128334E-4,NO
3,138,6.60414740457007E-5,NO
4,355,4.402958788305741E-5,NO
5,23,2.9353920216044852E-5,NO
6,48,8.805142203046579E-5,NO
7,59,6.60414740457007E-5,NO
8,79,1.3206550449022716E-4,NO
9,67,2.640612622128334E-4,NO
10,49,8.805142203046579E-5,NO
11,40,2.640612622128334E-4,NO
12,20,8.805142203046579E-5,NO
13,42,8.805142203046579E-5,NO
14,36,0.2500330207370228,NO
15,31,8.805142203046579E-5,NO
16,30,8.805142203046579E-5,NO
17,71,8.805142203046579E-5,NO
18,57,0.2500330207370228,NO
19,20,8.805142203046579E-5,NO
20,89,2.640612622128334E-4,NO
21,60,6.60414740457007E-5,NO
22,102,2.640612622128334E-4,NO
23,20,8.805142203046579E-5,NO
24,93,0.33336268380734346,NO
25,59,6.60414740457007E-5,NO
26,111,1.3206550449022716E-4,NO
27,20,8.805142203046579E-5,NO
28,31,1.0567808342227903E-5,NO
29,109,0.22223852995567558,NO
30,44,2.0322311866197898E-5,NO
31,72,8.005956431585098E-6,NO
32,99,2.6418683292824682E-5,NO
33,103,1.8870772946859902E-5,NO
34,20,1.4677390946985261E-5,NO
35,137,0.9997359387377872,YES
36,1699,2.640612622128334E-4,NO
37,45,0.07143665905531128,NO
38,200,4.402958788305741E-5,NO
39,2582,0.9997359387377872,NO
40,55,1.390491816955657E-5,NO
41,204,4.402958788305741E-5,NO
42,59,2.9353920216044852E-5,NO
43,102,2.640612622128334E-4,NO
44,34,9.435564529825818E-6,NO
45,83,0.052644020189941174,NO
46,114,2.9353920216044852E-5,NO
47,60,8.805142203046579E-5,NO
48,512,2.640612622128334E-4,NO
49,87,4.402958788305741E-5,NO
50,130,0.6666373161926565,NO
51,37,9.11020616396549E-6,NO
52,101,0.04167675744699588,NO
53,1185,2.640612622128334E-4,NO
54,455,2.640612622128334E-4,NO
55,40,2.0322311866197898E-5,NO
56,518,2.640612622128334E-4,NO
57,382,6.60414740457007E-5,NO
58,49,1.3209690629045465E-5,NO
59,585,0.9997359387377872,NO
60,32,2.640612622128334E-4,NO
61,73,2.9353920216044852E-5,NO
62,633,0.9997359387377872,NO
63,681,5.283457494584456E-5,NO
64,470,1.3206550449022716E-4,NO
65,1015,5.283457494584456E-5,NO
66,278,5.283457494584456E-5,NO
67,31,1.0567808342227903E-5,NO
68,36,1.651200422707308E-5,NO
69,58,0.04348874875081842,NO
70,172,6.60414740457007E-5,NO
71,86,1.651200422707308E-5,NO
72,162,0.1111339419379458,NO
73,53,1.4677390946985261E-5,NO
74,415,0.5,NO
75,200,4.402958788305741E-5,NO
76,264,8.805142203046579E-5,NO
77,166,6.60414740457007E-5,NO
78,38,0.05001188872156614,NO
79,117,1.8870772946859902E-5,NO
80,85,1.8870772946859902E-5,NO
81,66,1.761276573260299E-5,NO
82,60,0.08335167980273876,NO
83,37,9.11020616396549E-6,NO
84,233,2.640612622128334E-4,NO
85,37,9.11020616396549E-6,NO
86,239,1.3206550449022716E-4,NO
87,40,2.0322311866197898E-5,NO
88,208,0.9997359387377872,NO
89,189,5.283457494584456E-5,NO
90,22,2.401710017532483E-5,NO
91,262,2.640612622128334E-4,NO
92,489,2.640612622128334E-4,NO
93,1418,0.9997359387377872,NO
94,1376,2.640612622128334E-4,NO
95,66,1.761276573260299E-5,NO
96,438,3.77401215231913E-5,NO
97,430,2.640612622128334E-4,NO
98,35,1.554074005004118E-5,NO
99,53,1.4677390946985261E-5,NO
100,197,2.640612622128334E-4,NO
101,108,0.22223852995567558,NO
102,237,8.805142203046579E-5,NO
103,119,5.283457494584456E-5,NO
104,334,4.402958788305741E-5,NO
105,161,0.12502476718842875,NO
106,136,1.3206550449022716E-4,NO
107,281,2.640612622128334E-4,NO
108,203,1.8870772946859902E-5,NO
109,97,2.401710017532483E-5,NO
110,107,2.401710017532483E-5,NO
111,148,8.805142203046579E-5,NO
112,462,0.5,NO
113,1856,0.9997359387377872,NO
114,245,2.640612622128334E-4,NO
115,634,0.9997359387377872,NO
116,214,2.2015763286513142E-5,NO
117,259,2.640612622128334E-4,NO
118,90,2.640612622128334E-4,NO
119,93,0.12502476718842875,NO
120,337,2.640612622128334E-4,NO
121,149,2.640612622128334E-4,NO
122,611,2.640612622128334E-4,NO
123,115,3.77401215231913E-5,NO
124,193,0.9997359387377872,YES
125,815,0.9997359387377872,YES
126,591,1.3206550449022716E-4,NO
127,141,6.60414740457007E-5,NO
128,179,2.2015763286513142E-5,NO
129,606,0.9997359387377872,YES
130,141,6.60414740457007E-5,NO
131,42,1.0161362435475347E-5,NO
132,42,1.0161362435475347E-5,NO
133,85,1.8870772946859902E-5,NO
134,69,0.047630430133229325,NO
135,471,1.3206550449022716E-4,NO
136,106,0.10527413546171281,NO
137,250,1.3206550449022716E-4,NO
138,162,0.1111339419379458,NO
139,24,2.640612622128334E-4,NO
140,56,1.0161362435475347E-5,NO
141,51,1.2008838505139782E-5,NO
142,22,2.401710017532483E-5,NO
143,24,2.640612622128334E-4,NO
144,488,2.640612622128334E-4,NO
145,1624,2.640612622128334E-4,NO
146,47,5.7434295166329715E-6,NO
147,2307,0.9997359387377872,NO
148,85,1.8870772946859902E-5,NO
149,50,8.256138438929344E-6,NO
150,44,2.0322311866197898E-5,NO
151,52,3.77401215231913E-5,NO
152,41,1.8870772946859902E-5,NO
153,48,1.1008123995508684E-5,NO
154,110,1.3206550449022716E-4,NO
155,69,8.805142203046579E-5,NO
156,20,8.805142203046579E-5,NO
157,213,5.283457494584456E-5,NO
158,542,2.640612622128334E-4,NO
159,233,2.640612622128334E-4,NO
160,134,4.402958788305741E-5,NO
161,104,1.4677390946985261E-5,NO
162,121,8.805142203046579E-5,NO
163,39,9.435564529825818E-6,NO
164,41,1.8870772946859902E-5,NO
165,248,3.77401215231913E-5,NO
166,215,8.805142203046579E-5,NO
167,269,0.9997359387377872,NO
168,165,3.3022917905026086E-5,NO
169,277,5.283457494584456E-5,NO
170,100,0.1176589429188618,NO
171,358,2.6418683292824682E-5,NO
172,29,2.9353920216044852E-5,NO
173,339,2.640612622128334E-4,NO
174,719,0.9997359387377872,NO
175,141,6.60414740457007E-5,NO
176,801,6.60414740457007E-5,NO
177,77,8.522460945822716E-6,NO
178,97,2.401710017532483E-5,NO
179,380,2.9353920216044852E-5,NO
180,214,2.2015763286513142E-5,NO
181,38,0.05001188872156614,NO
182,79,2.6418683292824682E-5,NO
183,25,2.0322311866197898E-5,NO
184,84,0.04348874875081842,NO
185,34,9.435564529825818E-6,NO
186,33,1.761276573260299E-5,NO
187,104,1.4677390946985261E-5,NO
188,193,0.33336268380734346,NO
189,70,1.3209690629045465E-5,NO
190,140,3.3022917905026086E-5,NO
191,22,2.401710017532483E-5,NO
192,158,2.6418683292824682E-5,NO
193,142,8.805142203046579E-5,NO
194,109,0.22223852995567558,NO
195,158,0.9997359387377872,YES
196,31,1.0567808342227903E-5,NO
197,344,2.640612622128334E-4,NO
198,71,0.9997359387377872,YES
199,84,0.9997359387377872,YES
200,79,0.9997359387377872,YES
201,881,0.9997359387377872,YES
202,64,1.0567808342227903E-5,NO
203,199,0.33336268380734346,NO
204,261,0.9997359387377872,YES
205,155,6.60414740457007E-5,NO
206,42,1.0161362435475347E-5,NO
207,405,0.9997359387377872,NO
208,248,3.77401215231913E-5,NO
209,541,2.640612622128334E-4,NO
210,28,1.2580673569262896E-5,NO
211,452,2.640612622128334E-4,NO
212,474,0.9997359387377872,NO
213,379,2.640612622128334E-4,NO
214,83,0.052644020189941174,NO
215,393,2.640612622128334E-4,NO
216,458,0.9997359387377872,NO
217,248,3.77401215231913E-5,NO
218,28,1.2580673569262896E-5,NO
219,69,0.047630430133229325,NO
220,116,1.2580673569262896E-5,NO
221,100,0.1176589429188618,NO
222,46,2.2015763286513142E-5,NO
223,226,5.283457494584456E-5,NO
224,79,2.6418683292824682E-5,NO
225,93,0.12502476718842875,NO
226,2156,2.640612622128334E-4,NO
227,41,1.8870772946859902E-5,NO
228,64,1.0567808342227903E-5,NO
229,149,2.640612622128334E-4,NO
230,334,4.402958788305741E-5,NO
231,114,2.9353920216044852E-5,NO
232,66,1.761276573260299E-5,NO
233,38,0.05001188872156614,NO
234,46,2.2015763286513142E-5,NO
235,101,0.04167675744699588,NO
236,111,2.0322311866197898E-5,NO
237,156,2.6418683292824682E-5,NO
238,113,1.3206550449022716E-4,NO
239,770,5.283457494584456E-5,NO
240,392,2.640612622128334E-4,NO
241,330,0.9997359387377872,NO
242,139,1.3206550449022716E-4,NO
243,59,2.9353920216044852E-5,NO
244,78,0.28573046005208136,NO
245,49,1.3209690629045465E-5,NO
246,511,5.283457494584456E-5,NO
247,42,1.0161362435475347E-5,NO
248,75,4.402958788305741E-5,NO
249,219,2.640612622128334E-4,NO
250,103,1.8870772946859902E-5,NO
251,158,2.6418683292824682E-5,NO
252,190,8.805142203046579E-5,NO
253,88,0.3333431179734054,NO
254,248,3.77401215231913E-5,NO
255,276,3.77401215231913E-5,NO
256,60,0.08335167980273876,NO
257,35,1.554074005004118E-5,NO
258,63,0.03125774012978649,NO
259,79,2.6418683292824682E-5,NO
260,174,3.77401215231913E-5,NO
261,148,0.05883724182945591,NO
262,34,9.435564529825818E-6,NO
263,35,1.554074005004118E-5,NO
264,45,0.07143665905531128,NO
265,293,5.283457494584456E-5,NO
266,57,2.2015763286513142E-5,NO
267,39,9.435564529825818E-6,NO
268,57,2.2015763286513142E-5,NO
269,277,5.283457494584456E-5,NO
270,468,2.640612622128334E-4,NO
271,75,4.402958788305741E-5,NO
272,666,3.3022917905026086E-5,NO
273,53,1.4677390946985261E-5,NO
274,145,2.640612622128334E-4,NO
275,53,1.3206550449022716E-4,NO
276,397,2.640612622128334E-4,NO
277,54,2.640612622128334E-4,NO
278,104,1.4677390946985261E-5,NO
279,119,5.283457494584456E-5,NO
280,514,5.283457494584456E-5,NO
281,152,2.9353920216044852E-5,NO
282,95,8.805142203046579E-5,NO
283,415,0.5,NO
284,131,0.1111339419379458,NO
285,45,0.07143665905531128,NO
286,156,2.6418683292824682E-5,NO
287,166,6.60414740457007E-5,NO
288,43,2.640612622128334E-4,NO
289,74,0.01887272129088217,NO
290,302,2.640612622128334E-4,NO
291,494,6.60414740457007E-5,NO
292,421,5.283457494584456E-5,NO
293,723,1.3206550449022716E-4,NO
294,550,6.60414740457007E-5,NO
295,493,6.60414740457007E-5,NO
296,416,0.5,NO
297,359,2.640612622128334E-4,NO
298,66,2.640612622128334E-4,NO
299,62,8.522460945822716E-6,NO
300,45,0.07143665905531128,NO
301,41,1.8870772946859902E-5,NO
302,47,5.7434295166329715E-6,NO
303,55,1.390491816955657E-5,NO
304,1456,2.640612622128334E-4,NO
305,187,5.283457494584456E-5,NO
306,163,2.9353920216044852E-5,NO
307,142,8.805142203046579E-5,NO
308,73,2.9353920216044852E-5,NO
309,108,0.22223852995567558,NO
310,20,1.4677390946985261E-5,NO
311,60,0.08335167980273876,NO
312,84,0.04348874875081842,NO
313,82,3.3022917905026086E-5,NO
314,86,1.651200422707308E-5,NO
315,67,3.3022917905026086E-5,NO
316,20,1.4677390946985261E-5,NO
317,60,8.805142203046579E-5,NO
318,88,0.3333431179734054,NO
319,47,5.7434295166329715E-6,NO
320,76,1.3209690629045465E-5,NO
321,21,1.4677390946985261E-5,NO
322,53,1.4677390946985261E-5,NO
323,114,2.9353920216044852E-5,NO
324,121,8.805142203046579E-5,NO
325,78,0.28573046005208136,NO
326,20,1.4677390946985261E-5,NO
327,69,0.047630430133229325,NO
328,80,1.3206550449022716E-4,NO
329,79,2.6418683292824682E-5,NO
330,81,0.33336268380734346,NO
331,88,0.3333431179734054,NO
332,20,1.4677390946985261E-5,NO
333,105,0.2000158512099757,NO
334,60,0.08335167980273876,NO
335,50,8.256138438929344E-6,NO
336,28,1.2580673569262896E-5,NO
337,129,2.6418683292824682E-5,NO
338,43,1.1008123995508684E-5,NO
339,76,1.3209690629045465E-5,NO
340,63,0.03125774012978649,NO
341,65,3.77401215231913E-5,NO
342,76,1.3209690629045465E-5,NO
343,45,0.07143665905531128,NO
344,20,1.4677390946985261E-5,NO
345,126,2.640612622128334E-4,NO
