ID, Size, Predicted, Actual
0,237,6.829568156206245E-9,NO
1,272,3.837314102385018E-10,NO
2,470,4.1008426468180985E-10,NO
3,299,3.3823248832076792E-9,NO
4,23,3.5849935232032874E-12,NO
5,56,3.598716818584182E-12,NO
6,51,3.598716818584182E-12,NO
7,22,3.5849935232032874E-12,NO
8,67,6.262684009780763E-10,NO
9,23,1.1150568284610481E-11,NO
10,44,3.598716818584182E-12,NO
11,111,3.6318350732486337E-12,NO
12,74,1.0979263484613014E-11,NO
13,196,3.696097395754736E-12,NO
14,39,3.5849935232032874E-12,NO
15,124,3.65128106544847E-12,NO
16,38,3.5849935232032874E-12,NO
17,22,3.5849935232032874E-12,NO
18,44,3.598716818584182E-12,NO
19,368,3.880758522198642E-12,NO
20,22,3.5849935232032874E-12,NO
21,285,3.778681093278476E-12,NO
22,21,3.5849935232032874E-12,NO
23,22,3.5849935232032874E-12,NO
24,208,3.721537520478712E-12,NO
25,55,3.598716818584182E-12,NO
26,21,3.5849935232032874E-12,NO
27,288,3.8104747155768105E-12,NO
28,109,2.1404701780535778E-10,NO
29,142,2.0568445027277735E-8,NO
30,47,3.598716818584182E-12,NO
31,54,3.598716818584182E-12,NO
32,105,3.6318350732486337E-12,NO
33,528,1.0,NO
34,284,1.0,NO
35,32,1.2180716807364998E-11,NO
36,35,3.5849935232032874E-12,NO
37,144,3.70793723485141E-10,NO
38,95,3.61432266552776E-12,NO
39,164,3.672690749822668E-12,NO
40,70,3.61432266552776E-12,NO
41,120,3.913145110196746E-10,NO
42,38,1.2630605674052622E-11,NO
43,22,3.5849935232032874E-12,NO
44,26,3.5849935232032874E-12,NO
45,21,3.5849935232032874E-12,NO
46,56,3.598716818584182E-12,NO
47,102,3.6318350732486337E-12,NO
48,107,3.6318350732486337E-12,NO
49,67,3.598716818584182E-12,NO
50,39,3.5849935232032874E-12,NO
51,52,3.598716818584182E-12,NO
52,20,3.5849935232032874E-12,NO
53,42,3.598716818584182E-12,NO
54,36,3.5849935232032874E-12,NO
55,30,3.5849935232032874E-12,NO
56,71,3.61432266552776E-12,NO
57,57,3.598716818584182E-12,NO
58,31,3.5849935232032874E-12,NO
59,20,3.5849935232032874E-12,NO
60,90,3.61432266552776E-12,NO
61,52,3.598716818584182E-12,NO
62,108,3.6318350732486337E-12,NO
63,20,3.5849935232032874E-12,NO
64,93,3.61432266552776E-12,NO
65,52,3.598716818584182E-12,NO
66,121,1.1303846640656189E-11,NO
67,20,3.5849935232032874E-12,NO
68,31,3.5849935232032874E-12,NO
69,109,3.6318350732486337E-12,NO
70,44,3.598716818584182E-12,NO
71,72,3.61432266552776E-12,NO
72,99,3.6318350732486337E-12,NO
73,103,3.6318350732486337E-12,NO
74,20,3.5849935232032874E-12,NO
75,71,3.61432266552776E-12,NO
76,155,5.899470715357622E-11,NO
77,1468,1.0,NO
78,45,3.598716818584182E-12,NO
79,302,1.1707870789585017E-11,NO
80,3423,1.0,NO
81,320,0.894603552727928,NO
82,241,1.2095747346426051E-8,NO
83,57,1.120076826177059E-11,NO
84,276,9.95719459806665E-6,NO
85,59,1.120076826177059E-11,NO
86,107,2.523827284355525E-11,NO
87,35,1.1158055411858568E-11,NO
88,93,1.105824725658611E-11,NO
89,122,1.1271485791717954E-11,NO
90,49,4.1040372011535605E-10,NO
91,60,3.598716818584182E-12,NO
92,456,1.2546727265825683E-11,NO
93,87,3.61432266552776E-12,NO
94,130,3.65128106544847E-12,NO
95,49,3.598716818584182E-12,NO
96,122,1.1303846640656189E-11,NO
97,99,2.508508669609277E-11,NO
98,1787,1.0,NO
99,464,8.300619882679712E-9,NO
100,154,5.903009475115914E-9,NO
101,40,3.5849935232032874E-12,NO
102,516,2.4929638830954643E-8,NO
103,193,1.9285851267552587E-7,NO
104,391,1.246790546908325E-7,NO
105,49,1.120076826177059E-11,NO
106,594,0.9999979717999989,NO
107,32,3.5849935232032874E-12,NO
108,73,3.61432266552776E-12,NO
109,633,1.3642733831748036E-11,NO
110,694,0.9997722499110475,NO
111,442,1.0,NO
112,1162,1.0,NO
113,278,3.778681093278476E-12,NO
114,31,3.5849935232032874E-12,NO
115,73,1.3154237043564358E-11,NO
116,59,1.120076826177059E-11,NO
117,172,1.1431007233875648E-11,NO
118,87,3.670405359134278E-10,NO
119,166,6.611527599768706E-4,NO
120,53,3.598716818584182E-12,NO
121,420,1.7257779716535394E-5,NO
122,219,2.0364441533251402E-7,NO
123,264,1.1760895173069316E-11,NO
124,172,6.611527599768706E-4,NO
125,38,3.5849935232032874E-12,NO
126,126,7.565613347401275E-9,NO
127,85,3.61432266552776E-12,NO
128,67,3.5595703605366815E-10,NO
129,50,1.1142965416004878E-11,NO
130,37,3.5849935232032874E-12,NO
131,286,2.0860206268198743E-5,NO
132,37,3.5849935232032874E-12,NO
133,239,3.749050984022775E-12,NO
134,41,1.120076826177059E-11,NO
135,240,0.0015074117843543076,NO
136,109,2.4337299050587657E-9,NO
137,215,5.755051481595507E-4,NO
138,387,1.2645228223791734E-8,NO
139,22,3.5849935232032874E-12,NO
140,100,9.543668181645552E-11,NO
141,72,3.200466204901879E-11,NO
142,351,1.0,NO
143,232,8.654692814895295E-5,NO
144,162,1.7410105904370886E-8,NO
145,42,1.3422602763544666E-11,NO
146,458,0.9999999958684547,NO
147,262,0.007100632191903737,NO
148,139,2.0280503628207775E-9,NO
149,69,3.200466204901879E-11,NO
150,67,2.8274080811731744E-11,NO
151,197,1.3485444859169447E-6,NO
152,930,1.0,NO
153,156,8.063409188038028E-9,NO
154,303,0.015940768222057235,NO
155,25,1.1150568284610481E-11,NO
156,304,4.927323143315925E-10,NO
157,414,2.653873474428804E-9,NO
158,1587,1.0,NO
159,1653,1.0,NO
160,83,0.9999999999983887,NO
161,444,1.682523823206211E-5,NO
162,274,1.2843139704093246E-5,NO
163,47,1.5141683949692673E-11,NO
164,35,3.5849935232032874E-12,NO
165,208,7.572488951976227E-9,NO
166,111,7.29931736895456E-9,NO
167,227,1.7611110331517248E-9,NO
168,351,6.65946785303418E-8,NO
169,161,3.7296791288401804E-10,NO
170,136,1.1068995289996813E-11,NO
171,422,2.1408716341842647E-8,NO
172,439,8.885180028797216E-4,NO
173,153,3.7296791288401804E-10,NO
174,112,5.772160551092548E-10,NO
175,224,3.779283844665414E-10,NO
176,458,1.013668453454341E-5,NO
177,2193,1.0,NO
178,277,0.9999999873900435,NO
179,738,0.9999999999447883,NO
180,270,0.026619445556373755,NO
181,257,1.4243311866293282E-7,NO
182,88,2.4074932532213293E-11,NO
183,459,1.0,NO
184,156,7.381429728525529E-9,NO
185,654,1.0,NO
186,119,3.6491621171405925E-10,NO
187,32,1.2180716807364998E-11,NO
188,197,9.86741026243997E-6,NO
189,1105,0.9999999999998987,NO
190,628,0.9999999999965907,NO
191,138,1.3843680100299374E-7,NO
192,204,0.999975613467651,NO
193,550,0.9999913318128146,NO
194,399,8.804355360290089E-11,NO
195,42,1.120076826177059E-11,NO
196,42,1.120076826177059E-11,NO
197,312,5.501340871128275E-7,NO
198,85,1.1249340429005221E-11,NO
199,478,1.4070382335269065E-9,NO
200,105,9.801789268431309E-6,NO
201,252,7.534899687460715E-9,NO
202,163,2.5420372994994775E-11,NO
203,348,0.4887418645597117,NO
204,77,1.1249340429005221E-11,NO
205,98,3.700862238744872E-10,NO
206,45,1.1245629397960225E-11,NO
207,102,1.24023274630129E-9,NO
208,44,1.1245629397960225E-11,NO
209,51,7.456697940019519E-9,NO
210,73,3.5608297968275443E-10,NO
211,55,7.890115631107483E-11,NO
212,57,1.267441010649087E-5,NO
213,103,3.578083016579987E-10,NO
214,121,4.5990097343762796E-10,NO
215,46,1.120076826177059E-11,NO
216,75,1.1249340429005221E-11,NO
217,226,0.9991592078449584,NO
218,136,2.494251841467729E-7,NO
219,70,3.200466204901879E-11,NO
220,160,5.204371563421391E-7,NO
221,27,3.5849935232032874E-12,NO
222,82,1.1294396105654796E-11,NO
223,96,1.4380710223433214E-10,NO
224,106,3.0193909612674367E-9,NO
225,165,5.5819958432218076E-8,NO
226,72,3.200466204901879E-11,NO
227,26,1.1158055411858568E-11,NO
228,24,3.5849935232032874E-12,NO
229,810,1.0,NO
230,1804,1.0,NO
231,48,3.598716818584182E-12,NO
232,2747,1.0,NO
233,69,3.200466204901879E-11,NO
234,23,3.5849935232032874E-12,NO
235,97,4.486447990177789E-7,NO
236,144,0.0038319780526116765,NO
237,326,0.960597706122218,NO
238,563,1.0,NO
239,22,3.5849935232032874E-12,NO
240,83,3.61432266552776E-12,NO
241,51,3.598716818584182E-12,NO
242,43,3.598716818584182E-12,NO
243,54,3.598716818584182E-12,NO
244,43,3.598716818584182E-12,NO
245,47,3.598716818584182E-12,NO
246,33,3.5849935232032874E-12,NO
247,224,3.6657830787770457E-10,NO
248,595,0.9999917567535057,NO
249,345,0.998683286511364,NO
250,237,1.1388529021885764E-11,NO
251,137,7.550240638156297E-9,NO
252,90,0.9865443395606673,NO
253,126,3.6115628191066163E-10,NO
254,47,7.441546537997186E-9,NO
255,69,3.200466204901879E-11,NO
256,40,1.1158055411858568E-11,NO
257,130,0.9844856897614799,NO
258,213,5.884668406916106E-10,NO
259,115,1.0,NO
260,167,2.3708634127654142E-8,NO
261,283,1.587922597399415E-5,NO
262,91,1.5191345545205761E-5,NO
263,312,0.9999999998523853,NO
264,32,1.1158055411858568E-11,NO
265,337,6.443342220036222E-6,NO
266,807,0.9999973869600487,NO
267,77,1.262067858007616E-10,NO
268,87,1.6797187335667754E-10,NO
269,387,0.44498439728661254,NO
270,107,1.8678916369207449E-10,NO
271,141,1.1364371006208953E-11,NO
272,814,6.40834358357445E-7,NO
273,38,1.2630605674052622E-11,NO
274,47,1.5141683949692673E-11,NO
275,23,1.1150568284610481E-11,NO
276,23,1.1150568284610481E-11,NO
277,101,6.979547514718878E-10,NO
278,91,3.4084589425439163E-10,NO
279,272,0.9503773525587665,NO
280,23,1.1150568284610481E-11,NO
281,80,1.1249340429005221E-11,NO
282,97,1.1303846640656189E-11,NO
283,382,1.1662680832315704E-10,NO
284,239,1.2616849485283347E-11,NO
285,44,1.1016745380284185E-11,NO
286,76,1.1076671971390282E-11,NO
287,28,1.1158055411858568E-11,NO
288,89,1.1064519531707267E-11,NO
289,37,1.1158055411858568E-11,NO
290,36,1.1158055411858568E-11,NO
291,105,2.419158233727057E-11,NO
292,193,2.55289465902814E-11,NO
293,70,1.1249340429005221E-11,NO
294,140,1.1364371006208953E-11,NO
295,25,1.1158055411858568E-11,NO
296,160,1.115656878794777E-11,NO
297,23,1.1150568284610481E-11,NO
298,139,2.4321111710696045E-11,NO
299,111,3.688189503239514E-10,NO
300,158,1.1431007233875648E-11,NO
301,34,1.1081727580214073E-11,NO
302,357,3.8233223368729036E-10,NO
303,70,1.1076671971390282E-11,NO
304,88,1.1076671971390282E-11,NO
305,79,1.1076671971390282E-11,NO
306,934,3.066495179352062E-5,NO
307,67,1.0909644807103402E-11,NO
308,216,5.075906277509055E-11,NO
309,265,3.7220705516294296E-10,NO
310,155,3.7296791288401804E-10,NO
311,23,1.1150568284610481E-11,NO
312,45,1.120076826177059E-11,NO
313,23,3.5849935232032874E-12,NO
314,404,1.2137139031581212E-11,NO
315,246,8.334603732318724E-11,NO
316,576,1.0,NO
317,28,3.5849935232032874E-12,NO
318,467,0.9999999941231792,NO
319,508,1.0,NO
320,526,0.9933135944869182,NO
321,82,1.1249340429005221E-11,NO
322,532,0.9999999999999997,NO
323,266,0.986630993312129,NO
324,274,1.2716565021375425E-11,NO
325,28,1.1158055411858568E-11,NO
326,69,2.4074932532213293E-11,NO
327,139,9.648165493506602E-6,NO
328,103,1.1226521509038182E-11,NO
329,46,1.0931857449970046E-11,NO
330,220,5.809587923196459E-8,NO
331,89,3.670405359134278E-10,NO
332,98,3.688189503239514E-10,NO
333,2186,1.0,NO
334,41,3.598716818584182E-12,NO
335,85,9.646828963913574E-6,NO
336,169,0.36372556357578706,NO
337,346,7.891991389743109E-9,NO
338,131,7.3397510107293175E-9,NO
339,66,3.598716818584182E-12,NO
340,106,6.320318209481475E-10,NO
341,46,3.598716818584182E-12,NO
342,157,0.9999999856408979,NO
343,185,0.99999999999239,NO
344,126,9.635456362963905E-6,NO
345,66,2.459062830375181E-8,NO
346,67,1.0874589718577158E-8,NO
347,289,0.9883667403932365,NO
348,94,8.986576194472145E-11,NO
349,44,3.7835194212231213E-10,NO
350,95,1.5037494215357235E-9,NO
351,44,1.3422602763544666E-11,NO
352,23,1.1150568284610481E-11,NO
353,23,1.1150568284610481E-11,NO
354,763,0.9999999999987669,NO
355,398,1.2777483049514103E-8,NO
356,333,1.4576194815814164E-7,NO
357,138,1.1364371006208953E-11,NO
358,59,1.120076826177059E-11,NO
359,78,1.1249340429005221E-11,NO
360,53,3.998530977790553E-11,NO
361,521,0.9999999996852085,NO
362,23,1.1150568284610481E-11,NO
363,45,1.120076826177059E-11,NO
364,79,1.1249340429005221E-11,NO
365,222,3.779283844665414E-10,NO
366,107,1.1303846640656189E-11,NO
367,168,3.6321575349094455E-10,NO
368,192,1.150385887241371E-11,NO
369,91,1.1249340429005221E-11,NO
370,252,1.1489568529699301E-11,NO
371,282,3.837314102385018E-10,NO
372,23,1.1150568284610481E-11,NO
373,342,4.7254871236252975E-7,NO
374,69,3.61432266552776E-12,NO
375,21,3.5849935232032874E-12,NO
376,39,3.5849935232032874E-12,NO
377,22,3.5849935232032874E-12,NO
378,217,0.9362341015811536,NO
379,22,1.0992687025668018E-11,NO
380,76,6.950409264892765E-8,NO
381,111,3.4600060185826537E-9,NO
382,81,8.679599845529879E-10,NO
383,106,1.0894599018390768E-6,NO
384,112,4.9769345341348224E-8,NO
385,87,2.8425770160285006E-8,NO
386,132,3.0356450379389657E-6,NO
387,97,1.989064367750768E-9,NO
388,133,1.1180067334863942E-8,NO
389,177,5.919050151765275E-6,NO
390,148,2.6741532145878707E-4,NO
391,104,2.161204855910803E-9,NO
392,120,4.521852320224565E-9,NO
393,137,8.453791655373895E-8,NO
394,76,8.469336372550039E-10,NO
395,89,1.1643906140326754E-9,NO
396,23,1.1150568284610481E-11,NO
397,24,3.5849935232032874E-12,NO
398,62,3.598716818584182E-12,NO
399,67,3.598716818584182E-12,NO
400,66,1.120076826177059E-11,NO
401,63,3.598716818584182E-12,NO
402,22,3.5849935232032874E-12,NO
403,60,3.598716818584182E-12,NO
404,38,3.5849935232032874E-12,NO
405,63,1.120076826177059E-11,NO
406,23,3.5849935232032874E-12,NO
407,79,3.61432266552776E-12,NO
408,23,3.5849935232032874E-12,NO
409,176,3.672690749822668E-12,NO
410,149,3.65128106544847E-12,NO
411,23,3.5849935232032874E-12,NO
412,37,1.1158055411858568E-11,NO
413,43,1.0975641548918224E-11,NO
414,49,3.6295579820696433E-10,NO
415,418,1.0,NO
416,23,1.1150568284610481E-11,NO
417,58,6.262684009780763E-10,NO
418,23,1.1150568284610481E-11,NO
419,80,8.469336372550039E-10,NO
420,23,1.1150568284610481E-11,NO
421,91,8.986576194472145E-11,NO
422,23,1.1150568284610481E-11,NO
423,23,1.1150568284610481E-11,NO
424,25,1.1150568284610481E-11,NO
425,48,1.5141683949692673E-11,NO
426,52,1.76968206234167E-11,NO
427,53,1.76968206234167E-11,NO
428,57,1.0059471477215063E-10,NO
429,24,1.1150568284610481E-11,NO
430,26,1.1150568284610481E-11,NO
431,60,3.6545573595129025E-10,NO
432,334,0.5388934731897065,NO
433,42,1.120076826177059E-11,NO
434,60,1.1124148248460324E-11,NO
435,294,3.8420650891500505E-10,NO
436,77,1.166106675955966E-8,NO
437,677,0.999999855299938,NO
438,56,1.120076826177059E-11,NO
439,163,1.1284522784854949E-11,NO
440,56,1.120076826177059E-11,NO
441,133,1.1087416502840058E-9,NO
442,536,0.9999999999977159,NO
443,121,3.623370529988357E-10,NO
444,77,3.8408924052303644E-11,NO
445,175,1.125555033482323E-11,NO
446,81,1.1076671971390282E-11,NO
447,432,4.036994692152231E-10,NO
448,129,1.1364371006208953E-11,NO
449,48,1.120076826177059E-11,NO
450,164,3.6176681090167323E-10,NO
451,172,2.5522186262464636E-11,NO
452,43,1.120076826177059E-11,NO
453,73,1.1249340429005221E-11,NO
454,302,3.7949847632302014E-10,NO
455,551,7.174927212970944E-10,NO
456,424,2.666924383210139E-11,NO
457,732,3.2437488811674166E-11,NO
458,562,4.956519786936336E-11,NO
459,493,1.24243166888365E-11,NO
460,416,1.2030404775125476E-11,NO
461,359,1.2078604424371882E-11,NO
462,23,1.1150568284610481E-11,NO
463,23,1.1150568284610481E-11,NO
464,694,1.0,NO
465,177,1.5613651586344075E-7,NO
466,116,3.10023016270864E-10,NO
467,20,1.1015068747104716E-11,NO
468,69,1.1249340429005221E-11,NO
469,62,3.598716818584182E-12,NO
470,34,3.5849935232032874E-12,NO
471,23,3.5849935232032874E-12,NO
472,41,3.598716818584182E-12,NO
473,50,3.598716818584182E-12,NO
474,55,3.598716818584182E-12,NO
475,1468,2.745501712533239E-11,NO
476,187,3.696097395754736E-12,NO
477,162,3.672690749822668E-12,NO
478,23,3.5849935232032874E-12,NO
479,143,1.1364371006208953E-11,NO
480,74,1.1249340429005221E-11,NO
481,109,1.1303846640656189E-11,NO
482,144,2.1990928816747116E-9,NO
483,75,3.6717022248156585E-11,NO
484,112,3.4600060185826537E-9,NO
485,33,1.2180716807364998E-11,NO
486,92,8.986576194472145E-11,NO
487,108,1.8678916369207449E-10,NO
488,612,1.0,NO
489,20,1.1015068747104716E-11,NO
490,20,3.5849935232032874E-12,NO
491,199,1.6519571466390076E-6,NO
492,56,1.990571399268455E-11,NO
493,200,0.0011230550486658292,NO
494,60,2.235242564568728E-11,NO
495,75,7.844916067595047E-11,NO
496,150,4.38419335174054E-9,NO
497,40,1.2630605674052622E-11,NO
498,20,3.5849935232032874E-12,NO
499,60,3.598716818584182E-12,NO
500,88,3.61432266552776E-12,NO
501,67,4.5667228073103256E-10,NO
502,76,3.61432266552776E-12,NO
503,21,3.5849935232032874E-12,NO
504,53,3.598716818584182E-12,NO
505,114,3.6318350732486337E-12,NO
506,121,3.6318350732486337E-12,NO
507,78,3.61432266552776E-12,NO
508,20,3.5849935232032874E-12,NO
509,69,3.61432266552776E-12,NO
510,80,3.61432266552776E-12,NO
511,79,3.61432266552776E-12,NO
512,81,3.61432266552776E-12,NO
513,88,3.61432266552776E-12,NO
514,20,3.5849935232032874E-12,NO
515,105,3.6318350732486337E-12,NO
516,60,3.598716818584182E-12,NO
517,50,3.598716818584182E-12,NO
518,28,3.5849935232032874E-12,NO
519,129,3.65128106544847E-12,NO
520,43,3.598716818584182E-12,NO
521,76,3.61432266552776E-12,NO
522,63,3.598716818584182E-12,NO
523,65,3.598716818584182E-12,NO
524,76,3.61432266552776E-12,NO
525,45,3.598716818584182E-12,NO
526,20,3.5849935232032874E-12,NO
527,212,3.4601262092434773E-6,NO
528,95,9.497649404646147E-11,NO
529,34,1.2630605674052622E-11,NO
530,35,1.2630605674052622E-11,NO
531,34,1.2630605674052622E-11,NO
532,32,1.2180716807364998E-11,NO
533,188,1.344244052305179E-7,NO
534,53,1.76968206234167E-11,NO
535,30,1.1946786880888953E-11,NO
536,101,9.543668181645552E-11,NO
537,125,7.700110443316476E-10,NO
538,179,7.788924501782412E-8,NO
539,123,4.962392666360469E-10,NO
540,88,6.391987103304987E-11,NO
541,88,6.391987103304987E-11,NO
542,171,4.597948345946012E-8,NO
543,31,1.1946786880888953E-11,NO
544,30,1.1946786880888953E-11,NO
545,31,1.1946786880888953E-11,NO
546,77,3.8408924052303644E-11,NO
547,77,3.8408924052303644E-11,NO
548,86,1.1643906140326754E-9,NO
549,92,1.5037494215357235E-9,NO
550,61,2.235242564568728E-11,NO
551,64,2.235242564568728E-11,NO
552,64,2.235242564568728E-11,NO
553,103,1.4286136430758077E-10,NO
554,46,1.4353536582262547E-11,NO
555,48,1.5141683949692673E-11,NO
556,48,1.5141683949692673E-11,NO
557,49,1.5141683949692673E-11,NO
558,49,6.59213287697053E-11,NO
559,130,1.027765696856555E-9,NO
560,82,4.681085327921028E-11,NO
561,25,1.1150568284610481E-11,NO
562,193,2.821019301616526E-7,NO
563,114,3.10023016270864E-10,NO
564,114,3.10023016270864E-10,NO
565,132,1.1087416502840058E-9,NO
566,79,4.1268536781687273E-11,NO
567,79,4.1268536781687273E-11,NO
568,34,1.2630605674052622E-11,NO
569,49,1.5141683949692673E-11,NO
570,44,1.3422602763544666E-11,NO
571,58,2.1588235842179923E-11,NO
572,92,8.986576194472145E-11,NO
573,92,8.986576194472145E-11,NO
574,109,2.1404701780535778E-10,NO
575,80,4.681085327921028E-11,NO
576,22,1.0992687025668018E-11,NO
577,22,1.0992687025668018E-11,NO
578,205,1.869574069800049E-6,NO
579,73,3.200466204901879E-11,NO
580,52,1.76968206234167E-11,NO
581,85,5.212227365722556E-11,NO
582,69,3.200466204901879E-11,NO
583,21,1.1015068747104716E-11,NO
584,104,1.5176277489734756E-10,NO
585,82,4.681085327921028E-11,NO
586,125,7.700110443316476E-10,NO
587,180,1.7105868006748653E-7,NO
588,95,1.5037494215357235E-9,NO
589,214,4.654618651359702E-6,NO
590,40,2.118395292133612E-10,NO
591,37,1.6783208381039425E-10,NO
592,22,7.307351818154874E-11,NO
593,26,8.503688882267293E-11,NO
594,77,1.309964579582399E-8,NO
595,116,3.298867822412363E-5,NO
596,274,1.0,NO
597,29,1.0183829403561702E-10,NO
598,99,8.687825022360822E-7,NO
599,262,1.0,NO
600,95,4.6143071562034223E-7,NO
601,46,2.972613773742038E-10,NO
602,22,7.307351818154874E-11,NO
603,74,4.800672509436699E-9,NO
604,69,4.800672509436699E-9,NO
605,76,1.252261025979252E-8,NO
606,175,0.9996380308749214,NO
607,78,1.4074937717343157E-8,NO
608,69,4.800672509436699E-9,NO
609,100,8.687825022360822E-7,NO
610,83,2.5992135387786786E-8,NO
611,22,7.307351818154874E-11,NO
612,82,2.5992135387786786E-8,NO
613,62,1.112600272020578E-9,NO
614,68,4.4138078907023665E-9,NO
615,59,1.112600272020578E-9,NO
616,112,1.2798544626876687E-5,NO
617,68,4.4138078907023665E-9,NO
618,54,6.994238579075642E-10,NO
619,94,1.2957263669779688E-7,NO
620,80,1.5965185454580557E-8,NO
621,22,7.307351818154874E-11,NO
622,21,6.639486143704725E-11,NO
623,76,1.252261025979252E-8,NO
624,63,1.6447435237333174E-9,NO
625,43,2.2512284237113766E-10,NO
626,86,9.216264745915858E-8,NO
627,67,4.241088449864826E-9,NO
628,80,1.5965185454580557E-8,NO
629,97,4.6366647590738E-7,NO
630,76,1.252261025979252E-8,NO
631,65,2.7091273555554874E-9,NO
632,22,7.307351818154874E-11,NO
633,47,3.135838892933729E-10,NO
634,35,1.3827390046194254E-10,NO
635,31,1.0626267256789133E-10,NO
636,35,1.3827390046194254E-10,NO
637,41,2.1792980101490248E-10,NO
638,36,1.3827390046194254E-10,NO
639,59,1.112600272020578E-9,NO
640,39,1.6783208381039425E-10,NO
641,41,2.1792980101490248E-10,NO
642,36,1.3827390046194254E-10,NO
643,33,1.0834340100361235E-10,NO
644,52,6.218103283615148E-10,NO
645,21,6.639486143704725E-11,NO
646,27,8.503688882267293E-11,NO
647,26,8.503688882267293E-11,NO
648,29,1.0183829403561702E-10,NO
649,33,1.0834340100361235E-10,NO
650,28,8.731560317357711E-11,NO
651,28,8.731560317357711E-11,NO
652,33,1.0834340100361235E-10,NO
653,232,0.9999999999999888,NO
654,24,7.41230285531433E-11,NO
655,27,8.503688882267293E-11,NO
656,37,1.6783208381039425E-10,NO
657,41,2.1792980101490248E-10,NO
658,18,6.639486143704725E-11,NO
659,21,6.639486143704725E-11,NO
660,43,2.2512284237113766E-10,NO
661,45,2.972613773742038E-10,NO
662,46,2.972613773742038E-10,NO
663,42,2.2512284237113766E-10,NO
664,28,8.731560317357711E-11,NO
665,51,3.400697687555624E-10,NO
666,50,3.400697687555624E-10,NO
667,31,1.0626267256789133E-10,NO
668,18,6.639486143704725E-11,NO
669,23,7.41230285531433E-11,NO
670,29,1.0183829403561702E-10,NO
671,22,7.307351818154874E-11,NO
672,192,0.999999206302837,NO
673,39,1.6783208381039425E-10,NO
674,40,2.118395292133612E-10,NO
675,90,1.2957263669779688E-7,NO
676,33,1.0834340100361235E-10,NO
677,33,1.0834340100361235E-10,NO
678,37,1.6783208381039425E-10,NO
679,39,1.6783208381039425E-10,NO
680,58,1.0745624413242752E-9,NO
681,22,7.307351818154874E-11,NO
682,22,7.307351818154874E-11,NO
683,58,1.0745624413242752E-9,NO
684,22,7.307351818154874E-11,NO
685,82,2.5992135387786786E-8,NO
686,64,1.6447435237333174E-9,NO
687,65,2.7091273555554874E-9,NO
688,21,6.639486143704725E-11,NO
689,22,7.307351818154874E-11,NO
690,107,2.7815438964540062E-6,NO
691,127,8.156843398052157E-4,NO
692,47,3.135838892933729E-10,NO
693,133,0.0024594482005797194,NO
694,22,7.307351818154874E-11,NO
695,21,6.639486143704725E-11,NO
696,109,6.463460051174346E-6,NO
697,23,7.41230285531433E-11,NO
698,39,1.6783208381039425E-10,NO
699,40,2.118395292133612E-10,NO
700,31,1.0626267256789133E-10,NO
701,31,1.0626267256789133E-10,NO
702,31,1.0626267256789133E-10,NO
703,31,1.0626267256789133E-10,NO
704,42,2.2512284237113766E-10,NO
705,31,1.0626267256789133E-10,NO
706,31,1.0626267256789133E-10,NO
707,22,7.307351818154874E-11,NO
708,125,7.204401835617185E-4,NO
709,163,0.9329717965654102,NO
710,21,6.639486143704725E-11,NO
711,185,0.999993836801401,NO
712,29,1.0183829403561702E-10,NO
713,93,1.2957263669779688E-7,NO
714,61,1.112600272020578E-9,NO
715,71,4.800672509436699E-9,NO
716,22,7.307351818154874E-11,NO
717,142,0.021694771803958162,NO
718,78,1.4074937717343157E-8,NO
719,122,9.13120077658373E-5,NO
720,237,0.9999999999999997,NO
721,153,0.23364760703485227,NO
722,59,1.112600272020578E-9,NO
723,35,1.3827390046194254E-10,NO
724,42,2.2512284237113766E-10,NO
725,45,2.972613773742038E-10,NO
726,100,8.687825022360822E-7,NO
727,78,1.4074937717343157E-8,NO
728,62,1.112600272020578E-9,NO
729,25,8.503688882267293E-11,NO
730,95,4.6143071562034223E-7,NO
731,22,7.307351818154874E-11,NO
732,22,7.307351818154874E-11,NO
733,117,3.298867822412363E-5,NO
734,23,7.41230285531433E-11,NO
735,90,1.2957263669779688E-7,NO
736,22,7.307351818154874E-11,NO
737,36,1.3827390046194254E-10,NO
738,135,0.00609248176492386,NO
739,67,4.241088449864826E-9,NO
740,162,0.9329717965654102,NO
741,122,9.13120077658373E-5,NO
742,76,1.252261025979252E-8,NO
743,22,7.307351818154874E-11,NO
744,82,2.5992135387786786E-8,NO
745,352,1.0,NO
746,308,1.0,NO
747,266,1.0,NO
748,38,1.6783208381039425E-10,NO
749,89,1.1902322335660642E-7,NO
750,18,6.639486143704725E-11,NO
751,57,1.0745624413242752E-9,NO
752,86,9.216264745915858E-8,NO
753,69,4.800672509436699E-9,NO
754,25,8.503688882267293E-11,NO
755,31,1.0626267256789133E-10,NO
756,21,6.639486143704725E-11,NO
757,158,0.8975507580323551,NO
758,21,6.639486143704725E-11,NO
759,38,1.6783208381039425E-10,NO
760,51,3.400697687555624E-10,NO
761,23,7.41230285531433E-11,NO
762,126,8.156843398052157E-4,NO
763,38,1.6783208381039425E-10,NO
764,55,9.908142926734574E-10,NO
765,22,7.307351818154874E-11,NO
766,47,3.135838892933729E-10,NO
767,37,1.6783208381039425E-10,NO
768,24,7.41230285531433E-11,NO
769,41,2.1792980101490248E-10,NO
770,38,1.6783208381039425E-10,NO
771,48,3.135838892933729E-10,NO
772,22,7.307351818154874E-11,NO
773,60,1.112600272020578E-9,NO
774,35,1.3827390046194254E-10,NO
775,42,2.2512284237113766E-10,NO
776,67,4.241088449864826E-9,NO
777,33,1.0834340100361235E-10,NO
778,76,1.252261025979252E-8,NO
779,91,1.2957263669779688E-7,NO
780,38,1.6783208381039425E-10,NO
781,97,4.6366647590738E-7,NO
782,28,8.731560317357711E-11,NO
783,36,1.3827390046194254E-10,NO
784,23,7.41230285531433E-11,NO
785,35,1.2630605674052622E-11,NO
786,21,1.1015068747104716E-11,NO
787,161,1.0591646114224887E-8,NO
788,22,5.673190064044612E-11,NO
789,72,1.1857956123480697E-10,NO
790,33,6.016414036387519E-11,NO
791,32,1.2180716807364998E-11,NO
792,187,1.344244052305179E-7,NO
793,28,1.144936755072418E-11,NO
794,39,1.2630605674052622E-11,NO
795,21,1.1015068747104716E-11,NO
796,31,1.1946786880888953E-11,NO
797,21,1.1015068747104716E-11,NO
798,22,5.673190064044612E-11,NO
799,27,1.1150568284610481E-11,NO
800,62,2.235242564568728E-11,NO
801,95,2.4154059828556345E-10,NO
802,22,5.673190064044612E-11,NO
803,208,2.4675755895643515E-6,NO
804,54,8.479461555508727E-11,NO
805,21,5.673190064044612E-11,NO
806,57,2.1588235842179923E-11,NO
807,37,1.2630605674052622E-11,NO
808,36,1.2630605674052622E-11,NO
809,28,1.144936755072418E-11,NO
810,57,2.1588235842179923E-11,NO
811,94,8.986576194472145E-11,NO
812,35,1.2630605674052622E-11,NO
813,44,3.7835194212231213E-10,NO
814,31,1.1946786880888953E-11,NO
815,31,1.1946786880888953E-11,NO
816,22,5.673190064044612E-11,NO
817,41,1.2993728750630821E-11,NO
818,185,2.7476400797927065E-8,NO
819,48,6.9541044470205E-11,NO
820,46,6.59213287697053E-11,NO
821,34,1.2630605674052622E-11,NO
822,80,4.681085327921028E-11,NO
823,55,1.990571399268455E-11,NO
824,59,2.235242564568728E-11,NO
825,88,6.391987103304987E-11,NO
826,21,1.1015068747104716E-11,NO
827,40,1.2630605674052622E-11,NO
828,235,1.9751065423598225E-5,NO
829,22,5.673190064044612E-11,NO
830,202,2.7934019298517494E-7,NO
831,108,4.4719261351707744E-10,NO
832,32,1.2180716807364998E-11,NO
833,556,1.0,NO
834,768,1.0,NO
835,531,1.0,NO
836,1078,1.0,NO
837,347,0.7208846736907583,NO
838,724,1.0,NO
839,409,0.9999986312652043,NO
840,1383,1.0,NO
841,1336,1.0,NO
842,291,0.00536484826382669,NO
843,113,2.7741057508372945E-10,NO
844,89,2.4154059828556345E-10,NO
845,292,0.009904336565500086,NO
846,218,5.85139947430853E-7,NO
847,3601,1.0,NO
848,72,1.1857956123480697E-10,NO
849,231,2.472885074760743E-6,NO
850,70,3.200466204901879E-11,NO
851,63,2.235242564568728E-11,NO
852,110,2.5980287611094995E-10,NO
853,158,1.095823849356511E-8,NO
854,227,3.495173574702271E-5,NO
855,343,0.975286099149793,NO
856,1157,1.0,NO
857,73,3.200466204901879E-11,NO
858,72,3.200466204901879E-11,NO
859,981,1.0,NO
860,765,1.0,NO
861,62,2.235242564568728E-11,NO
862,409,0.9999980862212329,NO
863,234,5.4045076544502E-6,NO
864,74,3.200466204901879E-11,NO
865,58,2.1588235842179923E-11,NO
866,21,1.1015068747104716E-11,NO
867,931,1.0,NO
868,21,1.1015068747104716E-11,NO
869,77,3.8408924052303644E-11,NO
870,85,5.212227365722556E-11,NO
871,427,0.9999999549630042,NO
872,198,1.6519571466390076E-6,NO
873,79,4.1268536781687273E-11,NO
874,52,1.76968206234167E-11,NO
875,217,6.910997236390824E-6,NO
876,279,1.9354479040184248E-4,NO
877,22,5.673190064044612E-11,NO
878,25,1.1150568284610481E-11,NO
879,42,1.3422602763544666E-11,NO
880,67,2.8274080811731744E-11,NO
881,23,1.1150568284610481E-11,NO
882,637,1.0,NO
883,23,1.1150568284610481E-11,NO
884,37,1.2630605674052622E-11,NO
885,35,1.2630605674052622E-11,NO
886,35,6.054124300170472E-11,NO
887,84,1.8703089852843044E-10,NO
888,449,0.9999999950402824,NO
889,58,2.1588235842179923E-11,NO
890,92,8.986576194472145E-11,NO
891,32,1.2180716807364998E-11,NO
892,521,0.9999999999999989,NO
893,24,1.1150568284610481E-11,NO
894,42,6.077299386959722E-11,NO
895,42,6.077299386959722E-11,NO
896,36,6.054124300170472E-11,NO
897,21,1.1015068747104716E-11,NO
898,94,3.0623545445544915E-10,NO
899,388,0.994677407313705,NO
900,21,1.1015068747104716E-11,NO
901,53,1.76968206234167E-11,NO
902,21,1.1015068747104716E-11,NO
903,105,3.5201587141536496E-10,NO
904,76,1.3603919270608378E-10,NO
905,29,1.144936755072418E-11,NO
906,48,1.5141683949692673E-11,NO
907,137,1.8436115515622343E-9,NO
908,21,1.1015068747104716E-11,NO
909,42,1.3422602763544666E-11,NO
910,21,1.1015068747104716E-11,NO
911,646,1.0,NO
912,132,1.1267344248677084E-7,NO
913,90,8.986576194472145E-11,NO
914,499,1.0,NO
915,268,0.005747996158325602,NO
916,135,1.487786008184036E-7,NO
917,240,2.7296746213406138E-5,NO
918,383,0.9996351454868666,NO
919,21,1.1015068747104716E-11,NO
920,768,1.0,NO
921,21,1.1015068747104716E-11,NO
922,83,1.603592820554602E-10,NO
923,886,1.0,NO
924,287,5.718632937972077E-4,NO
925,63,2.235242564568728E-11,NO
926,129,1.0449577230005423E-9,NO
927,71,1.1857956123480697E-10,NO
928,21,1.1015068747104716E-11,NO
929,400,0.9999913638113357,NO
930,961,1.0,NO
931,76,8.469336372550039E-10,NO
932,21,1.1015068747104716E-11,NO
933,21,1.1015068747104716E-11,NO
934,123,6.378637261922902E-8,NO
935,151,1.3031542689290207E-8,NO
936,21,1.1015068747104716E-11,NO
937,131,1.1087416502840058E-9,NO
938,189,1.9871795953799822E-7,NO
939,37,1.2630605674052622E-11,NO
940,61,5.382225515170761E-10,NO
941,21,1.1015068747104716E-11,NO
942,81,4.681085327921028E-11,NO
943,74,1.1857956123480697E-10,NO
944,58,2.1588235842179923E-11,NO
945,51,1.642057878379792E-11,NO
946,26,1.1150568284610481E-11,NO
947,21,1.1015068747104716E-11,NO
948,54,1.990571399268455E-11,NO
949,43,1.3422602763544666E-11,NO
950,33,1.2180716807364998E-11,NO
951,36,1.2630605674052622E-11,NO
952,37,1.2630605674052622E-11,NO
953,28,1.144936755072418E-11,NO
954,34,1.2630605674052622E-11,NO
955,36,1.2630605674052622E-11,NO
956,34,1.2630605674052622E-11,NO
957,99,2.292641091742603E-10,NO
958,52,7.890115631107483E-11,NO
959,128,1.027765696856555E-9,NO
960,38,1.2630605674052622E-11,NO
961,525,1.0,NO
962,1361,1.0,NO
963,129,1.0449577230005423E-9,NO
964,21,1.1015068747104716E-11,NO
965,114,3.10023016270864E-10,NO
966,72,3.200466204901879E-11,NO
967,70,3.200466204901879E-11,NO
968,42,1.3422602763544666E-11,NO
969,99,9.543668181645552E-11,NO
970,163,1.7410105904370886E-8,NO
971,46,1.4353536582262547E-11,NO
972,85,5.212227365722556E-11,NO
973,247,5.806790719117677E-4,NO
974,36,1.2630605674052622E-11,NO
975,37,1.2630605674052622E-11,NO
976,49,1.5141683949692673E-11,NO
977,21,1.1015068747104716E-11,NO
978,39,1.2630605674052622E-11,NO
979,227,4.432186218731054E-6,NO
980,55,8.479461555508727E-11,NO
981,175,5.4866639534614246E-8,NO
982,102,2.8600644919438454E-10,NO
983,64,2.235242564568728E-11,NO
984,67,2.8274080811731744E-11,NO
985,180,2.7476400797927065E-8,NO
986,127,8.718917058743906E-10,NO
987,51,1.642057878379792E-11,NO
988,120,3.913145110196746E-10,NO
989,21,1.1015068747104716E-11,NO
990,138,1.6660454036645078E-9,NO
991,181,2.7476400797927065E-8,NO
992,61,2.235242564568728E-11,NO
993,21,1.1015068747104716E-11,NO
994,114,3.10023016270864E-10,NO
995,66,2.8274080811731744E-11,NO
996,72,3.200466204901879E-11,NO
997,75,3.6717022248156585E-11,NO
998,33,1.2180716807364998E-11,NO
999,21,1.1015068747104716E-11,NO
1000,46,1.4353536582262547E-11,NO
1001,46,1.4353536582262547E-11,NO
1002,51,1.642057878379792E-11,NO
1003,38,1.2630605674052622E-11,NO
1004,40,1.2630605674052622E-11,NO
1005,21,1.1015068747104716E-11,NO
1006,781,1.0,NO
1007,1323,1.0,NO
1008,21,1.1015068747104716E-11,NO
1009,2645,1.0,NO
1010,246,5.806790719117677E-4,NO
1011,21,1.1015068747104716E-11,NO
1012,100,9.543668181645552E-11,NO
1013,57,2.1588235842179923E-11,NO
1014,68,2.9425550182658073E-11,NO
1015,372,0.9944835637944595,NO
1016,147,2.6992572005965436E-9,NO
1017,45,1.4353536582262547E-11,NO
1018,116,5.854061800287745E-10,NO
1019,40,1.2630605674052622E-11,NO
1020,97,9.543668181645552E-11,NO
1021,758,1.0,NO
1022,21,1.1015068747104716E-11,NO
1023,55,1.990571399268455E-11,NO
1024,199,3.0811275328409496E-7,NO
1025,64,2.235242564568728E-11,NO
1026,103,1.6327849392240484E-9,NO
1027,71,3.200466204901879E-11,NO
1028,245,2.7296746213406138E-5,NO
1029,21,1.1015068747104716E-11,NO
1030,343,0.3339409166675605,NO
1031,244,3.22151145463424E-4,NO
1032,142,1.6660454036645078E-9,NO
1033,22,5.673190064044612E-11,NO
1034,266,0.011828777738015363,NO
1035,126,8.718917058743906E-10,NO
1036,170,4.597948345946012E-8,NO
1037,648,1.0,NO
1038,150,4.38419335174054E-9,NO
1039,65,2.42253845953936E-11,NO
1040,119,3.10023016270864E-10,NO
1041,42,1.3422602763544666E-11,NO
1042,54,1.990571399268455E-11,NO
1043,32,1.2180716807364998E-11,NO
1044,30,1.1946786880888953E-11,NO
1045,40,1.2630605674052622E-11,NO
1046,30,1.1946786880888953E-11,NO
1047,34,1.2630605674052622E-11,NO
1048,58,2.1588235842179923E-11,NO
1049,34,1.2630605674052622E-11,NO
1050,34,1.2630605674052622E-11,NO
1051,30,1.1946786880888953E-11,NO
1052,30,1.1946786880888953E-11,NO
1053,49,1.5141683949692673E-11,NO
1054,34,1.2630605674052622E-11,NO
1055,38,1.2630605674052622E-11,NO
1056,30,1.1946786880888953E-11,NO
1057,34,1.2630605674052622E-11,NO
1058,31,1.1946786880888953E-11,NO
1059,42,1.3422602763544666E-11,NO
1060,30,1.1946786880888953E-11,NO
1061,29,1.144936755072418E-11,NO
1062,30,1.1946786880888953E-11,NO
1063,31,1.1946786880888953E-11,NO
1064,32,1.2180716807364998E-11,NO
1065,31,1.1946786880888953E-11,NO
1066,30,1.1946786880888953E-11,NO
1067,34,1.2630605674052622E-11,NO
1068,30,1.1946786880888953E-11,NO
1069,37,1.2630605674052622E-11,NO
1070,38,1.2630605674052622E-11,NO
1071,31,1.1946786880888953E-11,NO
1072,32,1.2180716807364998E-11,NO
1073,31,1.1946786880888953E-11,NO
1074,34,1.2630605674052622E-11,NO
1075,30,1.1946786880888953E-11,NO
1076,122,4.935963956188464E-10,NO
1077,30,1.1946786880888953E-11,NO
1078,30,1.1946786880888953E-11,NO
1079,30,1.1946786880888953E-11,NO
1080,45,1.4353536582262547E-11,NO
1081,38,1.2630605674052622E-11,NO
1082,30,1.1946786880888953E-11,NO
1083,43,1.3422602763544666E-11,NO
1084,31,1.1946786880888953E-11,NO
1085,21,1.1015068747104716E-11,NO
1086,21,1.1015068747104716E-11,NO
1087,110,1.2798544626876687E-5,NO
1088,59,1.112600272020578E-9,NO
1089,22,7.307351818154874E-11,NO
1090,354,1.0,NO
1091,38,1.6783208381039425E-10,NO
1092,22,7.307351818154874E-11,NO
1093,69,4.800672509436699E-9,NO
1094,324,1.0,NO
1095,100,8.687825022360822E-7,NO
1096,18,6.639486143704725E-11,NO
1097,51,3.400697687555624E-10,NO
1098,247,1.0,NO
1099,33,1.0834340100361235E-10,NO
1100,34,1.1234501196432903E-10,NO
1101,34,1.1234501196432903E-10,NO
1102,18,6.639486143704725E-11,NO
1103,37,1.6783208381039425E-10,NO
1104,18,6.639486143704725E-11,NO
1105,49,3.135838892933729E-10,NO
1106,138,0.006983369870064199,NO
1107,109,6.463460051174346E-6,NO
1108,79,1.4074937717343157E-8,NO
1109,68,4.4138078907023665E-9,NO
1110,73,4.800672509436699E-9,NO
1111,18,6.639486143704725E-11,NO
1112,53,6.218103283615148E-10,NO
1113,44,2.2512284237113766E-10,NO
1114,22,7.307351818154874E-11,NO
1115,18,6.639486143704725E-11,NO
1116,85,1.1422063109946427E-6,NO
1117,131,0.005948491172187701,NO
1118,53,6.218103283615148E-10,NO
1119,57,1.0745624413242752E-9,NO
1120,64,1.6447435237333174E-9,NO
1121,18,6.639486143704725E-11,NO
1122,75,1.252261025979252E-8,NO
1123,66,4.241088449864826E-9,NO
1124,74,4.800672509436699E-9,NO
1125,33,1.0834340100361235E-10,NO
1126,54,6.994238579075642E-10,NO
1127,53,6.218103283615148E-10,NO
1128,23,7.41230285531433E-11,NO
1129,39,1.6783208381039425E-10,NO
1130,50,3.400697687555624E-10,NO
1131,31,1.0626267256789133E-10,NO
1132,39,1.6783208381039425E-10,NO
1133,39,1.6783208381039425E-10,NO
1134,22,7.307351818154874E-11,NO
1135,27,8.503688882267293E-11,NO
1136,28,8.731560317357711E-11,NO
1137,30,1.0626267256789133E-10,NO
1138,34,1.1234501196432903E-10,NO
1139,41,2.1792980101490248E-10,NO
1140,59,1.112600272020578E-9,NO
1141,31,1.0626267256789133E-10,NO
1142,51,3.400697687555624E-10,NO
1143,72,4.800672509436699E-9,NO
1144,23,7.41230285531433E-11,NO
1145,507,1.0,NO
1146,48,3.135838892933729E-10,NO
1147,77,1.309964579582399E-8,NO
1148,43,2.2512284237113766E-10,NO
1149,38,1.6783208381039425E-10,NO
1150,47,3.135838892933729E-10,NO
1151,22,7.307351818154874E-11,NO
1152,22,7.307351818154874E-11,NO
1153,86,9.216264745915858E-8,NO
1154,43,2.2512284237113766E-10,NO
1155,518,1.0,NO
1156,37,1.6783208381039425E-10,NO
1157,23,7.41230285531433E-11,NO
1158,97,4.6366647590738E-7,NO
1159,107,2.7815438964540062E-6,NO
1160,177,0.9999212188443546,NO
1161,688,1.0,NO
1162,23,7.41230285531433E-11,NO
1163,152,0.23364760703485227,NO
1164,139,0.020041198638530565,NO
1165,140,0.021694771803958162,NO
1166,129,9.613695669442686E-4,NO
1167,1046,1.0,NO
1168,46,2.972613773742038E-10,NO
1169,271,1.0,NO
1170,112,1.2798544626876687E-5,NO
1171,95,4.6143071562034223E-7,NO
1172,107,2.7815438964540062E-6,NO
1173,143,0.053925120138259654,NO
1174,22,7.307351818154874E-11,NO
1175,22,7.307351818154874E-11,NO
1176,22,7.307351818154874E-11,NO
1177,44,2.2512284237113766E-10,NO
1178,77,1.309964579582399E-8,NO
1179,168,0.9980719061246782,NO
1180,236,0.9999999999999997,NO
1181,131,0.001037035729607152,NO
1182,154,5.903009475115914E-9,NO
1183,232,8.654692814895295E-5,NO
1184,142,2.1990928816747116E-9,NO
1185,23,1.1150568284610481E-11,NO
1186,110,1.2798544626876687E-5,NO
1187,21,6.639486143704725E-11,NO
1188,22,7.307351818154874E-11,NO
1189,22,7.307351818154874E-11,NO
1190,22,7.307351818154874E-11,NO
1191,42,2.2512284237113766E-10,NO
1192,46,2.972613773742038E-10,NO
1193,18,6.639486143704725E-11,NO
1194,39,1.6783208381039425E-10,NO
1195,22,7.307351818154874E-11,NO
1196,38,1.6783208381039425E-10,NO
1197,25,8.503688882267293E-11,NO
1198,104,1.381531432297656E-6,NO
1199,22,7.307351818154874E-11,NO
1200,92,1.2957263669779688E-7,NO
1201,22,7.307351818154874E-11,NO
1202,17,6.145220353157423E-11,NO
1203,58,1.0745624413242752E-9,NO
1204,31,1.0626267256789133E-10,NO
1205,27,8.503688882267293E-11,NO
1206,36,1.3827390046194254E-10,NO
1207,58,1.0745624413242752E-9,NO
1208,31,1.0626267256789133E-10,NO
1209,22,7.307351818154874E-11,NO
1210,68,4.4138078907023665E-9,NO
1211,17,6.145220353157423E-11,NO
1212,31,1.0626267256789133E-10,NO
1213,28,8.731560317357711E-11,NO
1214,31,1.0626267256789133E-10,NO
1215,36,1.3827390046194254E-10,NO
1216,17,6.145220353157423E-11,NO
1217,17,6.145220353157423E-11,NO
1218,144,0.13197187660873727,NO
1219,123,9.18008762162211E-5,NO
1220,44,2.2512284237113766E-10,NO
1221,70,4.800672509436699E-9,NO
1222,208,0.9999999990293003,NO
1223,106,2.7815438964540062E-6,NO
1224,36,1.3827390046194254E-10,NO
1225,338,1.0,NO
1226,292,1.0,NO
1227,22,7.307351818154874E-11,NO
1228,56,9.908142926734574E-10,NO
1229,56,9.908142926734574E-10,NO
1230,36,1.3827390046194254E-10,NO
1231,145,0.13197187660873727,NO
1232,37,1.6783208381039425E-10,NO
1233,662,1.0,NO
1234,22,7.307351818154874E-11,NO
1235,475,1.0,NO
1236,22,7.307351818154874E-11,NO
1237,22,7.307351818154874E-11,NO
1238,58,1.0745624413242752E-9,NO
1239,164,0.9991807205458181,NO
1240,77,1.309964579582399E-8,NO
1241,348,1.0,NO
1242,45,2.972613773742038E-10,NO
1243,139,0.020041198638530565,NO
1244,119,3.298867822412363E-5,NO
1245,113,1.366593241279258E-5,NO
1246,163,0.9329717965654102,NO
1247,117,3.298867822412363E-5,NO
1248,18,6.639486143704725E-11,NO
1249,22,7.307351818154874E-11,NO
1250,48,3.135838892933729E-10,NO
1251,266,1.0,NO
1252,22,7.307351818154874E-11,NO
1253,18,6.639486143704725E-11,NO
1254,209,5.731967248656255E-4,NO
1255,43,1.3422602763544666E-11,NO
1256,187,4.7048265424201783E-8,NO
1257,41,1.2993728750630821E-11,NO
1258,188,8.355857212571418E-8,NO
1259,30,1.1946786880888953E-11,NO
1260,66,2.8274080811731744E-11,NO
1261,57,2.1588235842179923E-11,NO
