ID, Size, Predicted, Actual
0,215,0.011783874128985326,NO
1,271,0.011783874128985326,YES
2,458,0.011783874128985326,YES
3,137,0.011783874128985326,YES
4,357,0.011783874128985326,YES
5,1242,0.9987960761911784,YES
6,51,0.011783874128985326,NO
7,154,0.011783874128985326,YES
8,31,0.011783874128985326,NO
9,928,0.9987960761911784,YES
10,180,0.011783874128985326,NO
11,260,0.9987960761911784,YES
12,551,0.9987960761911784,YES
13,40,0.011783874128985326,NO
14,361,0.011783874128985326,YES
15,388,0.9987960761911784,YES
16,51,0.011783874128985326,NO
17,577,0.9987960761911784,NO
18,32,0.011783874128985326,NO
19,66,0.011783874128985326,NO
20,188,0.9987960761911784,YES
21,582,0.9987960761911784,YES
22,158,0.011783874128985326,YES
23,50,0.011783874128985326,NO
24,27,0.011783874128985326,NO
25,928,0.9987960761911784,YES
26,60,0.011783874128985326,NO
27,62,0.011783874128985326,NO
28,87,0.011783874128985326,NO
29,52,0.011783874128985326,NO
30,268,0.9987960761911784,YES
31,163,0.011783874128985326,NO
32,109,0.011783874128985326,NO
33,147,0.011783874128985326,NO
34,58,0.011783874128985326,NO
35,44,0.011783874128985326,NO
36,106,0.011783874128985326,NO
37,139,0.011783874128985326,NO
38,326,0.011783874128985326,NO
39,648,0.9987960761911784,YES
40,778,0.9987960761911784,YES
41,314,0.011783874128985326,YES
42,55,0.011783874128985326,NO
43,191,0.011783874128985326,NO
44,90,0.011783874128985326,NO
45,273,0.011783874128985326,NO
46,137,0.9987960761911784,YES
47,79,0.9987960761911784,YES
48,82,0.011783874128985326,NO
49,147,0.9987960761911784,YES
50,422,0.011783874128985326,YES
51,978,0.9987960761911784,YES
52,467,0.9987960761911784,YES
53,189,0.9987960761911784,YES
54,153,0.9987960761911784,YES
55,84,0.011783874128985326,YES
56,182,0.9987960761911784,YES
57,358,0.9987960761911784,YES
58,126,0.9987960761911784,YES
59,106,0.9987960761911784,YES
60,109,0.9987960761911784,NO
61,85,0.011783874128985326,NO
62,236,0.9987960761911784,YES
63,314,0.011783874128985326,YES
64,694,0.9987960761911784,YES
65,27,0.011783874128985326,NO
66,89,0.9987960761911784,YES
67,301,0.9987960761911784,YES
68,153,0.9987960761911784,NO
69,92,0.9987960761911784,NO
70,466,0.9987960761911784,YES
71,93,0.9987960761911784,NO
72,244,0.9987960761911784,NO
73,192,0.9987960761911784,NO
74,250,0.9987960761911784,YES
75,109,0.011783874128985326,NO
76,601,0.9987960761911784,NO
77,565,0.9987960761911784,YES
78,69,0.9987960761911784,YES
79,77,0.011783874128985326,NO
80,94,0.011783874128985326,NO
81,337,0.011783874128985326,NO
82,214,0.011783874128985326,NO
83,79,0.011783874128985326,NO
84,25,0.011783874128985326,NO
85,84,0.011783874128985326,NO
86,34,0.011783874128985326,NO
87,33,0.011783874128985326,NO
88,104,0.011783874128985326,NO
89,172,0.011783874128985326,NO
90,70,0.011783874128985326,NO
91,140,0.011783874128985326,NO
92,154,0.011783874128985326,YES
93,248,0.011783874128985326,NO
94,275,0.9987960761911784,YES
95,176,0.011783874128985326,NO
96,624,0.9987960761911784,YES
97,91,0.011783874128985326,YES
98,58,0.011783874128985326,YES
99,132,0.011783874128985326,NO
100,4088,0.9987960761911784,YES
101,558,0.011783874128985326,YES
102,727,0.9987960761911784,YES
103,150,0.011783874128985326,YES
104,503,0.011783874128985326,YES
105,325,0.011783874128985326,YES
106,273,0.011783874128985326,YES
107,136,0.011783874128985326,YES
108,56,0.011783874128985326,NO
109,74,0.011783874128985326,NO
110,357,0.011783874128985326,YES
111,174,0.011783874128985326,NO
112,148,0.011783874128985326,NO
113,92,0.011783874128985326,NO
114,45,0.011783874128985326,NO
115,168,0.011783874128985326,YES
116,77,0.011783874128985326,NO
117,664,0.011783874128985326,YES
118,88,0.011783874128985326,NO
119,260,0.9987960761911784,YES
120,54,0.011783874128985326,NO
121,48,0.011783874128985326,NO
122,140,0.011783874128985326,YES
123,152,0.011783874128985326,NO
124,39,0.011783874128985326,NO
125,131,0.011783874128985326,NO
126,47,0.011783874128985326,NO
127,129,0.011783874128985326,YES
128,43,0.011783874128985326,NO
129,243,0.011783874128985326,NO
130,62,0.011783874128985326,YES
131,45,0.011783874128985326,NO
132,94,0.011783874128985326,YES
133,72,0.011783874128985326,NO
134,42,0.011783874128985326,NO
135,48,0.011783874128985326,NO
136,89,0.011783874128985326,YES
137,380,0.9987960761911784,YES
138,138,0.011783874128985326,YES
139,142,0.011783874128985326,YES
140,191,0.011783874128985326,NO
141,46,0.011783874128985326,NO
142,165,0.011783874128985326,NO
143,171,0.011783874128985326,NO
144,56,0.011783874128985326,NO
145,179,0.9987960761911784,YES
146,74,0.011783874128985326,NO
147,36,0.011783874128985326,NO
148,37,0.011783874128985326,NO
149,34,0.9987960761911784,YES
150,34,0.9987960761911784,YES
151,38,0.011783874128985326,NO
152,39,0.011783874128985326,NO
153,156,0.011783874128985326,NO
154,84,0.011783874128985326,NO
155,117,0.9987960761911784,YES
156,94,0.011783874128985326,NO
157,71,0.011783874128985326,NO
158,183,0.9987960761911784,YES
159,85,0.011783874128985326,NO
160,183,0.011783874128985326,YES
161,70,0.011783874128985326,NO
162,54,0.9987960761911784,NO
163,160,0.9987960761911784,NO
164,125,0.9987960761911784,YES
165,151,0.9987960761911784,YES
166,421,0.9987960761911784,YES
167,219,0.9987960761911784,YES
168,50,0.9987960761911784,NO
169,42,0.011783874128985326,YES
170,624,0.011783874128985326,NO
171,377,0.9987960761911784,YES
172,383,0.011783874128985326,YES
173,72,0.011783874128985326,NO
174,92,0.011783874128985326,NO
175,284,0.011783874128985326,YES
176,371,0.011783874128985326,NO
177,47,0.011783874128985326,NO
178,108,0.011783874128985326,YES
179,111,0.011783874128985326,NO
180,319,0.9987960761911784,YES
181,129,0.9987960761911784,YES
182,49,0.011783874128985326,NO
183,358,0.9987960761911784,YES
184,277,0.9987960761911784,YES
185,49,0.011783874128985326,NO
186,89,0.011783874128985326,NO
187,41,0.011783874128985326,NO
188,66,0.011783874128985326,NO
189,63,0.011783874128985326,NO
190,24,0.011783874128985326,NO
191,50,0.011783874128985326,NO
192,72,0.011783874128985326,NO
193,47,0.011783874128985326,NO
194,47,0.011783874128985326,NO
195,183,0.011783874128985326,NO
196,49,0.011783874128985326,NO
197,50,0.011783874128985326,NO
198,98,0.011783874128985326,NO
199,143,0.011783874128985326,NO
200,43,0.011783874128985326,NO
201,42,0.011783874128985326,NO
202,56,0.011783874128985326,NO
203,44,0.011783874128985326,NO
204,26,0.011783874128985326,NO
205,254,0.9987960761911784,YES
206,16883,0.9987960761911784,YES
207,74,0.9987960761911784,NO
208,153,0.011783874128985326,NO
209,68,0.011783874128985326,NO
210,100,0.9987960761911784,NO
211,549,0.9987960761911784,YES
212,437,0.011783874128985326,NO
213,1033,0.9987960761911784,YES
214,101,0.011783874128985326,YES
215,331,0.9987960761911784,YES
216,123,0.011783874128985326,NO
217,106,0.011783874128985326,NO
218,106,0.011783874128985326,NO
219,93,0.011783874128985326,YES
220,101,0.011783874128985326,YES
221,38,0.9987960761911784,YES
222,584,0.9987960761911784,YES
223,32,0.011783874128985326,NO
224,111,0.011783874128985326,NO
225,35,0.011783874128985326,NO
226,90,0.9987960761911784,YES
227,27,0.011783874128985326,NO
228,28,0.011783874128985326,NO
229,92,0.9987960761911784,YES
230,885,0.9987960761911784,YES
231,67,0.011783874128985326,NO
232,29,0.011783874128985326,NO
233,105,0.011783874128985326,NO
234,72,0.011783874128985326,NO
235,37,0.011783874128985326,NO
236,47,0.011783874128985326,NO
237,31,0.011783874128985326,NO
238,90,0.9987960761911784,NO
239,223,0.9987960761911784,YES
240,214,0.011783874128985326,NO
241,107,0.011783874128985326,NO
242,37,0.011783874128985326,NO
243,27,0.011783874128985326,NO
244,48,0.011783874128985326,NO
245,166,0.9987960761911784,YES
246,213,0.9987960761911784,NO
247,866,0.011783874128985326,YES
248,159,0.9987960761911784,NO
249,100,0.9987960761911784,YES
250,96,0.9987960761911784,YES
251,841,0.9987960761911784,YES
252,525,0.9987960761911784,YES
253,83,0.011783874128985326,NO
254,63,0.011783874128985326,NO
255,76,0.011783874128985326,NO
256,202,0.011783874128985326,NO
257,155,0.011783874128985326,YES
258,1262,0.9987960761911784,YES
259,74,0.011783874128985326,NO
260,101,0.011783874128985326,NO
261,27,0.011783874128985326,NO
262,22,0.011783874128985326,NO
263,489,0.9987960761911784,YES
264,62,0.011783874128985326,NO
265,59,0.011783874128985326,NO
266,99,0.011783874128985326,NO
267,27,0.011783874128985326,NO
268,77,0.011783874128985326,NO
269,846,0.9987960761911784,YES
270,64,0.9987960761911784,YES
271,45,0.011783874128985326,NO
272,63,0.011783874128985326,NO
273,54,0.011783874128985326,NO
274,64,0.011783874128985326,NO
275,132,0.011783874128985326,NO
276,177,0.9987960761911784,NO
277,70,0.011783874128985326,NO
278,36,0.011783874128985326,NO
279,58,0.011783874128985326,NO
280,62,0.011783874128985326,NO
281,132,0.011783874128985326,NO
282,74,0.011783874128985326,NO
283,83,0.011783874128985326,YES
284,74,0.011783874128985326,NO
285,48,0.011783874128985326,NO
286,74,0.9987960761911784,YES
287,86,0.011783874128985326,NO
288,355,0.9987960761911784,NO
289,53,0.011783874128985326,NO
290,798,0.9987960761911784,YES
291,75,0.9987960761911784,NO
292,125,0.9987960761911784,YES
293,200,0.9987960761911784,YES
294,134,0.9987960761911784,NO
295,57,0.011783874128985326,NO
296,123,0.9987960761911784,NO
297,204,0.9987960761911784,NO
298,162,0.9987960761911784,NO
299,130,0.9987960761911784,NO
300,108,0.011783874128985326,NO
301,353,0.9987960761911784,YES
302,80,0.011783874128985326,NO
303,28,0.011783874128985326,NO
304,57,0.011783874128985326,NO
305,306,0.011783874128985326,YES
306,340,0.9987960761911784,YES
307,103,0.011783874128985326,NO
308,35,0.011783874128985326,NO
309,98,0.011783874128985326,NO
310,117,0.9987960761911784,YES
