ID, Size, Predicted, Actual
0,215,0.0,NO
1,274,0.028333333333333332,YES
2,461,0.93,NO
3,138,0.16620743145743141,NO
4,358,0.01,NO
5,93,0.0,NO
6,1379,0.0,YES
7,51,0.0,NO
8,45,0.07940051367325662,NO
9,157,0.20381024531024536,NO
10,31,0.0,NO
11,1743,1.0,YES
12,55,0.0,NO
13,204,0.12349009324009326,NO
14,55,0.0,NO
15,103,0.08781866740071077,NO
16,34,0.0,NO
17,83,0.1097441355213092,NO
18,488,0.23,NO
19,83,0.1097441355213092,NO
20,129,0.0,NO
21,885,0.48200000000000004,NO
22,440,0.0,NO
23,40,0.0,NO
24,391,0.02,NO
25,378,0.0,NO
26,51,0.0,NO
27,709,0.63,YES
28,32,0.13005855303107625,NO
29,68,0.2581535287038383,YES
30,564,0.305,YES
31,588,0.21,NO
32,381,0.0,YES
33,977,0.01,NO
34,275,0.33805952380952375,NO
35,31,0.0,NO
36,50,0.0,NO
37,27,0.0,NO
38,183,0.04508226635609178,NO
39,50,0.0,NO
40,62,0.0,NO
41,87,0.15680182317682317,NO
42,52,0.28022727272727277,NO
43,419,0.0,YES
44,224,0.0,NO
45,118,0.0,YES
46,83,0.1097441355213092,NO
47,147,0.0,NO
48,120,0.0,NO
49,58,0.0323676763882805,NO
50,44,0.0,NO
51,106,0.05097878407012923,YES
52,238,0.025984848484848482,NO
53,43,0.047010602973881585,NO
54,195,0.0,YES
55,189,0.0,NO
56,151,0.0,NO
57,395,0.68,YES
58,1013,0.67,YES
59,913,0.11666666666666667,YES
60,43,0.047010602973881585,NO
61,335,0.85,YES
62,27,0.0,NO
63,55,0.0,NO
64,93,0.0,NO
65,191,0.0,NO
66,90,0.15058511132571548,NO
67,89,0.0,NO
68,273,0.17144841269841266,NO
69,191,0.0,NO
70,97,0.0,NO
71,82,0.0,NO
72,148,0.17057473499165507,NO
73,437,0.0,NO
74,1376,0.0,YES
75,214,0.0,YES
76,528,0.83,NO
77,209,0.0,NO
78,190,0.0,NO
79,86,0.0,NO
80,269,0.8588953823953823,YES
81,408,0.01,YES
82,572,0.01,NO
83,132,0.0,NO
84,173,0.62,NO
85,107,0.0,NO
86,85,0.0,NO
87,107,0.0,NO
88,250,0.415,NO
89,237,0.1863419913419914,NO
90,692,0.84,YES
91,47,0.0,NO
92,1487,0.0,YES
93,27,0.0,NO
94,89,0.0,NO
95,509,0.67,YES
96,227,0.0,NO
97,129,0.0,YES
98,101,1.0,YES
99,385,0.34,NO
100,102,1.0,YES
101,41,0.0,NO
102,244,0.0,NO
103,215,0.0,NO
104,260,0.69,NO
105,119,0.0,NO
106,701,0.84,NO
107,120,0.0,YES
108,630,0.36,YES
109,69,0.06383816214396378,NO
110,77,0.06285585647777796,NO
111,97,0.0,NO
112,380,0.0,NO
113,214,0.0,NO
114,38,0.12206423289423021,NO
115,79,0.0,NO
116,25,0.0,NO
117,84,0.035950142259781145,NO
118,34,0.0,NO
119,33,0.0,NO
120,104,0.11921882143434509,NO
121,193,0.19985497835497845,NO
122,70,0.0,NO
123,140,0.0,NO
124,22,0.0,NO
125,156,0.0,NO
126,142,0.0,NO
127,100,0.0,YES
128,153,0.09456985412248572,NO
129,31,0.0,NO
130,340,0.5709404761904762,NO
131,61,0.0829508257760546,NO
132,61,0.0829508257760546,NO
133,877,0.48200000000000004,NO
134,62,0.0,NO
135,186,0.0,NO
136,264,0.015,NO
137,42,0.0,NO
138,248,0.0,NO
139,343,0.5374274891774892,YES
140,199,0.0,YES
141,330,0.0,YES
142,346,0.0,YES
143,89,0.0,NO
144,193,0.19985497835497845,YES
145,406,0.05,YES
146,82,0.0,NO
147,53,0.0,NO
148,148,0.17057473499165507,NO
149,4774,0.01,YES
150,4088,0.0,NO
151,93,0.0,NO
152,78,0.541844905094905,NO
153,78,0.541844905094905,NO
154,995,0.87,YES
155,37,0.0,NO
156,59,0.0,NO
157,140,0.0,NO
158,165,0.11949193861693856,NO
159,47,0.0,NO
160,101,0.09383546423657911,NO
161,109,0.2077361900655244,NO
162,154,0.9716666666666667,NO
163,559,0.105,YES
164,386,0.34,NO
165,306,0.91,YES
166,135,0.0,NO
167,56,0.040998452436550904,NO
168,78,0.541844905094905,NO
169,35,0.06623054836049518,NO
170,467,0.05,YES
171,174,0.0,NO
172,148,0.17057473499165507,NO
173,88,0.35506279947449687,NO
174,52,0.28022727272727277,NO
175,39,0.0,NO
176,208,0.0,YES
177,77,0.06285585647777796,NO
178,666,0.0,NO
179,146,0.0,NO
180,272,0.17144841269841266,YES
181,54,0.0,NO
182,100,0.0,NO
183,119,0.0,NO
184,363,0.24,NO
185,152,0.0,NO
186,39,0.0,NO
187,677,0.01,NO
188,131,0.14802139527139527,NO
189,47,0.0,NO
190,100,0.0,NO
191,43,0.047010602973881585,NO
192,73,0.0,NO
193,234,0.7921190476190476,NO
194,62,0.0,NO
195,45,0.07940051367325662,NO
196,41,0.0,NO
197,47,0.0,NO
198,55,0.0,NO
199,1279,0.0,NO
200,183,0.04508226635609178,NO
201,163,0.0,NO
202,147,0.0,NO
203,77,0.06285585647777796,NO
204,99,0.11063526136745953,NO
205,53,0.0,NO
206,95,0.041066960816960825,NO
207,77,0.06285585647777796,NO
208,69,0.06383816214396378,NO
209,69,0.06383816214396378,NO
210,77,0.06285585647777796,NO
211,80,0.04492063492063492,NO
212,72,0.03424471677042504,NO
213,63,0.03386783930391587,NO
214,50,0.0,NO
215,28,0.0,NO
216,108,0.2082109859095154,NO
217,40,0.0,NO
218,76,0.0,NO
219,64,0.06299200270038108,NO
220,63,0.03386783930391587,NO
221,55,0.0,NO
222,45,0.07940051367325662,NO
223,476,0.0,NO
224,77,0.06285585647777796,NO
225,69,0.06383816214396378,NO
226,104,0.11921882143434509,NO
227,115,0.0,NO
228,421,0.0,NO
229,61,0.0829508257760546,NO
230,2009,0.0,NO
231,179,0.0,NO
232,106,0.05097878407012923,NO
233,33,0.0,NO
234,657,0.0,NO
235,295,0.0,NO
236,872,0.0,NO
237,444,0.0,NO
238,168,0.1020961995520819,NO
239,752,0.0,NO
240,135,0.0,NO
241,1126,0.0,NO
242,163,0.0,NO
243,184,0.0,NO
244,51,0.0,NO
245,25,0.0,NO
246,180,0.0,NO
247,64,0.06299200270038108,NO
248,101,0.09383546423657911,NO
249,512,0.01,NO
250,187,0.0,NO
251,56,0.040998452436550904,NO
252,39,0.0,NO
253,261,0.0,NO
254,73,0.0,NO
255,65,0.0,NO
256,329,0.0,NO
257,64,0.06299200270038108,NO
258,164,0.0,NO
259,624,0.0,NO
260,74,0.03727199053859942,NO
261,117,0.06456739497845301,NO
262,84,0.035950142259781145,NO
263,226,0.0,NO
264,76,0.0,NO
265,323,0.0,NO
266,72,0.03424471677042504,NO
267,42,0.0,NO
268,48,0.0,NO
269,89,0.0,NO
270,380,0.0,NO
271,144,0.63,NO
272,148,0.17057473499165507,NO
273,191,0.0,NO
274,46,0.0,NO
275,165,0.11949193861693856,NO
276,171,0.0,NO
277,56,0.040998452436550904,NO
278,179,0.0,NO
279,74,0.03727199053859942,NO
280,36,0.07999458749884449,NO
281,37,0.0,NO
282,34,0.0,NO
283,34,0.0,NO
284,38,0.12206423289423021,NO
285,39,0.0,NO
286,156,0.0,NO
287,78,0.541844905094905,NO
288,117,0.06456739497845301,NO
289,94,0.1621066030531009,NO
290,69,0.06383816214396378,NO
291,180,0.0,NO
292,80,0.04492063492063492,NO
293,183,0.04508226635609178,NO
294,70,0.0,NO
295,54,0.0,NO
296,160,0.21556872294372303,NO
297,128,0.0,NO
298,151,0.0,NO
299,422,0.15375685425685426,NO
300,221,0.0,NO
301,50,0.0,NO
302,42,0.0,NO
303,622,0.0,NO
304,365,0.8,NO
305,382,0.04,NO
306,72,0.03424471677042504,NO
307,92,0.11221489435208737,NO
308,280,0.0,NO
309,371,0.0,NO
310,47,0.0,NO
311,108,0.2082109859095154,NO
312,111,0.0,NO
313,314,0.02222222222222222,NO
314,129,0.0,NO
315,49,0.0,NO
316,358,0.01,NO
317,273,0.17144841269841266,NO
318,47,0.0,NO
319,89,0.0,NO
320,41,0.0,NO
321,66,0.0,NO
322,63,0.03386783930391587,NO
323,24,0.0,NO
324,50,0.0,NO
325,72,0.03424471677042504,NO
326,47,0.0,NO
327,47,0.0,NO
328,183,0.04508226635609178,NO
329,49,0.0,NO
330,50,0.0,NO
331,98,0.040564896657665814,NO
332,143,0.0,NO
333,43,0.047010602973881585,NO
334,42,0.0,NO
335,56,0.040998452436550904,NO
336,44,0.0,NO
337,26,0.0,NO
338,254,0.0,NO
339,16883,0.0,NO
340,74,0.03727199053859942,NO
341,153,0.09456985412248572,NO
342,68,0.2581535287038383,NO
343,100,0.0,NO
344,547,0.06,NO
345,437,0.0,NO
346,1038,0.01,NO
347,104,0.11921882143434509,NO
348,332,0.0,NO
349,123,0.07592128813327834,NO
350,106,0.05097878407012923,NO
351,107,0.0,NO
352,94,0.1621066030531009,NO
353,101,0.09383546423657911,NO
354,38,0.12206423289423021,NO
355,666,0.0,NO
356,32,0.13005855303107625,NO
357,111,0.0,NO
358,35,0.06623054836049518,NO
359,90,0.15058511132571548,NO
360,27,0.0,NO
361,28,0.0,NO
362,92,0.11221489435208737,NO
363,978,0.01,NO
364,67,0.0,NO
365,29,0.09764932289932292,NO
366,105,0.39986404264809833,NO
367,72,0.03424471677042504,NO
368,37,0.0,NO
369,47,0.0,NO
370,31,0.0,NO
371,90,0.15058511132571548,NO
372,221,0.0,NO
373,213,0.0,NO
374,105,0.39986404264809833,NO
375,37,0.0,NO
376,27,0.0,NO
377,48,0.0,NO
378,167,0.204234126984127,NO
379,213,0.0,NO
380,867,0.17232936507936508,NO
381,158,0.0,NO
382,93,0.0,NO
383,96,0.10182922486869857,NO
384,840,0.01,NO
385,535,0.0,NO
386,83,0.1097441355213092,NO
387,63,0.03386783930391587,NO
388,76,0.0,NO
389,202,0.0,NO
390,155,0.20702777777777773,NO
391,1263,0.0,NO
392,74,0.03727199053859942,NO
393,101,0.09383546423657911,NO
394,27,0.0,NO
395,22,0.0,NO
396,491,0.02,NO
397,62,0.0,NO
398,59,0.0,NO
399,99,0.11063526136745953,NO
400,27,0.0,NO
401,77,0.06285585647777796,NO
402,865,0.665015873015873,NO
403,64,0.06299200270038108,NO
404,45,0.07940051367325662,NO
405,63,0.03386783930391587,NO
406,54,0.0,NO
407,64,0.06299200270038108,NO
408,132,0.0,NO
409,182,0.14812620712620708,NO
410,70,0.0,NO
411,36,0.07999458749884449,NO
412,58,0.0323676763882805,NO
413,62,0.0,NO
414,132,0.0,NO
415,74,0.03727199053859942,NO
416,86,0.0,NO
417,74,0.03727199053859942,NO
418,48,0.0,NO
419,74,0.03727199053859942,NO
420,86,0.0,NO
421,355,0.0,NO
422,53,0.0,NO
423,798,0.0,NO
424,75,0.13931018001606238,NO
425,128,0.0,NO
426,198,0.0,NO
427,138,0.16620743145743141,NO
428,57,0.0,NO
429,123,0.07592128813327834,NO
430,314,0.02222222222222222,NO
431,162,0.2224027010571127,NO
432,137,0.43786646394541134,NO
433,124,0.0,NO
434,359,0.0,NO
435,151,0.0,NO
436,107,0.0,NO
437,28,0.0,NO
438,58,0.0323676763882805,NO
439,470,0.0,NO
440,345,0.63,NO
441,103,0.08781866740071077,NO
442,35,0.06623054836049518,NO
443,98,0.040564896657665814,NO
444,117,0.06456739497845301,NO
