ID, Size, Predicted, Actual
0,212,7.004810129003261E-4,NO
1,274,0.0013990020770167355,NO
2,461,0.9998597466056763,YES
3,138,0.0013990020770167355,NO
4,358,4.672055209979382E-4,NO
5,93,0.0013990020770167355,NO
6,1371,0.9998597466056763,YES
7,51,2.8042812665397566E-4,NO
8,45,0.0013990020770167355,NO
9,157,4.672055209979382E-4,NO
10,31,2.8042812665397566E-4,NO
11,1708,0.9998597466056763,YES
12,55,0.0013990020770167355,NO
13,204,0.0013990020770167355,NO
14,55,0.0013990020770167355,NO
15,103,0.0013990020770167355,NO
16,34,0.0013990020770167355,NO
17,83,0.0013990020770167355,NO
18,488,0.0013990020770167355,NO
19,83,0.0013990020770167355,NO
20,129,0.0013990020770167355,NO
21,885,0.9998597466056763,YES
22,440,0.9998597466056763,NO
23,40,2.8042812665397566E-4,NO
24,391,0.9998597466056763,YES
25,393,0.0013990020770167355,NO
26,51,3.5048601524913215E-4,NO
27,709,0.9998597466056763,YES
28,32,2.8042812665397566E-4,NO
29,68,0.0013990020770167355,YES
30,564,0.0013990020770167355,YES
31,588,0.0013990020770167355,NO
32,381,0.9998597466056763,YES
33,977,0.9998597466056763,YES
34,275,2.8042812665397566E-4,NO
35,31,0.0013990020770167355,NO
36,50,3.5048601524913215E-4,NO
37,27,2.8042812665397566E-4,NO
38,183,0.0013990020770167355,NO
39,50,0.0013990020770167355,NO
40,62,3.5048601524913215E-4,NO
41,87,0.0013990020770167355,NO
42,52,3.5048601524913215E-4,NO
43,419,0.0013990020770167355,NO
44,224,0.0013990020770167355,NO
45,118,7.004810129003261E-4,YES
46,83,0.0013990020770167355,NO
47,147,2.3371195201327296E-4,NO
48,120,0.0013990020770167355,NO
49,58,0.0013990020770167355,NO
50,44,2.8042812665397566E-4,NO
51,106,7.004810129003261E-4,NO
52,238,7.004810129003261E-4,NO
53,43,2.8042812665397566E-4,NO
54,195,0.9998597466056763,YES
55,189,0.0013990020770167355,NO
56,151,7.004810129003261E-4,NO
57,364,0.9998597466056763,NO
58,910,0.9998597466056763,NO
59,911,0.0013990020770167355,NO
60,43,7.004810129003261E-4,NO
61,325,0.9998597466056763,NO
62,27,7.004810129003261E-4,NO
63,55,2.8042812665397566E-4,NO
64,93,0.0013990020770167355,NO
65,191,3.5048601524913215E-4,NO
66,90,3.5048601524913215E-4,NO
67,89,0.0013990020770167355,NO
68,273,0.9998597466056763,NO
69,153,0.0013990020770167355,NO
70,92,0.9998597466056763,YES
71,82,0.0013990020770167355,NO
72,148,0.0013990020770167355,NO
73,433,0.9998597466056763,YES
74,1231,0.9998597466056763,YES
75,528,0.9998597466056763,YES
76,205,0.9998597466056763,YES
77,190,0.0013990020770167355,NO
78,86,0.0013990020770167355,NO
79,213,0.0013990020770167355,NO
80,408,0.9998597466056763,NO
81,572,0.0013990020770167355,NO
82,132,0.0013990020770167355,NO
83,168,0.0013990020770167355,NO
84,107,0.9998597466056763,YES
85,85,2.3371195201327296E-4,NO
86,107,7.004810129003261E-4,NO
87,250,0.0013990020770167355,NO
88,237,7.004810129003261E-4,NO
89,622,0.9998597466056763,YES
90,47,7.004810129003261E-4,NO
91,1487,0.9998597466056763,YES
92,27,2.8042812665397566E-4,NO
93,89,3.5048601524913215E-4,NO
94,481,0.9998597466056763,YES
95,227,0.9998597466056763,YES
96,166,7.004810129003261E-4,NO
97,92,3.5048601524913215E-4,YES
98,476,0.0013990020770167355,NO
99,93,0.0013990020770167355,YES
100,244,3.5048601524913215E-4,NO
101,204,0.0013990020770167355,NO
102,252,4.672055209979382E-4,NO
103,119,4.672055209979382E-4,NO
104,733,4.672055209979382E-4,NO
105,630,0.0013990020770167355,NO
106,69,3.5048601524913215E-4,NO
107,77,3.5048601524913215E-4,NO
108,97,7.004810129003261E-4,NO
109,380,0.0013990020770167355,NO
110,214,3.5048601524913215E-4,NO
111,38,3.5048601524913215E-4,NO
112,79,3.5048601524913215E-4,NO
113,25,3.5048601524913215E-4,NO
114,84,3.5048601524913215E-4,NO
115,34,3.5048601524913215E-4,NO
116,33,3.5048601524913215E-4,NO
117,104,3.5048601524913215E-4,NO
118,193,4.672055209979382E-4,NO
119,70,3.5048601524913215E-4,NO
120,140,3.5048601524913215E-4,NO
121,22,3.5048601524913215E-4,NO
122,156,4.672055209979382E-4,NO
123,142,0.0013990020770167355,NO
124,100,7.004810129003261E-4,YES
125,153,0.0013990020770167355,NO
126,31,7.004810129003261E-4,NO
127,340,0.0013990020770167355,NO
128,61,0.0013990020770167355,NO
129,61,0.0013990020770167355,NO
130,877,0.0013990020770167355,NO
131,62,0.0013990020770167355,NO
132,186,0.0013990020770167355,NO
133,264,0.0013990020770167355,NO
134,42,0.0013990020770167355,NO
135,248,3.5048601524913215E-4,NO
136,358,0.9998597466056763,NO
137,199,0.0013990020770167355,NO
138,330,0.0013990020770167355,NO
139,346,4.672055209979382E-4,NO
140,89,0.0013990020770167355,NO
141,193,0.9998597466056763,NO
142,406,0.0013990020770167355,NO
143,82,0.9998597466056763,NO
144,53,4.672055209979382E-4,NO
145,148,7.004810129003261E-4,NO
146,4774,0.0013990020770167355,NO
147,4088,3.5048601524913215E-4,NO
148,93,0.0013990020770167355,NO
149,78,0.0013990020770167355,NO
150,74,0.0013990020770167355,NO
151,978,0.0013990020770167355,NO
152,37,4.672055209979382E-4,NO
153,59,0.0013990020770167355,NO
154,135,0.0013990020770167355,NO
155,165,0.0013990020770167355,NO
156,47,4.672055209979382E-4,NO
157,101,4.672055209979382E-4,NO
158,103,0.0013990020770167355,NO
159,154,0.9998597466056763,YES
160,556,0.0013990020770167355,NO
161,386,0.0013990020770167355,NO
162,296,0.9998597466056763,YES
163,135,3.5048601524913215E-4,NO
164,56,3.5048601524913215E-4,NO
165,78,3.5048601524913215E-4,NO
166,35,0.0013990020770167355,NO
167,467,0.9998597466056763,YES
168,174,0.0013990020770167355,NO
169,148,0.0013990020770167355,NO
170,88,4.672055209979382E-4,NO
171,52,0.9998597466056763,YES
172,39,0.0013990020770167355,NO
173,208,0.0013990020770167355,NO
174,77,0.0013990020770167355,NO
175,666,4.672055209979382E-4,NO
176,146,0.9998597466056763,YES
177,302,0.9998597466056763,YES
178,54,2.3371195201327296E-4,NO
179,87,0.0013990020770167355,NO
180,119,0.0013990020770167355,NO
181,200,0.9998597466056763,NO
182,152,3.5048601524913215E-4,NO
183,39,2.3371195201327296E-4,NO
184,677,7.004810129003261E-4,NO
185,131,3.5048601524913215E-4,NO
186,47,2.8042812665397566E-4,NO
187,100,3.5048601524913215E-4,NO
188,43,2.8042812665397566E-4,NO
189,73,0.0013990020770167355,NO
190,257,7.004810129003261E-4,NO
191,62,3.5048601524913215E-4,NO
192,45,3.5048601524913215E-4,NO
193,41,0.0013990020770167355,NO
194,47,0.0013990020770167355,NO
195,55,0.0013990020770167355,NO
196,1046,0.0013990020770167355,NO
197,133,0.0013990020770167355,NO
198,147,0.0013990020770167355,NO
199,147,0.9998597466056763,YES
200,77,0.9998597466056763,YES
201,99,0.0013990020770167355,NO
202,53,0.0013990020770167355,NO
203,95,0.0013990020770167355,NO
204,77,0.9998597466056763,YES
205,69,0.0013990020770167355,NO
206,69,0.0013990020770167355,NO
207,77,0.0013990020770167355,NO
208,80,0.0013990020770167355,NO
209,72,0.0013990020770167355,NO
210,63,0.0013990020770167355,NO
211,50,0.0013990020770167355,NO
212,28,0.0013990020770167355,NO
213,108,0.0013990020770167355,NO
214,40,0.0013990020770167355,NO
215,76,0.0013990020770167355,NO
216,64,0.0013990020770167355,NO
217,63,0.0013990020770167355,NO
218,55,0.0013990020770167355,NO
219,45,0.0013990020770167355,NO
220,476,4.672055209979382E-4,NO
221,77,4.672055209979382E-4,NO
222,69,4.672055209979382E-4,NO
223,104,4.672055209979382E-4,NO
224,115,4.672055209979382E-4,NO
225,421,4.672055209979382E-4,NO
226,61,4.672055209979382E-4,NO
227,2009,4.672055209979382E-4,NO
228,179,4.672055209979382E-4,NO
229,106,4.672055209979382E-4,NO
230,33,4.672055209979382E-4,NO
231,657,4.672055209979382E-4,NO
232,295,4.672055209979382E-4,NO
233,872,4.672055209979382E-4,NO
234,444,4.672055209979382E-4,NO
235,168,4.672055209979382E-4,NO
236,752,4.672055209979382E-4,NO
237,135,4.672055209979382E-4,NO
238,1126,4.672055209979382E-4,NO
239,163,4.672055209979382E-4,NO
240,184,4.672055209979382E-4,NO
241,51,4.672055209979382E-4,NO
242,25,4.672055209979382E-4,NO
243,180,4.672055209979382E-4,NO
244,64,4.672055209979382E-4,NO
245,101,4.672055209979382E-4,NO
246,512,4.672055209979382E-4,NO
247,187,4.672055209979382E-4,NO
248,56,4.672055209979382E-4,NO
249,39,4.672055209979382E-4,NO
250,261,4.672055209979382E-4,NO
251,73,4.672055209979382E-4,NO
252,65,4.672055209979382E-4,NO
253,329,4.672055209979382E-4,NO
254,64,4.672055209979382E-4,NO
255,164,4.672055209979382E-4,NO
256,624,4.672055209979382E-4,NO
257,74,4.672055209979382E-4,NO
258,117,4.672055209979382E-4,NO
259,84,4.672055209979382E-4,NO
260,226,4.672055209979382E-4,NO
261,76,4.672055209979382E-4,NO
262,323,4.672055209979382E-4,NO
263,72,2.3371195201327296E-4,NO
264,42,2.3371195201327296E-4,NO
265,48,2.3371195201327296E-4,NO
266,89,3.5048601524913215E-4,NO
267,380,3.5048601524913215E-4,NO
268,141,4.672055209979382E-4,NO
269,148,4.672055209979382E-4,NO
270,191,3.5048601524913215E-4,NO
271,46,2.3371195201327296E-4,NO
272,165,2.8042812665397566E-4,NO
273,171,3.5048601524913215E-4,NO
274,56,3.5048601524913215E-4,NO
275,179,3.5048601524913215E-4,NO
276,74,2.3371195201327296E-4,NO
277,36,2.8042812665397566E-4,NO
278,37,2.3371195201327296E-4,NO
279,34,3.5048601524913215E-4,NO
280,34,3.5048601524913215E-4,NO
281,38,2.3371195201327296E-4,NO
282,39,2.3371195201327296E-4,NO
283,156,3.5048601524913215E-4,NO
284,84,3.5048601524913215E-4,NO
285,117,3.5048601524913215E-4,NO
286,94,3.5048601524913215E-4,NO
287,71,3.5048601524913215E-4,NO
288,183,3.5048601524913215E-4,NO
289,85,3.5048601524913215E-4,NO
290,183,3.5048601524913215E-4,NO
291,70,3.5048601524913215E-4,NO
292,54,3.5048601524913215E-4,NO
293,160,3.5048601524913215E-4,NO
294,128,7.004810129003261E-4,NO
295,151,3.5048601524913215E-4,NO
296,422,4.672055209979382E-4,NO
297,221,4.672055209979382E-4,NO
298,50,3.5048601524913215E-4,NO
299,42,3.5048601524913215E-4,NO
300,624,3.5048601524913215E-4,NO
301,377,3.5048601524913215E-4,NO
302,382,7.004810129003261E-4,NO
303,72,3.5048601524913215E-4,NO
304,92,3.5048601524913215E-4,NO
305,282,4.672055209979382E-4,NO
306,371,3.5048601524913215E-4,NO
307,47,3.5048601524913215E-4,NO
308,108,3.5048601524913215E-4,NO
309,111,3.5048601524913215E-4,NO
310,319,3.5048601524913215E-4,NO
311,129,3.5048601524913215E-4,NO
312,49,3.5048601524913215E-4,NO
313,358,3.5048601524913215E-4,NO
314,277,3.5048601524913215E-4,NO
315,49,3.5048601524913215E-4,NO
316,89,3.5048601524913215E-4,NO
317,41,2.3371195201327296E-4,NO
318,66,2.3371195201327296E-4,NO
319,63,2.8042812665397566E-4,NO
320,24,3.5048601524913215E-4,NO
321,50,3.5048601524913215E-4,NO
322,72,3.5048601524913215E-4,NO
323,47,3.5048601524913215E-4,NO
324,47,2.3371195201327296E-4,NO
325,183,2.3371195201327296E-4,NO
326,49,2.3371195201327296E-4,NO
327,50,2.3371195201327296E-4,NO
328,98,2.3371195201327296E-4,NO
329,143,2.8042812665397566E-4,NO
330,43,2.3371195201327296E-4,NO
331,42,2.3371195201327296E-4,NO
332,56,2.8042812665397566E-4,NO
333,44,3.5048601524913215E-4,NO
334,26,3.5048601524913215E-4,NO
335,254,3.5048601524913215E-4,NO
336,16883,3.5048601524913215E-4,NO
337,74,3.5048601524913215E-4,NO
338,153,2.3371195201327296E-4,NO
339,68,3.5048601524913215E-4,NO
340,100,3.5048601524913215E-4,NO
341,550,4.672055209979382E-4,NO
342,437,3.5048601524913215E-4,NO
343,1038,4.672055209979382E-4,NO
344,104,4.672055209979382E-4,NO
345,332,4.672055209979382E-4,NO
346,123,2.8042812665397566E-4,NO
347,106,3.5048601524913215E-4,NO
348,105,0.0013990020770167355,NO
349,94,4.672055209979382E-4,NO
350,101,4.672055209979382E-4,NO
351,38,3.5048601524913215E-4,NO
352,666,4.672055209979382E-4,NO
353,32,2.8042812665397566E-4,NO
354,111,2.3371195201327296E-4,NO
355,35,2.3371195201327296E-4,NO
356,90,3.5048601524913215E-4,NO
357,27,2.3371195201327296E-4,NO
358,28,2.3371195201327296E-4,NO
359,92,3.5048601524913215E-4,NO
360,979,7.004810129003261E-4,NO
361,67,2.8042812665397566E-4,NO
362,29,2.3371195201327296E-4,NO
363,105,3.5048601524913215E-4,NO
364,72,2.8042812665397566E-4,NO
365,37,2.3371195201327296E-4,NO
366,47,3.5048601524913215E-4,NO
367,31,2.8042812665397566E-4,NO
368,90,3.5048601524913215E-4,NO
369,223,3.5048601524913215E-4,NO
370,214,3.5048601524913215E-4,NO
371,107,3.5048601524913215E-4,NO
372,37,2.8042812665397566E-4,NO
373,27,2.8042812665397566E-4,NO
374,48,2.8042812665397566E-4,NO
375,167,4.672055209979382E-4,NO
376,213,3.5048601524913215E-4,NO
377,867,4.672055209979382E-4,NO
378,159,3.5048601524913215E-4,NO
379,100,3.5048601524913215E-4,NO
380,96,3.5048601524913215E-4,NO
381,842,4.672055209979382E-4,NO
382,535,7.004810129003261E-4,NO
383,83,3.5048601524913215E-4,NO
384,63,2.8042812665397566E-4,NO
385,76,2.3371195201327296E-4,NO
386,202,3.5048601524913215E-4,NO
387,155,4.672055209979382E-4,NO
388,1263,4.672055209979382E-4,NO
389,74,2.3371195201327296E-4,NO
390,101,3.5048601524913215E-4,NO
391,27,3.5048601524913215E-4,NO
392,22,2.3371195201327296E-4,NO
393,491,4.672055209979382E-4,NO
394,62,2.3371195201327296E-4,NO
395,59,3.5048601524913215E-4,NO
396,99,3.5048601524913215E-4,NO
397,27,2.3371195201327296E-4,NO
398,77,2.3371195201327296E-4,NO
399,863,7.004810129003261E-4,NO
400,64,3.5048601524913215E-4,NO
401,45,2.8042812665397566E-4,NO
402,63,2.3371195201327296E-4,NO
403,54,3.5048601524913215E-4,NO
404,64,2.3371195201327296E-4,NO
405,132,3.5048601524913215E-4,NO
406,182,7.004810129003261E-4,NO
407,70,3.5048601524913215E-4,NO
408,36,2.8042812665397566E-4,NO
409,58,2.3371195201327296E-4,NO
410,62,2.3371195201327296E-4,NO
411,132,2.8042812665397566E-4,NO
412,74,2.8042812665397566E-4,NO
413,86,4.672055209979382E-4,NO
414,74,2.3371195201327296E-4,NO
415,48,2.3371195201327296E-4,NO
416,74,3.5048601524913215E-4,NO
417,86,2.8042812665397566E-4,NO
418,355,3.5048601524913215E-4,NO
419,53,2.3371195201327296E-4,NO
420,804,4.672055209979382E-4,NO
421,75,3.5048601524913215E-4,NO
422,125,3.5048601524913215E-4,NO
423,200,3.5048601524913215E-4,NO
424,134,3.5048601524913215E-4,NO
425,57,2.3371195201327296E-4,NO
426,123,3.5048601524913215E-4,NO
427,314,0.9999298634659513,NO
428,162,3.5048601524913215E-4,NO
429,137,3.5048601524913215E-4,NO
430,124,0.9523205168685589,NO
431,359,0.9999298634659513,NO
432,151,0.9999298634659513,NO
433,107,0.9999298634659513,NO
434,28,2.3371195201327296E-4,NO
435,58,4.672055209979382E-4,NO
436,470,0.9999298634659513,NO
437,347,0.9999298634659513,NO
438,103,2.3371195201327296E-4,NO
439,35,2.8042812665397566E-4,NO
440,98,2.3371195201327296E-4,NO
441,117,4.672055209979382E-4,NO
