ID, Size, Predicted, Actual
0,215,0.999979094331619,NO
1,271,0.9999789486532583,YES
2,458,0.9999890067851559,YES
3,137,0.9999520472805544,YES
4,357,0.9999865865948203,YES
5,1242,1.0,YES
6,51,0.9992020130357188,NO
7,154,0.9996823139957304,YES
8,31,0.9985486599498775,NO
9,928,0.9999999985507908,YES
10,180,0.9982528417607966,NO
11,260,0.9999999208497161,YES
12,551,1.0,YES
13,40,0.9923359024456843,NO
14,361,0.9994997513314618,YES
15,388,0.9998189587840136,YES
16,51,0.9973219641870796,NO
17,577,0.9999993217441209,NO
18,32,0.989877887900898,NO
19,66,0.9946134748183746,NO
20,188,0.9999998924798582,YES
21,582,1.0,YES
22,158,0.9954079262683841,YES
23,50,0.9944291421380612,NO
24,27,0.9912021222392302,NO
25,928,1.0,YES
26,60,0.9793666541234852,NO
27,62,0.9933953457070974,NO
28,87,0.9934582919297841,NO
29,52,0.993168603419618,NO
30,268,1.0,YES
31,163,0.9897425105447993,NO
32,109,0.9925208819269695,NO
33,147,0.9757504943205363,NO
34,58,0.9917967666050137,NO
35,44,0.9738161239959411,NO
36,106,0.9919136152311134,NO
37,139,0.935577558764282,NO
38,326,0.9996103064037043,NO
39,648,1.0,YES
40,778,1.0,YES
41,314,0.9987358665851872,YES
42,55,0.8760479219250696,NO
43,191,0.9587838210372834,NO
44,90,0.9928552907122814,NO
45,273,0.9992450418917863,NO
46,137,0.9999997499824426,YES
47,79,0.9999983367148615,YES
48,82,0.9447435825709376,NO
49,147,0.9999999802986501,YES
50,422,0.9999994132219332,YES
51,978,1.0,YES
52,467,1.0,YES
53,189,0.9999975840889189,YES
54,153,0.9999960547224132,YES
55,84,0.7401773457042511,YES
56,182,1.0,YES
57,358,1.0,YES
58,126,1.0,YES
59,106,0.9999822028437755,YES
60,109,0.9771164431384501,NO
61,85,0.8570841463342297,NO
62,236,0.9999992453789102,YES
63,314,0.9974449202047376,YES
64,694,0.9999999866244743,YES
65,27,0.37268260982936446,NO
66,89,0.999583423630507,YES
67,301,0.9999999990201706,YES
68,153,0.9999513495151897,NO
69,92,0.9982553664121145,NO
70,466,0.9999623311744537,YES
71,93,0.9981402024467089,NO
72,244,0.9999500864344016,NO
73,192,0.978867940195323,NO
74,250,0.9982496032195985,YES
75,109,0.9620882934391274,NO
76,601,0.9838452642049615,NO
77,565,1.0,YES
78,69,0.9999247493740988,YES
79,77,0.49619028487293726,NO
80,94,0.501397279941318,NO
81,337,0.5463210529772919,NO
82,214,0.5180321857556358,NO
83,79,0.4846531115911833,NO
84,25,0.47987541265324907,NO
85,84,0.4898567536238192,NO
86,34,0.47987541265324907,NO
87,33,0.47987541265324907,NO
88,104,0.48787604810673685,NO
89,172,0.4983066666205303,NO
90,70,0.48142404289027607,NO
91,140,0.489130443245068,NO
92,154,0.4951825877375912,YES
93,248,0.4533231776993774,NO
94,275,1.0,YES
95,176,0.3740947803004447,NO
96,624,1.0,YES
97,91,0.9981626393173619,YES
98,58,0.1200519312359039,YES
99,132,0.3124236991760672,NO
100,4088,1.0,YES
101,558,0.9983235881720628,YES
102,727,1.0,YES
103,150,0.005333056328651092,YES
104,503,0.6273200349281227,YES
105,325,0.9834807423904891,YES
106,273,0.9999846564220433,YES
107,136,0.9975891375941678,YES
108,56,0.0032419612901897167,NO
109,74,0.24343783052937193,NO
110,357,0.9999791209618365,YES
111,174,0.013520528711130974,NO
112,148,0.013447403830269227,NO
113,92,6.810894439151419E-4,NO
114,45,0.027244272418224167,NO
115,168,0.9905828777747422,YES
116,77,5.006081798972042E-4,NO
117,664,0.007345279343561771,YES
118,88,0.0015779201790739356,NO
119,260,0.3320119307876561,YES
120,54,0.008535878077651264,NO
121,48,0.0013828338629794663,NO
122,140,1.0,YES
123,152,0.02494161700781556,NO
124,39,0.008023410072816232,NO
125,131,0.0013638374237221439,NO
126,47,4.005784871166253E-4,NO
127,129,0.9880807293371862,YES
128,43,3.893230811031477E-4,NO
129,243,0.5804594681129296,NO
130,62,0.9592543563919116,YES
131,45,0.0010384779464722635,NO
132,94,0.001017610610032199,YES
133,72,1.7559416829797283E-4,NO
134,42,1.722666867376095E-4,NO
135,48,0.0039712058237483215,NO
136,89,0.9311971834277255,YES
137,380,0.992270898403448,YES
138,138,5.802935173867144E-4,YES
139,142,0.011089479310812651,YES
140,191,6.012879348952616E-4,NO
141,46,0.0015136464808460518,NO
142,165,1.8245267416510205E-4,NO
143,171,0.011210188859609168,NO
144,56,5.414976611179549E-4,NO
145,179,1.0,YES
146,74,0.0015289183291203982,NO
147,36,1.6548300509845563E-4,NO
148,37,1.6548300509845563E-4,NO
149,34,0.3911001101028655,YES
150,34,0.3911001101028655,YES
151,38,0.0014999840442265788,NO
152,39,0.0014999840442265788,NO
153,156,5.668745200753205E-4,NO
154,84,5.410044285843037E-4,NO
155,117,0.9897166215481847,YES
156,94,0.01052413877275302,NO
157,71,0.02849317248512419,NO
158,183,1.0,YES
159,85,0.028300004618523222,NO
160,183,0.9305348965447613,YES
161,70,0.009889178455110057,NO
162,54,5.056727744024574E-4,NO
163,160,5.331489561327629E-4,NO
164,125,1.0,YES
165,151,1.0,YES
166,421,1.0,YES
167,219,0.9987246934718733,YES
168,50,4.576667020495159E-4,NO
169,42,0.9685289221455161,YES
170,624,0.015816774891589506,NO
171,377,1.0,YES
172,383,0.9347511518134624,YES
173,72,4.389210408969891E-4,NO
174,92,4.4815474581912025E-4,NO
175,284,0.010348799324302582,YES
176,371,5.58961629060496E-4,NO
177,47,4.278037874365271E-4,NO
178,108,0.914951987772077,YES
179,111,4.3897276954084824E-4,NO
180,319,0.9715037280314129,YES
181,129,0.9651824806168292,YES
182,49,4.0336131667256255E-4,NO
183,358,1.0,YES
184,277,1.0,YES
185,49,0.00777370158140784,NO
186,89,4.0421617161585645E-4,NO
187,41,1.2181370616405312E-4,NO
188,66,0.0011571760913607926,NO
189,63,1.2416676535160893E-4,NO
190,24,3.8728503672531443E-4,NO
191,50,3.947641457295037E-4,NO
192,72,0.007922693942626737,NO
193,47,3.8728503672531443E-4,NO
194,47,0.0011313223187685347,NO
195,183,0.0056308065032322566,NO
196,49,1.1937324480807851E-4,NO
197,50,1.2167916766457166E-4,NO
198,98,0.0011687129263853236,NO
199,143,1.2706925690264594E-4,NO
200,43,1.1937324480807851E-4,NO
201,42,1.1937324480807851E-4,NO
202,56,1.2167916766457166E-4,NO
203,44,3.7953425595924664E-4,NO
204,26,3.7953425595924664E-4,NO
205,254,1.0,YES
206,16883,1.0,YES
207,74,2.8638315439209586E-5,NO
208,153,9.673732439774599E-5,NO
209,68,0.005095142253941054,NO
210,100,2.9008327388024958E-5,NO
211,549,0.6169246375892503,YES
212,437,3.835833165164281E-5,NO
213,1033,0.9916513788861634,YES
214,101,2.776900241337328E-5,YES
215,331,7.288805036151168E-4,YES
216,123,8.859444399124976E-6,NO
217,106,2.7538311797514765E-5,NO
218,106,2.7393731015639972E-5,NO
219,93,2.7247801706459583E-5,YES
220,101,2.50096290225734E-4,YES
221,38,0.03078369904754192,YES
222,584,1.0,YES
223,32,8.099837835150457E-6,NO
224,111,8.385552352500639E-6,NO
225,35,8.206997734890106E-5,NO
226,90,0.03151694490573151,YES
227,27,8.057048412355853E-6,NO
228,28,8.057048412355853E-6,NO
229,92,0.9968407497863868,YES
230,885,1.0,YES
231,67,7.99073384011514E-6,NO
232,29,7.939312289487883E-5,NO
233,105,2.58244650554553E-5,NO
234,72,7.930656365050165E-6,NO
235,37,7.919700558631382E-5,NO
236,47,2.4812808814025946E-5,NO
237,31,7.780346964296329E-6,NO
238,90,5.679071787680348E-4,NO
239,223,0.9999996991009326,YES
240,214,0.00513995552832837,NO
241,107,0.001581773127456185,NO
242,37,7.639617649558947E-6,NO
243,27,7.639617649558947E-6,NO
244,48,7.639617649558947E-6,NO
245,166,5.831843515179016E-4,YES
246,213,0.01546226201936827,NO
247,866,6.434584191197402E-5,YES
248,159,0.0016825902004214703,NO
249,100,0.3992048768322856,YES
250,96,0.39862194703093873,YES
251,841,0.9999702609814578,YES
252,525,1.0,YES
253,83,2.416575539989223E-5,NO
254,63,7.42126046729154E-6,NO
255,76,7.515048270972985E-5,NO
256,202,2.5922664396247335E-5,NO
257,155,0.0015659680531589174,YES
258,1262,1.0,YES
259,74,7.260564064158333E-5,NO
260,101,0.0014518155352132881,NO
261,27,2.2279974366458507E-5,NO
262,22,6.969434858714756E-6,NO
263,489,0.006213964977435588,YES
264,62,7.0189258206609E-6,NO
265,59,2.2384548603270065E-5,NO
266,99,2.2855658991739494E-5,NO
267,27,7.002929960660811E-5,NO
268,77,7.10389048323358E-5,NO
269,846,1.0,YES
270,64,1.0,YES
271,45,6.74809959377338E-6,NO
272,63,6.985552458295425E-5,NO
273,54,2.183039267658051E-5,NO
274,64,6.970204991631636E-5,NO
275,132,2.2695877378458886E-5,NO
276,177,5.126786549493893E-4,NO
277,70,2.1627911226431463E-5,NO
278,36,6.653137319699081E-6,NO
279,58,6.92131988268516E-5,NO
280,62,6.781670177844712E-6,NO
281,132,7.082117614227E-6,NO
282,74,6.781670177844712E-6,NO
283,83,2.0873596621858955E-4,YES
284,74,6.719380762128386E-6,NO
285,48,6.727525266032945E-5,NO
286,74,0.025413776563458418,YES
287,86,6.860800666153616E-6,NO
288,355,5.997906840775101E-4,NO
289,53,6.648169798882684E-6,NO
290,798,1.0,YES
291,75,4.6023611429500666E-4,NO
292,125,1.0,YES
293,200,0.9990575478836924,YES
294,134,0.012891609716222998,NO
295,57,6.600274244375544E-5,NO
296,123,4.7269569328506523E-4,NO
297,204,2.24116925277068E-5,NO
298,162,2.1742812622575963E-5,NO
299,130,4.6967146566096715E-4,NO
300,108,2.075003322002245E-5,NO
301,353,0.41076159286227454,YES
302,80,6.286724016814896E-6,NO
303,28,6.167571805423372E-6,NO
304,57,6.286724016814896E-6,NO
305,306,0.0015011114531766408,YES
306,340,2.436419018816781E-5,YES
307,103,6.40644166943421E-5,NO
308,35,6.05075895272531E-6,NO
309,98,6.40644166943421E-5,NO
310,117,2.0541150023583724E-5,YES
