ID, Size, Predicted, Actual
0,215,0.0010988997718877286,NO
1,274,5.500543405332022E-4,YES
2,461,0.9998898922274803,NO
3,138,3.668374140300396E-4,NO
4,358,2.751785334133267E-4,NO
5,93,0.0010988997718877286,NO
6,1379,0.9998898922274803,YES
7,51,1.5728197391296986E-4,NO
8,45,3.668374140300396E-4,NO
9,157,2.751785334133267E-4,NO
10,31,1.5728197391296986E-4,NO
11,1743,0.9998898922274803,YES
12,55,3.668374140300396E-4,NO
13,204,3.668374140300396E-4,NO
14,55,3.668374140300396E-4,NO
15,103,3.668374140300396E-4,NO
16,34,5.500543405332022E-4,NO
17,83,5.500543405332022E-4,NO
18,488,0.0010988997718877286,NO
19,83,3.668374140300396E-4,NO
20,129,5.500543405332022E-4,NO
21,885,0.9998898922274803,NO
22,440,0.0010988997718877286,NO
23,40,1.8348601655084198E-4,NO
24,391,0.0010988997718877286,NO
25,378,5.500543405332022E-4,NO
26,51,1.8348601655084198E-4,NO
27,709,0.9998898922274803,YES
28,32,1.5728197391296986E-4,NO
29,68,3.668374140300396E-4,YES
30,564,0.0010988997718877286,YES
31,588,0.0010988997718877286,NO
32,381,0.0010988997718877286,YES
33,977,0.0010988997718877286,NO
34,275,5.500543405332022E-4,NO
35,31,3.668374140300396E-4,NO
36,50,2.201670608302234E-4,NO
37,27,1.5728197391296986E-4,NO
38,183,0.0010988997718877286,NO
39,50,3.668374140300396E-4,NO
40,62,2.201670608302234E-4,NO
41,87,3.668374140300396E-4,NO
42,52,2.201670608302234E-4,NO
43,419,0.0010988997718877286,YES
44,224,3.668374140300396E-4,NO
45,118,2.751785334133267E-4,YES
46,83,5.500543405332022E-4,NO
47,147,1.3762713874085992E-4,NO
48,120,0.0010988997718877286,NO
49,58,3.668374140300396E-4,NO
50,44,1.5728197391296986E-4,NO
51,106,3.668374140300396E-4,YES
52,238,5.500543405332022E-4,NO
53,43,5.500543405332022E-4,NO
54,195,0.9998898922274803,YES
55,189,3.668374140300396E-4,NO
56,151,2.751785334133267E-4,NO
57,395,0.9998898922274803,YES
58,1013,0.9998898922274803,YES
59,913,0.9998898922274803,YES
60,43,5.500543405332022E-4,NO
61,335,1.8348601655084198E-4,YES
62,27,2.751785334133267E-4,NO
63,55,1.5728197391296986E-4,NO
64,93,5.500543405332022E-4,NO
65,191,1.8348601655084198E-4,NO
66,90,1.8348601655084198E-4,NO
67,89,5.500543405332022E-4,NO
68,273,0.0010988997718877286,NO
69,191,2.201670608302234E-4,NO
70,97,0.9999449400512117,NO
71,82,3.668374140300396E-4,NO
72,148,5.500543405332022E-4,NO
73,437,0.9998898922274803,NO
74,1376,0.9998898922274803,YES
75,214,0.0010988997718877286,YES
76,528,0.9998898922274803,NO
77,209,5.500543405332022E-4,NO
78,190,5.500543405332022E-4,NO
79,86,3.668374140300396E-4,NO
80,269,0.9998898922274803,YES
81,408,0.0010988997718877286,YES
82,572,5.500543405332022E-4,NO
83,132,0.0010988997718877286,NO
84,173,5.500543405332022E-4,NO
85,107,5.500543405332022E-4,NO
86,85,1.3762713874085992E-4,NO
87,107,5.500543405332022E-4,NO
88,250,0.0010988997718877286,NO
89,237,2.751785334133267E-4,NO
90,692,0.9998898922274803,YES
91,47,2.751785334133267E-4,NO
92,1487,0.9998898922274803,YES
93,27,1.5728197391296986E-4,NO
94,89,2.201670608302234E-4,NO
95,509,0.9998898922274803,YES
96,227,0.9998898922274803,NO
97,129,5.500543405332022E-4,YES
98,101,0.9998898922274803,YES
99,385,5.500543405332022E-4,NO
100,102,0.9998898922274803,YES
101,41,5.500543405332022E-4,NO
102,244,1.8348601655084198E-4,NO
103,215,5.500543405332022E-4,NO
104,260,2.751785334133267E-4,NO
105,119,0.0010988997718877286,NO
106,701,5.500543405332022E-4,NO
107,120,5.500543405332022E-4,YES
108,630,0.0010988997718877286,YES
109,69,2.201670608302234E-4,NO
110,77,1.8348601655084198E-4,NO
111,97,3.668374140300396E-4,NO
112,380,5.500543405332022E-4,NO
113,214,1.8348601655084198E-4,NO
114,38,5.500543405332022E-4,NO
115,79,1.8348601655084198E-4,NO
116,25,1.8348601655084198E-4,NO
117,84,1.8348601655084198E-4,NO
118,34,1.8348601655084198E-4,NO
119,33,1.8348601655084198E-4,NO
120,104,1.8348601655084198E-4,NO
121,193,5.500543405332022E-4,NO
122,70,1.8348601655084198E-4,NO
123,140,1.8348601655084198E-4,NO
124,22,5.500543405332022E-4,NO
125,156,2.751785334133267E-4,NO
126,142,0.0010988997718877286,NO
127,100,5.500543405332022E-4,YES
128,153,0.0010988997718877286,NO
129,31,2.751785334133267E-4,NO
130,340,0.0010988997718877286,NO
131,61,0.0010988997718877286,NO
132,61,0.0010988997718877286,NO
133,877,0.0010988997718877286,NO
134,62,0.0010988997718877286,NO
135,186,0.0010988997718877286,NO
136,264,0.0010988997718877286,NO
137,42,0.0010988997718877286,NO
138,248,2.201670608302234E-4,NO
139,343,0.0010988997718877286,YES
140,199,5.500543405332022E-4,YES
141,330,0.0010988997718877286,YES
142,346,2.201670608302234E-4,YES
143,89,0.0010988997718877286,NO
144,193,0.0010988997718877286,YES
145,406,0.0010988997718877286,YES
146,82,5.500543405332022E-4,NO
147,53,2.751785334133267E-4,NO
148,148,5.500543405332022E-4,NO
149,4774,0.0010988997718877286,YES
150,4088,2.201670608302234E-4,NO
151,93,0.0010988997718877286,NO
152,78,0.0010988997718877286,NO
153,78,0.0010988997718877286,NO
154,995,0.0010988997718877286,YES
155,37,5.500543405332022E-4,NO
156,59,0.0010988997718877286,NO
157,140,0.9999449400512117,NO
158,165,0.0010988997718877286,NO
159,47,2.201670608302234E-4,NO
160,101,2.751785334133267E-4,NO
161,109,2.751785334133267E-4,NO
162,154,0.7691851601432796,NO
163,559,0.9999449400512117,YES
164,386,0.0010988997718877286,NO
165,306,0.0010988997718877286,YES
166,135,5.500543405332022E-4,NO
167,56,1.8348601655084198E-4,NO
168,78,0.0010988997718877286,NO
169,35,0.0010988997718877286,NO
170,467,0.0010988997718877286,YES
171,174,3.668374140300396E-4,NO
172,148,3.668374140300396E-4,NO
173,88,5.500543405332022E-4,NO
174,52,3.668374140300396E-4,NO
175,39,3.668374140300396E-4,NO
176,208,0.0010988997718877286,YES
177,77,3.668374140300396E-4,NO
178,666,2.751785334133267E-4,NO
179,146,0.9998898922274803,NO
180,272,0.9523335081853626,YES
181,54,1.3762713874085992E-4,NO
182,100,0.0010988997718877286,NO
183,119,5.500543405332022E-4,NO
184,363,0.9523335081853626,NO
185,152,1.8348601655084198E-4,NO
186,39,1.3762713874085992E-4,NO
187,677,2.751785334133267E-4,NO
188,131,1.8348601655084198E-4,NO
189,47,1.5728197391296986E-4,NO
190,100,5.500543405332022E-4,NO
191,43,1.5728197391296986E-4,NO
192,73,3.668374140300396E-4,NO
193,234,3.668374140300396E-4,NO
194,62,2.201670608302234E-4,NO
195,45,1.8348601655084198E-4,NO
196,41,0.0010988997718877286,NO
197,47,0.0010988997718877286,NO
198,55,0.0010988997718877286,NO
199,1279,2.201670608302234E-4,NO
200,183,0.0010988997718877286,NO
201,163,0.0010988997718877286,NO
202,147,0.9998898922274803,NO
203,77,0.9090090091081081,NO
204,99,3.668374140300396E-4,NO
205,53,3.668374140300396E-4,NO
206,95,0.0010988997718877286,NO
207,77,0.9090090091081081,NO
208,69,3.668374140300396E-4,NO
209,69,3.668374140300396E-4,NO
210,77,3.668374140300396E-4,NO
211,80,0.0010988997718877286,NO
212,72,3.668374140300396E-4,NO
213,63,3.668374140300396E-4,NO
214,50,3.668374140300396E-4,NO
215,28,3.668374140300396E-4,NO
216,108,0.0010988997718877286,NO
217,40,3.668374140300396E-4,NO
218,76,3.668374140300396E-4,NO
219,64,0.0010988997718877286,NO
220,63,3.668374140300396E-4,NO
221,55,3.668374140300396E-4,NO
222,45,3.668374140300396E-4,NO
223,476,2.201670608302234E-4,NO
224,77,2.201670608302234E-4,NO
225,69,2.201670608302234E-4,NO
226,104,2.201670608302234E-4,NO
227,115,2.201670608302234E-4,NO
228,421,2.201670608302234E-4,NO
229,61,2.201670608302234E-4,NO
230,2009,2.751785334133267E-4,NO
231,179,2.201670608302234E-4,NO
232,106,2.201670608302234E-4,NO
233,33,2.201670608302234E-4,NO
234,657,2.201670608302234E-4,NO
235,295,2.201670608302234E-4,NO
236,872,2.201670608302234E-4,NO
237,444,2.201670608302234E-4,NO
238,168,2.201670608302234E-4,NO
239,752,2.201670608302234E-4,NO
240,135,2.201670608302234E-4,NO
241,1126,2.201670608302234E-4,NO
242,163,2.201670608302234E-4,NO
243,184,2.201670608302234E-4,NO
244,51,2.201670608302234E-4,NO
245,25,2.201670608302234E-4,NO
246,180,2.201670608302234E-4,NO
247,64,1.1010777251976193E-4,NO
248,101,2.201670608302234E-4,NO
249,512,2.201670608302234E-4,NO
250,187,2.201670608302234E-4,NO
251,56,2.201670608302234E-4,NO
252,39,2.201670608302234E-4,NO
253,261,2.201670608302234E-4,NO
254,73,2.201670608302234E-4,NO
255,65,2.201670608302234E-4,NO
256,329,2.201670608302234E-4,NO
257,64,1.1010777251976193E-4,NO
258,164,2.201670608302234E-4,NO
259,624,2.751785334133267E-4,NO
260,74,2.201670608302234E-4,NO
261,117,2.201670608302234E-4,NO
262,84,2.201670608302234E-4,NO
263,226,2.751785334133267E-4,NO
264,76,2.201670608302234E-4,NO
265,323,2.201670608302234E-4,NO
266,72,1.3762713874085992E-4,NO
267,42,1.3762713874085992E-4,NO
268,48,1.3762713874085992E-4,NO
269,89,2.201670608302234E-4,NO
270,380,2.201670608302234E-4,NO
271,144,2.751785334133267E-4,NO
272,148,2.751785334133267E-4,NO
273,191,2.201670608302234E-4,NO
274,46,1.3762713874085992E-4,NO
275,165,1.5728197391296986E-4,NO
276,171,1.5728197391296986E-4,NO
277,56,1.8348601655084198E-4,NO
278,179,2.201670608302234E-4,NO
279,74,1.3762713874085992E-4,NO
280,36,1.8348601655084198E-4,NO
281,37,1.3762713874085992E-4,NO
282,34,1.1010777251976193E-4,NO
283,34,1.1010777251976193E-4,NO
284,38,1.3762713874085992E-4,NO
285,39,1.3762713874085992E-4,NO
286,156,1.8348601655084198E-4,NO
287,78,1.8348601655084198E-4,NO
288,117,0.9998898922274803,NO
289,94,1.8348601655084198E-4,NO
290,69,1.8348601655084198E-4,NO
291,180,1.8348601655084198E-4,NO
292,80,1.8348601655084198E-4,NO
293,183,1.8348601655084198E-4,NO
294,70,1.8348601655084198E-4,NO
295,54,1.8348601655084198E-4,NO
296,160,1.8348601655084198E-4,NO
297,128,2.751785334133267E-4,NO
298,151,2.751785334133267E-4,NO
299,422,2.751785334133267E-4,NO
300,221,2.751785334133267E-4,NO
301,50,1.8348601655084198E-4,NO
302,42,2.201670608302234E-4,NO
303,622,2.751785334133267E-4,NO
304,365,1.8348601655084198E-4,NO
305,382,3.668374140300396E-4,NO
306,72,1.8348601655084198E-4,NO
307,92,1.8348601655084198E-4,NO
308,280,2.751785334133267E-4,NO
309,371,1.8348601655084198E-4,NO
310,47,1.8348601655084198E-4,NO
311,108,1.8348601655084198E-4,NO
312,111,1.8348601655084198E-4,NO
313,314,2.751785334133267E-4,NO
314,129,1.8348601655084198E-4,NO
315,49,1.8348601655084198E-4,NO
316,358,1.8348601655084198E-4,NO
317,273,1.8348601655084198E-4,NO
318,47,1.8348601655084198E-4,NO
319,89,1.8348601655084198E-4,NO
320,41,1.3762713874085992E-4,NO
321,66,1.3762713874085992E-4,NO
322,63,1.5728197391296986E-4,NO
323,24,1.8348601655084198E-4,NO
324,50,1.8348601655084198E-4,NO
325,72,1.8348601655084198E-4,NO
326,47,1.8348601655084198E-4,NO
327,47,1.3762713874085992E-4,NO
328,183,1.3762713874085992E-4,NO
329,49,1.3762713874085992E-4,NO
330,50,1.3762713874085992E-4,NO
331,98,1.8348601655084198E-4,NO
332,143,1.8348601655084198E-4,NO
333,43,1.3762713874085992E-4,NO
334,42,1.3762713874085992E-4,NO
335,56,1.8348601655084198E-4,NO
336,44,1.8348601655084198E-4,NO
337,26,1.8348601655084198E-4,NO
338,254,2.201670608302234E-4,NO
339,16883,2.201670608302234E-4,NO
340,74,1.8348601655084198E-4,NO
341,153,1.3762713874085992E-4,NO
342,68,1.8348601655084198E-4,NO
343,100,1.8348601655084198E-4,NO
344,547,2.751785334133267E-4,NO
345,437,2.201670608302234E-4,NO
346,1038,2.751785334133267E-4,NO
347,104,2.751785334133267E-4,NO
348,332,2.751785334133267E-4,NO
349,123,1.5728197391296986E-4,NO
350,106,2.201670608302234E-4,NO
351,107,0.0010988997718877286,NO
352,94,2.751785334133267E-4,NO
353,101,2.751785334133267E-4,NO
354,38,2.201670608302234E-4,NO
355,666,0.0010988997718877286,NO
356,32,1.8348601655084198E-4,NO
357,111,1.3762713874085992E-4,NO
358,35,1.3762713874085992E-4,NO
359,90,2.201670608302234E-4,NO
360,27,1.3762713874085992E-4,NO
361,28,1.3762713874085992E-4,NO
362,92,2.201670608302234E-4,NO
363,978,3.668374140300396E-4,NO
364,67,1.5728197391296986E-4,NO
365,29,1.3762713874085992E-4,NO
366,105,1.8348601655084198E-4,NO
367,72,1.5728197391296986E-4,NO
368,37,1.3762713874085992E-4,NO
369,47,1.8348601655084198E-4,NO
370,31,1.5728197391296986E-4,NO
371,90,2.201670608302234E-4,NO
372,221,2.201670608302234E-4,NO
373,213,2.751785334133267E-4,NO
374,105,0.9998898922274803,NO
375,37,1.5728197391296986E-4,NO
376,27,1.5728197391296986E-4,NO
377,48,1.5728197391296986E-4,NO
378,167,2.751785334133267E-4,NO
379,213,2.201670608302234E-4,NO
380,867,2.751785334133267E-4,NO
381,158,2.751785334133267E-4,NO
382,93,0.9998898922274803,NO
383,96,2.201670608302234E-4,NO
384,840,0.9998898922274803,NO
385,535,2.751785334133267E-4,NO
386,83,2.201670608302234E-4,NO
387,63,1.5728197391296986E-4,NO
388,76,1.3762713874085992E-4,NO
389,202,2.201670608302234E-4,NO
390,155,2.751785334133267E-4,NO
391,1263,2.751785334133267E-4,NO
392,74,1.3762713874085992E-4,NO
393,101,1.8348601655084198E-4,NO
394,27,1.8348601655084198E-4,NO
395,22,1.3762713874085992E-4,NO
396,491,2.751785334133267E-4,NO
397,62,1.3762713874085992E-4,NO
398,59,1.8348601655084198E-4,NO
399,99,1.8348601655084198E-4,NO
400,27,1.3762713874085992E-4,NO
401,77,1.3762713874085992E-4,NO
402,865,3.668374140300396E-4,NO
403,64,2.201670608302234E-4,NO
404,45,1.5728197391296986E-4,NO
405,63,1.3762713874085992E-4,NO
406,54,1.8348601655084198E-4,NO
407,64,1.3762713874085992E-4,NO
408,132,1.8348601655084198E-4,NO
409,182,2.751785334133267E-4,NO
410,70,1.8348601655084198E-4,NO
411,36,1.8348601655084198E-4,NO
412,58,1.3762713874085992E-4,NO
413,62,1.3762713874085992E-4,NO
414,132,1.8348601655084198E-4,NO
415,74,1.8348601655084198E-4,NO
416,86,2.751785334133267E-4,NO
417,74,1.3762713874085992E-4,NO
418,48,1.3762713874085992E-4,NO
419,74,2.201670608302234E-4,NO
420,86,1.5728197391296986E-4,NO
421,355,1.8348601655084198E-4,NO
422,53,1.3762713874085992E-4,NO
423,798,2.751785334133267E-4,NO
424,75,1.8348601655084198E-4,NO
425,128,0.0010988997718877286,NO
426,198,0.0010988997718877286,NO
427,138,0.0010988997718877286,NO
428,57,1.3762713874085992E-4,NO
429,123,1.8348601655084198E-4,NO
430,314,0.0010988997718877286,NO
431,162,1.8348601655084198E-4,NO
432,137,0.0010988997718877286,NO
433,124,0.0010988997718877286,NO
434,359,0.0010988997718877286,NO
435,151,0.0010988997718877286,NO
436,107,0.0010988997718877286,NO
437,28,1.3762713874085992E-4,NO
438,58,2.201670608302234E-4,NO
439,470,0.0010988997718877286,NO
440,345,0.0010988997718877286,NO
441,103,1.3762713874085992E-4,NO
442,35,1.8348601655084198E-4,NO
443,98,1.3762713874085992E-4,NO
444,117,2.751785334133267E-4,NO
