ID, Size, Predicted, Actual
0,198,8.612013322030561E-4,NO
1,107,8.612013322030561E-4,NO
2,69,1.232106632072292E-4,NO
3,70,1.232106632072292E-4,NO
4,30,1.232106632072292E-4,NO
5,553,4.3097181960671533E-4,NO
6,685,8.612013322030561E-4,NO
7,526,4.3097181960671533E-4,NO
8,1473,8.612013322030561E-4,NO
9,1077,2.155788181989055E-4,NO
10,1320,8.612013322030561E-4,NO
11,410,8.612013322030561E-4,NO
12,1296,8.612013322030561E-4,NO
13,1318,8.612013322030561E-4,NO
14,260,0.9999137461593192,NO
15,113,8.612013322030561E-4,NO
16,90,8.612013322030561E-4,NO
17,313,8.612013322030561E-4,NO
18,209,8.612013322030561E-4,NO
19,3340,8.612013322030561E-4,NO
20,68,1.232106632072292E-4,NO
21,300,0.9999137461593192,NO
22,202,8.612013322030561E-4,NO
23,389,8.612013322030561E-4,NO
24,70,1.232106632072292E-4,NO
25,296,0.9999137461593192,NO
26,92,8.612013322030561E-4,NO
27,192,8.612013322030561E-4,NO
28,66,1.232106632072292E-4,NO
29,463,8.612013322030561E-4,NO
30,169,8.612013322030561E-4,NO
31,384,8.612013322030561E-4,NO
32,195,8.612013322030561E-4,NO
33,1118,8.612013322030561E-4,NO
34,78,8.612013322030561E-4,NO
35,100,8.612013322030561E-4,NO
36,104,8.612013322030561E-4,NO
37,43,1.232106632072292E-4,NO
38,311,8.612013322030561E-4,NO
39,834,8.612013322030561E-4,NO
40,57,1.232106632072292E-4,NO
41,259,0.9999137461593192,NO
42,399,8.612013322030561E-4,NO
43,233,8.612013322030561E-4,NO
44,74,8.612013322030561E-4,NO
45,55,1.232106632072292E-4,NO
46,229,8.612013322030561E-4,NO
47,373,8.612013322030561E-4,NO
48,21,1.232106632072292E-4,NO
49,926,2.155788181989055E-4,NO
50,21,1.232106632072292E-4,NO
51,621,4.3097181960671533E-4,NO
52,37,1.232106632072292E-4,NO
53,35,1.232106632072292E-4,NO
54,32,1.232106632072292E-4,NO
55,83,8.612013322030561E-4,NO
56,458,8.612013322030561E-4,NO
57,54,1.232106632072292E-4,NO
58,92,8.612013322030561E-4,NO
59,32,1.232106632072292E-4,NO
60,536,4.3097181960671533E-4,NO
61,24,1.232106632072292E-4,NO
62,37,1.232106632072292E-4,NO
63,34,1.232106632072292E-4,NO
64,34,1.232106632072292E-4,NO
65,25,1.232106632072292E-4,NO
66,21,1.232106632072292E-4,NO
67,76,8.612013322030561E-4,NO
68,31,1.232106632072292E-4,NO
69,32,1.232106632072292E-4,NO
70,186,8.612013322030561E-4,NO
71,91,8.612013322030561E-4,NO
72,356,8.612013322030561E-4,NO
73,28,1.232106632072292E-4,NO
74,40,1.232106632072292E-4,NO
75,21,1.232106632072292E-4,NO
76,54,1.232106632072292E-4,NO
77,103,8.612013322030561E-4,NO
78,76,8.612013322030561E-4,NO
79,29,1.232106632072292E-4,NO
80,47,1.232106632072292E-4,NO
81,132,8.612013322030561E-4,NO
82,21,1.232106632072292E-4,NO
83,41,1.232106632072292E-4,NO
84,43,1.232106632072292E-4,NO
85,34,1.232106632072292E-4,NO
86,21,1.232106632072292E-4,NO
87,98,8.612013322030561E-4,NO
88,61,1.232106632072292E-4,NO
89,124,8.612013322030561E-4,NO
90,89,8.612013322030561E-4,NO
91,374,8.612013322030561E-4,NO
92,133,8.612013322030561E-4,NO
93,750,8.612013322030561E-4,NO
94,164,8.612013322030561E-4,NO
95,103,8.612013322030561E-4,NO
96,361,8.612013322030561E-4,NO
97,21,1.232106632072292E-4,NO
98,128,8.612013322030561E-4,NO
99,175,8.612013322030561E-4,NO
100,37,1.232106632072292E-4,NO
101,60,1.232106632072292E-4,NO
102,21,1.232106632072292E-4,NO
103,41,1.232106632072292E-4,NO
104,183,8.612013322030561E-4,NO
105,57,1.232106632072292E-4,NO
106,60,1.232106632072292E-4,NO
107,34,1.232106632072292E-4,NO
108,21,1.232106632072292E-4,NO
109,76,8.612013322030561E-4,NO
110,73,8.612013322030561E-4,NO
111,58,1.232106632072292E-4,NO
112,54,1.232106632072292E-4,NO
113,24,1.232106632072292E-4,NO
114,21,1.232106632072292E-4,NO
115,519,4.3097181960671533E-4,NO
116,43,1.232106632072292E-4,NO
117,33,1.232106632072292E-4,NO
118,36,1.232106632072292E-4,NO
119,38,1.232106632072292E-4,NO
120,28,1.232106632072292E-4,NO
121,34,1.232106632072292E-4,NO
122,36,1.232106632072292E-4,NO
123,34,1.232106632072292E-4,NO
124,95,8.612013322030561E-4,NO
125,126,8.612013322030561E-4,NO
126,38,1.232106632072292E-4,NO
127,1336,8.612013322030561E-4,NO
128,133,8.612013322030561E-4,NO
129,21,1.232106632072292E-4,NO
130,228,8.612013322030561E-4,NO
131,72,8.612013322030561E-4,NO
132,42,1.232106632072292E-4,NO
133,162,8.612013322030561E-4,NO
134,87,8.612013322030561E-4,NO
135,33,1.232106632072292E-4,NO
136,34,1.232106632072292E-4,NO
137,46,1.232106632072292E-4,NO
138,21,1.232106632072292E-4,NO
139,400,8.612013322030561E-4,NO
140,39,1.232106632072292E-4,NO
141,225,8.612013322030561E-4,NO
142,51,1.232106632072292E-4,NO
143,66,1.232106632072292E-4,NO
144,184,8.612013322030561E-4,NO
145,51,1.232106632072292E-4,NO
146,120,8.612013322030561E-4,NO
147,69,1.232106632072292E-4,NO
148,21,1.232106632072292E-4,NO
149,180,8.612013322030561E-4,NO
150,211,8.612013322030561E-4,NO
151,61,1.232106632072292E-4,NO
152,21,1.232106632072292E-4,NO
153,113,8.612013322030561E-4,NO
154,66,1.232106632072292E-4,NO
155,72,8.612013322030561E-4,NO
156,74,8.612013322030561E-4,NO
157,33,1.232106632072292E-4,NO
158,21,1.232106632072292E-4,NO
159,24,1.232106632072292E-4,NO
160,63,1.232106632072292E-4,NO
161,58,1.232106632072292E-4,NO
162,45,1.232106632072292E-4,NO
163,84,8.612013322030561E-4,NO
164,1526,8.612013322030561E-4,NO
165,21,1.232106632072292E-4,NO
166,46,1.232106632072292E-4,NO
167,46,1.232106632072292E-4,NO
168,51,1.232106632072292E-4,NO
169,38,1.232106632072292E-4,NO
170,40,1.232106632072292E-4,NO
171,109,8.612013322030561E-4,NO
172,172,8.612013322030561E-4,NO
173,51,1.232106632072292E-4,NO
174,60,1.232106632072292E-4,NO
175,42,1.232106632072292E-4,NO
176,59,1.232106632072292E-4,NO
177,120,8.612013322030561E-4,NO
178,151,8.612013322030561E-4,NO
179,2679,8.612013322030561E-4,NO
180,243,0.9999137461593192,NO
181,21,1.232106632072292E-4,NO
182,102,8.612013322030561E-4,NO
183,56,1.232106632072292E-4,NO
184,65,1.232106632072292E-4,NO
185,227,8.612013322030561E-4,NO
186,134,8.612013322030561E-4,NO
187,502,4.3097181960671533E-4,NO
188,179,8.612013322030561E-4,NO
189,131,8.612013322030561E-4,NO
190,241,0.9999137461593192,NO
191,480,4.3097181960671533E-4,NO
192,47,1.232106632072292E-4,NO
193,83,8.612013322030561E-4,NO
194,115,8.612013322030561E-4,NO
195,56,1.232106632072292E-4,NO
196,31,1.232106632072292E-4,NO
197,100,8.612013322030561E-4,NO
198,31,1.232106632072292E-4,NO
199,39,1.232106632072292E-4,NO
200,97,8.612013322030561E-4,NO
201,569,4.3097181960671533E-4,NO
202,21,1.232106632072292E-4,NO
203,45,1.232106632072292E-4,NO
204,63,1.232106632072292E-4,NO
205,103,8.612013322030561E-4,NO
206,66,1.232106632072292E-4,NO
207,194,8.612013322030561E-4,NO
208,40,1.232106632072292E-4,NO
209,212,8.612013322030561E-4,NO
210,559,4.3097181960671533E-4,NO
211,145,8.612013322030561E-4,NO
212,207,8.612013322030561E-4,NO
213,336,8.612013322030561E-4,NO
214,350,8.612013322030561E-4,NO
215,588,4.3097181960671533E-4,NO
216,2109,8.612013322030561E-4,NO
217,1278,8.612013322030561E-4,NO
218,426,8.612013322030561E-4,NO
219,481,4.3097181960671533E-4,NO
220,794,8.612013322030561E-4,NO
221,88,8.612013322030561E-4,NO
222,307,8.612013322030561E-4,NO
223,62,1.232106632072292E-4,NO
224,212,8.612013322030561E-4,NO
225,105,8.612013322030561E-4,NO
226,345,8.612013322030561E-4,NO
227,81,8.612013322030561E-4,NO
228,257,0.9999137461593192,NO
229,408,8.612013322030561E-4,NO
230,169,8.612013322030561E-4,NO
231,106,8.612013322030561E-4,NO
232,162,8.612013322030561E-4,NO
233,245,0.9999137461593192,NO
234,322,8.612013322030561E-4,NO
235,169,8.612013322030561E-4,NO
236,166,8.612013322030561E-4,NO
237,370,8.612013322030561E-4,NO
238,202,8.612013322030561E-4,NO
239,419,8.612013322030561E-4,NO
240,254,0.9999137461593192,NO
241,349,8.612013322030561E-4,NO
242,205,8.612013322030561E-4,NO
243,437,8.612013322030561E-4,NO
244,95,8.612013322030561E-4,NO
245,53,1.232106632072292E-4,NO
246,154,8.612013322030561E-4,NO
247,177,8.612013322030561E-4,NO
248,149,8.612013322030561E-4,NO
249,177,8.612013322030561E-4,NO
250,375,8.612013322030561E-4,NO
251,310,8.612013322030561E-4,NO
252,67,1.232106632072292E-4,NO
253,46,1.232106632072292E-4,NO
254,157,8.612013322030561E-4,NO
255,101,8.612013322030561E-4,NO
256,261,0.9999137461593192,NO
257,65,1.232106632072292E-4,NO
258,160,8.612013322030561E-4,NO
259,115,8.612013322030561E-4,NO
260,74,8.612013322030561E-4,NO
261,733,8.612013322030561E-4,NO
262,186,8.612013322030561E-4,NO
263,447,8.612013322030561E-4,NO
264,59,1.232106632072292E-4,NO
265,319,8.612013322030561E-4,NO
266,204,8.612013322030561E-4,NO
267,60,1.232106632072292E-4,NO
268,835,8.612013322030561E-4,NO
269,1175,8.612013322030561E-4,NO
270,220,8.612013322030561E-4,NO
271,63,1.232106632072292E-4,NO
272,194,8.612013322030561E-4,NO
273,283,0.9999137461593192,NO
274,199,8.612013322030561E-4,NO
275,124,8.612013322030561E-4,NO
276,96,8.612013322030561E-4,NO
277,82,8.612013322030561E-4,NO
278,99,8.612013322030561E-4,NO
279,128,8.612013322030561E-4,NO
280,227,8.612013322030561E-4,NO
281,53,1.232106632072292E-4,NO
282,273,0.9999137461593192,NO
283,71,1.232106632072292E-4,NO
284,91,8.612013322030561E-4,NO
285,205,8.612013322030561E-4,NO
286,42,1.232106632072292E-4,NO
287,126,8.612013322030561E-4,NO
288,97,8.612013322030561E-4,NO
289,86,8.612013322030561E-4,NO
290,78,8.612013322030561E-4,NO
