ID, Size, Predicted, Actual
0,215,0.04002957031182614,NO
1,271,0.041170574759757876,YES
2,458,0.04752761502141148,YES
3,137,0.037147335583432105,YES
4,357,0.042654432639697926,YES
5,1242,1.0,YES
6,51,0.03562755540911925,NO
7,154,0.03585077412460808,YES
8,31,0.03497592016637894,NO
9,928,0.999265510070597,YES
10,180,0.03802321138948265,NO
11,260,0.9906751362498658,YES
12,551,1.0,YES
13,40,0.03497592016637894,NO
14,361,0.08784273782539004,YES
15,388,0.09077600189261098,YES
16,51,0.03358721380894226,NO
17,577,0.8826565930153004,NO
18,32,0.03497592016637894,NO
19,66,0.03562755540911925,NO
20,188,0.9926717738170068,YES
21,582,1.0,YES
22,158,0.03585077412460808,YES
23,50,0.03358721380894226,NO
24,27,0.03497592016637894,NO
25,928,1.0,YES
26,60,0.03562755540911925,NO
27,62,0.03358721380894226,NO
28,87,0.03426988883857869,NO
29,52,0.03358721380894226,NO
30,268,1.0,YES
31,163,0.03802321138948265,NO
32,109,0.03426988883857869,NO
33,147,0.037147335583432105,NO
34,58,0.03358721380894226,NO
35,44,0.03497592016637894,NO
36,106,0.03426988883857869,NO
37,139,0.037147335583432105,NO
38,326,0.31729701201338784,NO
39,648,0.9999999999992657,YES
40,778,1.0,YES
41,314,0.08512717680316102,YES
42,55,0.03562755540911925,NO
43,191,0.03675714926953018,NO
44,90,0.07123652940775872,NO
45,273,0.3036681754174023,NO
46,137,0.9979070810768602,YES
47,79,0.9891784314545816,YES
48,82,0.03358721380894226,NO
49,147,0.9998211432081153,YES
50,422,0.9984156441307882,YES
51,978,1.0,YES
52,467,1.0,YES
53,189,0.9901345910302436,YES
54,153,0.9898782780837136,YES
55,84,0.0363501414248069,YES
56,182,1.0,YES
57,358,1.0,YES
58,126,1.0,YES
59,106,0.9893991304690837,YES
60,109,0.07123652940775872,NO
61,85,0.0363501414248069,NO
62,236,0.9980632875646079,YES
63,314,0.31729701201338784,YES
64,694,0.9999058647050139,YES
65,27,0.03497592016637894,NO
66,89,0.9773656645904194,YES
67,301,0.9999944436338086,YES
68,153,0.824762161457751,NO
69,92,0.2769920824474617,NO
70,466,0.8633127606198079,YES
71,93,0.2769920824474617,NO
72,244,0.8323619800993999,NO
73,192,0.076195091876586,NO
74,250,0.3036681754174023,YES
75,109,0.07123652940775872,NO
76,601,0.11382710328193073,NO
77,565,1.0,YES
78,69,0.9891784314545816,YES
79,77,0.03358721380894226,NO
80,94,0.03426988883857869,NO
81,337,0.04127261007267047,NO
82,214,0.03774699878470989,NO
83,79,0.03358721380894226,NO
84,25,0.03297162092865327,NO
85,84,0.03426988883857869,NO
86,34,0.03297162092865327,NO
87,33,0.03297162092865327,NO
88,104,0.03426988883857869,NO
89,172,0.03585077412460808,NO
90,70,0.03358721380894226,NO
91,140,0.03502311911896678,NO
92,154,0.03585077412460808,YES
93,248,0.03882557214787121,NO
94,275,1.0,YES
95,176,0.03585077412460808,NO
96,624,1.0,YES
97,91,0.9773656645904194,YES
98,58,0.03562755540911925,YES
99,132,0.03502311911896678,NO
100,4088,1.0,YES
101,558,0.9933439540035821,YES
102,727,1.0,YES
103,150,0.03585077412460808,YES
104,503,0.3595272528730486,YES
105,325,0.8449361590799584,YES
106,273,0.9998392927104823,YES
107,136,0.9896327626863844,YES
108,56,0.03358721380894226,NO
109,74,0.06987073693237399,NO
110,357,0.9999073622526105,YES
111,174,0.03802321138948265,NO
112,148,0.03802321138948265,NO
113,92,0.0363501414248069,NO
114,45,0.06863736368208415,NO
115,168,0.9898782780837136,YES
116,77,0.03562755540911925,NO
117,664,0.0651083142642282,YES
118,88,0.03426988883857869,NO
119,260,0.08029778969297806,YES
120,54,0.03562755540911925,NO
121,48,0.03297162092865327,NO
122,140,1.0,YES
123,152,0.07439134200127805,NO
124,39,0.03497592016637894,NO
125,131,0.03502311911896678,NO
126,47,0.03497592016637894,NO
127,129,0.9896327626863844,YES
128,43,0.03497592016637894,NO
129,243,0.2975095719386945,NO
130,62,0.9891784314545816,YES
131,45,0.03297162092865327,NO
132,94,0.03426988883857869,YES
133,72,0.03562755540911925,NO
134,42,0.03497592016637894,NO
135,48,0.03497592016637894,NO
136,89,0.9893991304690837,YES
137,380,0.9918359197746417,YES
138,138,0.03502311911896678,YES
139,142,0.07274106320107088,YES
140,191,0.03675714926953018,NO
141,46,0.03497592016637894,NO
142,165,0.03802321138948265,NO
143,171,0.07439134200127805,NO
144,56,0.03358721380894226,NO
145,179,1.0,YES
146,74,0.03562755540911925,NO
147,36,0.03497592016637894,NO
148,37,0.03497592016637894,NO
149,34,0.9764645241739001,YES
150,34,0.9764645241739001,YES
151,38,0.03497592016637894,NO
152,39,0.03497592016637894,NO
153,156,0.03585077412460808,NO
154,84,0.03426988883857869,NO
155,117,0.9896327626863844,YES
156,94,0.07123652940775872,NO
157,71,0.06987073693237399,NO
158,183,1.0,YES
159,85,0.07123652940775872,NO
160,183,0.9901345910302436,YES
161,70,0.06987073693237399,NO
162,54,0.03358721380894226,NO
163,160,0.03585077412460808,NO
164,125,1.0,YES
165,151,1.0,YES
166,421,1.0,YES
167,219,0.9980632875646079,YES
168,50,0.03358721380894226,NO
169,42,0.9889716723276775,YES
170,624,0.11875106059663867,NO
171,377,1.0,YES
172,383,0.9918359197746417,YES
173,72,0.03358721380894226,NO
174,92,0.03426988883857869,NO
175,284,0.08261621644315569,YES
176,371,0.042654432639697926,NO
177,47,0.03297162092865327,NO
178,108,0.9893991304690837,YES
179,111,0.03426988883857869,NO
180,319,0.9912453007771411,YES
181,129,0.9896327626863844,YES
182,49,0.03297162092865327,NO
183,358,1.0,YES
184,277,1.0,YES
185,49,0.06863736368208415,NO
186,89,0.03426988883857869,NO
187,41,0.03497592016637894,NO
188,66,0.03562755540911925,NO
189,63,0.03562755540911925,NO
190,24,0.03297162092865327,NO
191,50,0.03358721380894226,NO
192,72,0.06987073693237399,NO
193,47,0.03297162092865327,NO
194,47,0.03497592016637894,NO
195,183,0.03898228919501361,NO
196,49,0.03497592016637894,NO
197,50,0.03562755540911925,NO
198,98,0.0363501414248069,NO
199,143,0.037147335583432105,NO
200,43,0.03497592016637894,NO
201,42,0.03497592016637894,NO
202,56,0.03562755540911925,NO
203,44,0.03297162092865327,NO
204,26,0.03297162092865327,NO
205,254,1.0,YES
206,16883,1.0,YES
207,74,0.03358721380894226,NO
208,153,0.03802321138948265,NO
209,68,0.06987073693237399,NO
210,100,0.03426988883857869,NO
211,549,0.8777833061354369,YES
212,437,0.045773118350181115,NO
213,1033,0.9977770231936228,YES
214,101,0.03426988883857869,YES
215,331,0.08512717680316102,YES
216,123,0.037147335583432105,NO
217,106,0.03426988883857869,NO
218,106,0.03426988883857869,NO
219,93,0.03426988883857869,YES
220,101,0.0363501414248069,YES
221,38,0.9764645241739001,YES
222,584,1.0,YES
223,32,0.03497592016637894,NO
224,111,0.0363501414248069,NO
225,35,0.03497592016637894,NO
226,90,0.9773656645904194,YES
227,27,0.03497592016637894,NO
228,28,0.03497592016637894,NO
229,92,0.9998170701167663,YES
230,885,1.0,YES
231,67,0.03562755540911925,NO
232,29,0.03497592016637894,NO
233,105,0.03426988883857869,NO
234,72,0.03562755540911925,NO
235,37,0.03497592016637894,NO
236,47,0.03297162092865327,NO
237,31,0.03497592016637894,NO
238,90,0.07123652940775872,NO
239,223,0.9999999135235087,YES
240,214,0.07816080548795411,NO
241,107,0.07123652940775872,NO
242,37,0.03497592016637894,NO
243,27,0.03497592016637894,NO
244,48,0.03497592016637894,NO
245,166,0.07439134200127805,YES
246,213,0.29177337376847157,NO
247,866,0.08376760961073058,YES
248,159,0.07439134200127805,NO
249,100,0.9893991304690837,YES
250,96,0.9893991304690837,YES
251,841,0.9999974678161743,YES
252,525,1.0,YES
253,83,0.03426988883857869,NO
254,63,0.03562755540911925,NO
255,76,0.03562755540911925,NO
256,202,0.03675714926953018,NO
257,155,0.07439134200127805,YES
258,1262,1.0,YES
259,74,0.03562755540911925,NO
260,101,0.07123652940775872,NO
261,27,0.03297162092865327,NO
262,22,0.03497592016637894,NO
263,489,0.10102986039808573,YES
264,62,0.03562755540911925,NO
265,59,0.03358721380894226,NO
266,99,0.03426988883857869,NO
267,27,0.03497592016637894,NO
268,77,0.03562755540911925,NO
269,846,1.0,YES
270,64,1.0,YES
271,45,0.03497592016637894,NO
272,63,0.03562755540911925,NO
273,54,0.03358721380894226,NO
274,64,0.03562755540911925,NO
275,132,0.03502311911896678,NO
276,177,0.07439134200127805,NO
277,70,0.03358721380894226,NO
278,36,0.03497592016637894,NO
279,58,0.03562755540911925,NO
280,62,0.03562755540911925,NO
281,132,0.037147335583432105,NO
282,74,0.03562755540911925,NO
283,83,0.0363501414248069,YES
284,74,0.03562755540911925,NO
285,48,0.03497592016637894,NO
286,74,0.9769002904445577,YES
287,86,0.0363501414248069,NO
288,355,0.08784273782539004,NO
289,53,0.03562755540911925,NO
290,798,1.0,YES
291,75,0.06987073693237399,NO
292,125,1.0,YES
293,200,0.9998298855837839,YES
294,134,0.2815249933917021,NO
295,57,0.03562755540911925,NO
296,123,0.07274106320107088,NO
297,204,0.03675714926953018,NO
298,162,0.03585077412460808,NO
299,130,0.07274106320107088,NO
300,108,0.03426988883857869,NO
301,353,0.9915386222397672,YES
302,80,0.03562755540911925,NO
303,28,0.03497592016637894,NO
304,57,0.03562755540911925,NO
305,306,0.08261621644315569,YES
306,340,0.04127261007267047,YES
307,103,0.0363501414248069,NO
308,35,0.03497592016637894,NO
309,98,0.0363501414248069,NO
310,117,0.03502311911896678,YES
