ID, Size, Predicted, Actual
0,198,0.01,NO
1,107,0.0,NO
2,69,0.01,NO
3,70,0.01,NO
4,30,0.0,NO
5,553,0.03,NO
6,685,0.03,NO
7,526,0.03,NO
8,1473,0.03,NO
9,1077,0.03,NO
10,1320,0.03,NO
11,410,0.03,NO
12,1296,0.03,NO
13,1318,0.03,NO
14,260,0.11,NO
15,113,0.0,NO
16,90,0.05,NO
17,313,0.08,NO
18,209,0.01,NO
19,3340,0.03,NO
20,68,0.01,NO
21,300,0.12,NO
22,202,0.01,NO
23,389,0.03,NO
24,70,0.01,NO
25,296,0.12,NO
26,92,0.04,NO
27,192,0.01,NO
28,66,0.01,NO
29,463,0.03,NO
30,169,0.01,NO
31,384,0.03,NO
32,195,0.01,NO
33,1118,0.03,NO
34,78,0.03,NO
35,100,0.01,NO
36,104,0.01,NO
37,43,0.0,NO
38,311,0.08,NO
39,834,0.03,NO
40,57,0.0,NO
41,259,0.1,NO
42,399,0.03,NO
43,233,0.08,NO
44,74,0.02,NO
45,55,0.0,NO
46,229,0.06,NO
47,373,0.03,NO
48,21,0.0,NO
49,926,0.03,NO
50,21,0.0,NO
51,621,0.03,NO
52,37,0.0,NO
53,35,0.0,NO
54,32,0.0,NO
55,83,0.03,NO
56,458,0.03,NO
57,54,0.0,NO
58,92,0.04,NO
59,32,0.0,NO
60,536,0.03,NO
61,24,0.0,NO
62,37,0.0,NO
63,34,0.0,NO
64,34,0.0,NO
65,25,0.0,NO
66,21,0.0,NO
67,76,0.02,NO
68,31,0.46,NO
69,32,0.0,NO
70,186,0.01,NO
71,91,0.04,NO
72,356,0.05,NO
73,28,0.0,NO
74,40,0.0,NO
75,21,0.0,NO
76,54,0.0,NO
77,103,0.01,NO
78,76,0.02,NO
79,29,0.0,NO
80,47,0.0,NO
81,132,0.0,NO
82,21,0.0,NO
83,41,0.0,NO
84,43,0.0,NO
85,34,0.0,NO
86,21,0.0,NO
87,98,0.01,NO
88,61,0.01,NO
89,124,0.0,NO
90,89,0.05,NO
91,374,0.03,NO
92,133,0.0,NO
93,750,0.03,NO
94,164,0.0,NO
95,103,0.01,NO
96,361,0.03,NO
97,21,0.0,NO
98,128,0.0,NO
99,175,0.01,NO
100,37,0.0,NO
101,60,0.01,NO
102,21,0.0,NO
103,41,0.0,NO
104,183,0.01,NO
105,57,0.0,NO
106,60,0.01,NO
107,34,0.0,NO
108,21,0.0,NO
109,76,0.02,NO
110,73,0.01,NO
111,58,0.0,NO
112,54,0.0,NO
113,24,0.0,NO
114,21,0.0,NO
115,519,0.03,NO
116,43,0.0,NO
117,33,0.0,NO
118,36,0.0,NO
119,38,0.0,NO
120,28,0.0,NO
121,34,0.0,NO
122,36,0.0,NO
123,34,0.0,NO
124,95,0.03,NO
125,126,0.0,NO
126,38,0.0,NO
127,1336,0.03,NO
128,133,0.0,NO
129,21,0.0,NO
130,228,0.06,NO
131,72,0.01,NO
132,42,0.0,NO
133,162,0.0,NO
134,87,0.05,NO
135,33,0.0,NO
136,34,0.0,NO
137,46,0.0,NO
138,21,0.0,NO
139,400,0.03,NO
140,39,0.0,NO
141,225,0.06,NO
142,51,0.0,NO
143,66,0.01,NO
144,184,0.01,NO
145,51,0.0,NO
146,120,0.0,NO
147,69,0.01,NO
148,21,0.0,NO
149,180,0.01,NO
150,211,0.01,NO
151,61,0.01,NO
152,21,0.0,NO
153,113,0.0,NO
154,66,0.01,NO
155,72,0.01,NO
156,74,0.02,NO
157,33,0.0,NO
158,21,0.0,NO
159,24,0.0,NO
160,63,0.01,NO
161,58,0.0,NO
162,45,0.0,NO
163,84,0.04,NO
164,1526,0.03,NO
165,21,0.0,NO
166,46,0.0,NO
167,46,0.0,NO
168,51,0.0,NO
169,38,0.0,NO
170,40,0.0,NO
171,109,0.0,NO
172,172,0.01,NO
173,51,0.0,NO
174,60,0.01,NO
175,42,0.0,NO
176,59,0.01,NO
177,120,0.0,NO
178,151,0.0,NO
179,2679,0.03,NO
180,243,0.1,NO
181,21,0.0,NO
182,102,0.01,NO
183,56,0.0,NO
184,65,0.01,NO
185,227,0.06,NO
186,134,0.0,NO
187,502,0.03,NO
188,179,0.01,NO
189,131,0.0,NO
190,241,0.1,NO
191,480,0.03,NO
192,47,0.0,NO
193,83,0.03,NO
194,115,0.0,NO
195,56,0.0,NO
196,31,0.0,NO
197,100,0.01,NO
198,31,0.0,NO
199,39,0.0,NO
200,97,0.03,NO
201,569,0.03,NO
202,21,0.0,NO
203,45,0.0,NO
204,63,0.01,NO
205,103,0.01,NO
206,66,0.01,NO
207,194,0.01,NO
208,40,0.0,NO
209,212,0.01,NO
210,559,0.03,NO
211,145,0.0,NO
212,207,0.01,NO
213,336,0.06,NO
214,350,0.05,NO
215,588,0.03,NO
216,2109,0.03,NO
217,1278,0.03,NO
218,426,0.03,NO
219,481,0.03,NO
220,794,0.03,NO
221,88,0.05,NO
222,307,0.12,NO
223,62,0.01,NO
224,212,0.01,NO
225,105,0.0,NO
226,345,0.05,NO
227,81,0.03,NO
228,257,0.1,NO
229,408,0.03,NO
230,169,0.01,NO
231,106,0.0,NO
232,162,0.0,NO
233,245,0.1,NO
234,322,0.08,NO
235,169,0.01,NO
236,166,0.01,NO
237,370,0.03,NO
238,202,0.01,NO
239,419,0.03,NO
240,254,0.1,NO
241,349,0.05,NO
242,205,0.01,NO
243,437,0.03,NO
244,95,0.03,NO
245,53,0.0,NO
246,154,0.0,NO
247,177,0.01,NO
248,149,0.0,NO
249,177,0.01,NO
250,375,0.03,NO
251,310,0.12,NO
252,67,0.0,NO
253,46,0.0,NO
254,157,0.28,NO
255,101,0.01,NO
256,261,0.11,NO
257,65,0.01,NO
258,160,0.0,NO
259,115,0.0,NO
260,74,0.02,NO
261,733,0.03,NO
262,186,0.01,NO
263,447,0.03,NO
264,59,0.01,NO
265,319,0.08,NO
266,204,0.01,NO
267,60,0.01,NO
268,835,0.03,NO
269,1175,0.03,NO
270,220,0.06,NO
271,63,0.01,NO
272,194,0.01,NO
273,283,0.12,NO
274,199,0.01,NO
275,124,0.0,NO
276,96,0.03,NO
277,82,0.03,NO
278,99,0.01,NO
279,128,0.0,NO
280,227,0.06,NO
281,53,0.0,NO
282,273,0.12,NO
283,71,0.01,NO
284,91,0.04,NO
285,205,0.01,NO
286,42,0.0,NO
287,126,0.0,NO
288,97,0.03,NO
289,86,0.04,NO
290,78,0.03,NO
