ID, Size, Predicted, Actual
0,227,5.71038146296391E-4,NO
1,276,5.71038146296391E-4,NO
2,460,5.71038146296391E-4,NO
3,138,2.8568220858701685E-4,NO
4,352,0.9999428374297556,NO
5,23,2.8568220858701685E-4,NO
6,56,2.8568220858701685E-4,NO
7,51,2.8568220858701685E-4,NO
8,22,2.8568220858701685E-4,NO
9,44,2.8568220858701685E-4,NO
10,111,2.8568220858701685E-4,NO
11,71,2.8568220858701685E-4,NO
12,196,1.4288192311687163E-4,NO
13,39,2.8568220858701685E-4,NO
14,124,2.8568220858701685E-4,NO
15,38,2.8568220858701685E-4,NO
16,22,2.8568220858701685E-4,NO
17,44,2.8568220858701685E-4,NO
18,368,1.1431207174495584E-4,NO
19,22,2.8568220858701685E-4,NO
20,285,0.9999428374297556,NO
21,21,2.8568220858701685E-4,NO
22,22,2.8568220858701685E-4,NO
23,208,1.4288192311687163E-4,NO
24,55,2.8568220858701685E-4,NO
25,21,2.8568220858701685E-4,NO
26,288,0.9999428374297556,NO
27,47,2.8568220858701685E-4,NO
28,54,2.8568220858701685E-4,NO
29,105,2.8568220858701685E-4,NO
30,483,5.71038146296391E-4,NO
31,35,5.71038146296391E-4,NO
32,142,5.71038146296391E-4,NO
33,95,5.71038146296391E-4,NO
34,164,2.8568220858701685E-4,NO
35,70,5.71038146296391E-4,NO
36,22,5.71038146296391E-4,NO
37,26,5.71038146296391E-4,NO
38,21,5.71038146296391E-4,NO
39,56,5.71038146296391E-4,NO
40,102,5.71038146296391E-4,NO
41,107,5.71038146296391E-4,NO
42,67,5.71038146296391E-4,NO
43,39,5.71038146296391E-4,NO
44,52,5.71038146296391E-4,NO
45,20,5.71038146296391E-4,NO
46,42,5.71038146296391E-4,NO
47,36,5.71038146296391E-4,NO
48,30,5.71038146296391E-4,NO
49,71,5.71038146296391E-4,NO
50,57,5.71038146296391E-4,NO
51,31,5.71038146296391E-4,NO
52,20,5.71038146296391E-4,NO
53,90,5.71038146296391E-4,NO
54,52,5.71038146296391E-4,NO
55,108,5.71038146296391E-4,NO
56,20,5.71038146296391E-4,NO
57,93,5.71038146296391E-4,NO
58,52,5.71038146296391E-4,NO
59,117,5.71038146296391E-4,NO
60,20,5.71038146296391E-4,NO
61,31,2.8568220858701685E-4,NO
62,109,2.8568220858701685E-4,NO
63,44,2.8568220858701685E-4,NO
64,72,2.8568220858701685E-4,NO
65,99,2.8568220858701685E-4,NO
66,103,2.8568220858701685E-4,NO
67,20,2.8568220858701685E-4,NO
68,71,5.71038146296391E-4,NO
69,140,2.8568220858701685E-4,NO
70,1579,5.71038146296391E-4,NO
71,45,9.526368971737443E-5,NO
72,282,0.9999428374297556,NO
73,2582,5.71038146296391E-4,NO
74,242,5.71038146296391E-4,NO
75,55,2.8568220858701685E-4,NO
76,204,2.8568220858701685E-4,NO
77,59,2.8568220858701685E-4,NO
78,102,2.8568220858701685E-4,NO
79,34,2.8568220858701685E-4,NO
80,83,2.8568220858701685E-4,NO
81,114,5.71038146296391E-4,NO
82,60,5.71038146296391E-4,NO
83,461,5.71038146296391E-4,NO
84,87,2.8568220858701685E-4,NO
85,130,2.8568220858701685E-4,NO
86,49,1.4288192311687163E-4,NO
87,123,1.90491085667391E-4,NO
88,101,2.8568220858701685E-4,NO
89,1350,5.71038146296391E-4,NO
90,455,5.71038146296391E-4,NO
91,40,2.8568220858701685E-4,NO
92,518,5.71038146296391E-4,NO
93,371,2.8568220858701685E-4,NO
94,49,2.8568220858701685E-4,NO
95,490,2.8568220858701685E-4,NO
96,32,5.71038146296391E-4,NO
97,73,2.8568220858701685E-4,NO
98,633,2.8568220858701685E-4,NO
99,780,5.71038146296391E-4,NO
100,470,2.8568220858701685E-4,NO
101,1015,5.71038146296391E-4,NO
102,278,2.8568220858701685E-4,NO
103,31,2.8568220858701685E-4,NO
104,36,2.8568220858701685E-4,NO
105,58,5.71038146296391E-4,NO
106,172,5.71038146296391E-4,NO
107,86,2.8568220858701685E-4,NO
108,162,2.8568220858701685E-4,NO
109,53,2.8568220858701685E-4,NO
110,415,2.8568220858701685E-4,NO
111,200,2.8568220858701685E-4,NO
112,264,2.8568220858701685E-4,NO
113,166,5.71038146296391E-4,NO
114,38,2.8568220858701685E-4,NO
115,122,2.8568220858701685E-4,NO
116,85,1.90491085667391E-4,NO
117,66,2.8568220858701685E-4,NO
118,60,2.8568220858701685E-4,NO
119,37,2.8568220858701685E-4,NO
120,233,2.8568220858701685E-4,NO
121,37,2.8568220858701685E-4,NO
122,239,2.8568220858701685E-4,NO
123,40,2.8568220858701685E-4,NO
124,208,5.71038146296391E-4,NO
125,210,2.8568220858701685E-4,NO
126,388,5.71038146296391E-4,NO
127,22,2.8568220858701685E-4,NO
128,262,2.8568220858701685E-4,NO
129,306,5.71038146296391E-4,NO
130,1438,0.9999428374297556,NO
131,1469,0.9999428374297556,NO
132,67,1.90491085667391E-4,NO
133,437,0.9999428374297556,NO
134,223,2.8568220858701685E-4,NO
135,35,2.8568220858701685E-4,NO
136,53,2.8568220858701685E-4,NO
137,196,2.8568220858701685E-4,NO
138,108,2.8568220858701685E-4,NO
139,237,2.8568220858701685E-4,NO
140,219,9.526368971737443E-5,NO
141,340,5.71038146296391E-4,NO
142,161,5.71038146296391E-4,NO
143,136,2.8568220858701685E-4,NO
144,376,2.8568220858701685E-4,NO
145,388,0.9999428374297556,NO
146,153,1.4288192311687163E-4,NO
147,114,1.90491085667391E-4,NO
148,220,2.8568220858701685E-4,NO
149,453,0.9999428374297556,NO
150,1828,0.9999428374297556,NO
151,246,5.71038146296391E-4,NO
152,636,2.8568220858701685E-4,NO
153,299,5.71038146296391E-4,NO
154,259,5.71038146296391E-4,NO
155,90,5.71038146296391E-4,NO
156,93,2.8568220858701685E-4,NO
157,441,5.71038146296391E-4,NO
158,149,1.1431207174495584E-4,NO
159,610,0.9999428374297556,NO
160,123,1.1431207174495584E-4,NO
161,197,0.9999714170810047,NO
162,865,5.71038146296391E-4,NO
163,596,2.8568220858701685E-4,NO
164,141,2.8568220858701685E-4,NO
165,179,5.71038146296391E-4,NO
166,630,0.9999428374297556,NO
167,402,5.71038146296391E-4,NO
168,42,2.8568220858701685E-4,NO
169,42,2.8568220858701685E-4,NO
170,315,9.526368971737443E-5,NO
171,85,5.1966513047453916E-5,NO
172,472,0.9999428374297556,NO
173,106,1.90491085667391E-4,NO
174,250,1.4288192311687163E-4,NO
175,162,2.8568220858701685E-4,NO
176,236,1.4288192311687163E-4,NO
177,73,2.8568220858701685E-4,NO
178,104,2.8568220858701685E-4,NO
179,40,2.8568220858701685E-4,NO
180,98,2.8568220858701685E-4,NO
181,39,2.8568220858701685E-4,NO
182,38,2.8568220858701685E-4,NO
183,67,2.8568220858701685E-4,NO
184,76,2.8568220858701685E-4,NO
185,42,2.8568220858701685E-4,NO
186,71,2.8568220858701685E-4,NO
187,101,2.8568220858701685E-4,NO
188,59,2.8568220858701685E-4,NO
189,55,2.8568220858701685E-4,NO
190,27,5.71038146296391E-4,NO
191,89,5.71038146296391E-4,NO
192,26,5.71038146296391E-4,NO
193,24,2.8568220858701685E-4,NO
194,485,0.9999428374297556,NO
195,1651,5.71038146296391E-4,NO
196,48,8.165681373756871E-5,NO
197,2479,5.71038146296391E-4,NO
198,23,2.8568220858701685E-4,NO
199,115,1.4288192311687163E-4,NO
200,108,2.8568220858701685E-4,NO
201,346,2.8568220858701685E-4,NO
202,391,5.71038146296391E-4,NO
203,22,5.71038146296391E-4,NO
204,83,2.8568220858701685E-4,NO
205,51,2.8568220858701685E-4,NO
206,43,2.8568220858701685E-4,NO
207,54,2.8568220858701685E-4,NO
208,43,2.8568220858701685E-4,NO
209,47,2.8568220858701685E-4,NO
210,33,7.145117063910566E-5,NO
211,195,1.4288192311687163E-4,NO
212,91,9.526368971737443E-5,NO
213,110,5.71038146296391E-4,NO
214,81,2.8568220858701685E-4,NO
215,108,0.9999428374297556,NO
216,109,5.71038146296391E-4,NO
217,90,9.526368971737443E-5,NO
218,131,5.71038146296391E-4,NO
219,95,2.8568220858701685E-4,NO
220,132,5.71038146296391E-4,NO
221,176,2.8568220858701685E-4,NO
222,124,5.71038146296391E-4,NO
223,103,5.71038146296391E-4,NO
224,120,5.71038146296391E-4,NO
225,149,1.1431207174495584E-4,NO
226,76,5.71038146296391E-4,NO
227,89,9.526368971737443E-5,NO
228,20,5.71038146296391E-4,NO
229,213,2.8568220858701685E-4,NO
230,542,5.71038146296391E-4,NO
231,233,2.8568220858701685E-4,NO
232,134,2.8568220858701685E-4,NO
233,104,2.8568220858701685E-4,NO
234,121,5.71038146296391E-4,NO
235,39,2.8568220858701685E-4,NO
236,41,1.90491085667391E-4,NO
237,248,5.71038146296391E-4,NO
238,215,1.90491085667391E-4,NO
239,269,2.8568220858701685E-4,NO
240,165,2.8568220858701685E-4,NO
241,277,2.8568220858701685E-4,NO
242,100,2.8568220858701685E-4,NO
243,358,2.8568220858701685E-4,NO
244,29,2.8568220858701685E-4,NO
245,339,2.8568220858701685E-4,NO
246,719,2.8568220858701685E-4,NO
247,141,2.8568220858701685E-4,NO
248,801,5.71038146296391E-4,NO
249,77,6.35131601435702E-5,NO
250,97,8.165681373756871E-5,NO
251,380,1.1431207174495584E-4,NO
252,214,6.35131601435702E-5,NO
253,38,2.8568220858701685E-4,NO
254,79,6.35131601435702E-5,NO
255,25,6.35131601435702E-5,NO
256,84,6.35131601435702E-5,NO
257,34,6.35131601435702E-5,NO
258,33,6.35131601435702E-5,NO
259,104,6.35131601435702E-5,NO
260,193,5.71038146296391E-4,NO
261,70,6.35131601435702E-5,NO
262,140,6.35131601435702E-5,NO
263,22,1.1431207174495584E-4,NO
264,158,5.71038146296391E-4,NO
265,142,2.8568220858701685E-4,NO
266,109,2.8568220858701685E-4,NO
267,158,2.8568220858701685E-4,NO
268,31,8.165681373756871E-5,NO
269,344,2.8568220858701685E-4,NO
270,71,2.8568220858701685E-4,NO
271,84,0.9999428374297556,NO
272,79,0.9999428374297556,NO
273,881,0.9999428374297556,NO
274,64,2.8568220858701685E-4,NO
275,199,2.8568220858701685E-4,NO
276,261,0.9999428374297556,NO
277,155,2.8568220858701685E-4,NO
278,45,2.8568220858701685E-4,NO
279,23,2.8568220858701685E-4,NO
280,405,5.71038146296391E-4,NO
281,248,6.35131601435702E-5,NO
282,599,0.9999428374297556,NO
283,28,2.8568220858701685E-4,NO
284,452,5.71038146296391E-4,NO
285,482,5.71038146296391E-4,NO
286,434,5.71038146296391E-4,NO
287,83,2.8568220858701685E-4,NO
288,393,0.9999428374297556,NO
289,230,1.1431207174495584E-4,NO
290,248,2.8568220858701685E-4,NO
291,28,2.8568220858701685E-4,NO
292,69,2.8568220858701685E-4,NO
293,116,2.8568220858701685E-4,NO
294,100,2.8568220858701685E-4,NO
295,46,2.8568220858701685E-4,NO
296,226,2.8568220858701685E-4,NO
297,86,5.71038146296391E-4,NO
298,93,2.8568220858701685E-4,NO
299,1935,5.71038146296391E-4,NO
300,41,2.8568220858701685E-4,NO
301,64,2.8568220858701685E-4,NO
302,176,5.71038146296391E-4,NO
303,334,2.8568220858701685E-4,NO
304,114,2.8568220858701685E-4,NO
305,66,2.8568220858701685E-4,NO
306,38,2.8568220858701685E-4,NO
307,46,2.8568220858701685E-4,NO
308,101,8.165681373756871E-5,NO
309,144,5.71038146296391E-4,NO
310,156,2.8568220858701685E-4,NO
311,113,2.8568220858701685E-4,NO
312,753,2.8568220858701685E-4,NO
313,397,2.8568220858701685E-4,NO
314,327,0.9999428374297556,NO
315,139,5.71038146296391E-4,NO
316,59,2.8568220858701685E-4,NO
317,78,2.8568220858701685E-4,NO
318,50,8.165681373756871E-5,NO
319,483,5.71038146296391E-4,NO
320,42,2.8568220858701685E-4,NO
321,75,2.8568220858701685E-4,NO
322,219,2.8568220858701685E-4,NO
323,103,2.8568220858701685E-4,NO
324,158,2.8568220858701685E-4,NO
325,190,2.8568220858701685E-4,NO
326,88,2.8568220858701685E-4,NO
327,248,2.8568220858701685E-4,NO
328,276,2.8568220858701685E-4,NO
329,330,9.526368971737443E-5,NO
330,69,2.8568220858701685E-4,NO
331,21,2.8568220858701685E-4,NO
332,39,2.8568220858701685E-4,NO
333,22,2.8568220858701685E-4,NO
334,24,2.8568220858701685E-4,NO
335,62,2.8568220858701685E-4,NO
336,67,2.8568220858701685E-4,NO
337,65,2.8568220858701685E-4,NO
338,63,2.8568220858701685E-4,NO
339,22,2.8568220858701685E-4,NO
340,60,2.8568220858701685E-4,NO
341,38,2.8568220858701685E-4,NO
342,62,2.8568220858701685E-4,NO
343,23,2.8568220858701685E-4,NO
344,79,2.8568220858701685E-4,NO
345,23,2.8568220858701685E-4,NO
346,176,2.8568220858701685E-4,NO
347,149,2.8568220858701685E-4,NO
348,23,2.8568220858701685E-4,NO
349,34,2.8568220858701685E-4,NO
350,35,2.8568220858701685E-4,NO
351,45,2.8568220858701685E-4,NO
352,293,2.8568220858701685E-4,NO
353,58,5.71038146296391E-4,NO
354,39,9.526368971737443E-5,NO
355,57,2.8568220858701685E-4,NO
356,277,2.8568220858701685E-4,NO
357,468,5.71038146296391E-4,NO
358,75,2.8568220858701685E-4,NO
359,666,8.165681373756871E-5,NO
360,53,5.71038146296391E-4,NO
361,145,2.8568220858701685E-4,NO
362,53,5.71038146296391E-4,NO
363,398,5.71038146296391E-4,NO
364,119,1.1431207174495584E-4,NO
365,271,5.71038146296391E-4,NO
366,175,6.35131601435702E-5,NO
367,78,2.8568220858701685E-4,NO
368,415,2.8568220858701685E-4,NO
369,131,6.35131601435702E-5,NO
370,45,2.8568220858701685E-4,NO
371,156,2.8568220858701685E-4,NO
372,166,5.71038146296391E-4,NO
373,43,5.71038146296391E-4,NO
374,74,5.71038146296391E-4,NO
375,302,2.8568220858701685E-4,NO
376,494,2.8568220858701685E-4,NO
377,421,2.8568220858701685E-4,NO
378,723,2.8568220858701685E-4,NO
379,550,2.8568220858701685E-4,NO
380,493,2.8568220858701685E-4,NO
381,416,2.8568220858701685E-4,NO
382,359,2.8568220858701685E-4,NO
383,66,5.71038146296391E-4,NO
384,62,5.71038146296391E-4,NO
385,34,1.4288192311687163E-4,NO
386,23,1.4288192311687163E-4,NO
387,41,1.4288192311687163E-4,NO
388,50,1.90491085667391E-4,NO
389,55,1.4288192311687163E-4,NO
390,1467,2.8568220858701685E-4,NO
391,187,5.71038146296391E-4,NO
392,162,1.90491085667391E-4,NO
393,23,2.8568220858701685E-4,NO
394,142,2.8568220858701685E-4,NO
395,73,2.8568220858701685E-4,NO
396,108,5.71038146296391E-4,NO
397,20,2.8568220858701685E-4,NO
398,61,2.8568220858701685E-4,NO
399,86,1.4288192311687163E-4,NO
400,84,2.8568220858701685E-4,NO
401,90,2.8568220858701685E-4,NO
402,67,5.71038146296391E-4,NO
403,20,1.4288192311687163E-4,NO
404,60,5.71038146296391E-4,NO
405,88,5.71038146296391E-4,NO
406,47,5.71038146296391E-4,NO
407,76,5.71038146296391E-4,NO
408,21,2.8568220858701685E-4,NO
409,53,2.8568220858701685E-4,NO
410,114,5.71038146296391E-4,NO
411,121,5.71038146296391E-4,NO
412,78,5.71038146296391E-4,NO
413,20,2.8568220858701685E-4,NO
414,69,2.8568220858701685E-4,NO
415,80,2.8568220858701685E-4,NO
416,79,2.8568220858701685E-4,NO
417,81,5.71038146296391E-4,NO
418,88,5.71038146296391E-4,NO
419,20,2.8568220858701685E-4,NO
420,105,5.71038146296391E-4,NO
421,60,5.71038146296391E-4,NO
422,50,2.8568220858701685E-4,NO
423,28,2.8568220858701685E-4,NO
424,129,5.71038146296391E-4,NO
425,43,2.8568220858701685E-4,NO
426,76,2.8568220858701685E-4,NO
427,63,9.526368971737443E-5,NO
428,65,2.8568220858701685E-4,NO
429,76,5.71038146296391E-4,NO
430,45,2.8568220858701685E-4,NO
431,20,2.8568220858701685E-4,NO
432,126,5.71038146296391E-4,NO
