ID, Size, Predicted, Actual
0,237,0.07226633621939949,NO
1,272,0.07275618106098457,NO
2,470,0.07731323187528365,NO
3,299,0.07312057251432867,NO
4,23,0.06808106964289043,NO
5,56,0.06797658812755722,NO
6,51,0.06797658812755722,NO
7,22,0.06759461553417877,NO
8,67,0.0684655893051114,NO
9,23,0.06759461553417877,NO
10,44,0.06797658812755722,NO
11,111,0.06880248049382054,NO
12,74,0.06837910522745058,NO
13,196,0.07020114742134745,NO
14,39,0.06759461553417877,NO
15,124,0.0698867303950833,NO
16,38,0.06759461553417877,NO
17,22,0.06759461553417877,NO
18,44,0.06797658812755722,NO
19,368,0.07361188010034343,NO
20,22,0.06759461553417877,NO
21,285,0.07180049215079924,NO
22,21,0.06759461553417877,NO
23,22,0.06759461553417877,NO
24,208,0.07071143513504759,NO
25,55,0.06790677622905993,NO
26,21,0.06752516750009505,NO
27,288,0.07230613821074494,NO
28,109,0.06873188295422247,NO
29,142,0.0698867303950833,NO
30,47,0.06790677622905993,NO
31,54,0.06790677622905993,NO
32,105,0.06873188295422247,NO
33,528,0.07839961436180039,NO
34,284,0.07260903474427265,NO
35,32,0.06683134573765016,NO
36,35,0.06683134573765016,NO
37,144,0.06938911869797203,NO
38,95,0.06760761938225893,NO
39,164,0.06892772146999594,NO
40,70,0.06760761938225893,NO
41,120,0.06802656672020113,NO
42,38,0.06683134573765016,NO
43,22,0.06683134573765016,NO
44,26,0.06683134573765016,NO
45,21,0.06683134573765016,NO
46,56,0.06720931604665972,NO
47,102,0.06802656672020113,NO
48,107,0.06795610332106086,NO
49,67,0.06713963818958005,NO
50,39,0.0667620316875748,NO
51,52,0.06713963818958005,NO
52,20,0.0667620316875748,NO
53,42,0.06713963818958005,NO
54,36,0.0667620316875748,NO
55,30,0.0667620316875748,NO
56,71,0.06753755849038184,NO
57,57,0.06713963818958005,NO
58,31,0.0667620316875748,NO
59,20,0.0667620316875748,NO
60,90,0.06746751041311114,NO
61,52,0.06706997313872089,NO
62,108,0.06788565274454644,NO
63,20,0.06669273043507493,NO
64,93,0.06746751041311114,NO
65,52,0.06706997313872089,NO
66,121,0.06788565274454644,NO
67,20,0.06669273043507493,NO
68,31,0.06794202703246925,NO
69,109,0.06943836602347976,NO
70,44,0.06797658812755722,NO
71,72,0.06837910522745058,NO
72,99,0.06943836602347976,NO
73,103,0.06943836602347976,NO
74,20,0.06759461553417877,NO
75,71,0.06732745311670515,NO
76,155,0.06999910786470677,NO
77,1468,0.13105084098675182,NO
78,45,0.06182057290310693,NO
79,302,0.06578096941315018,NO
80,3423,0.5881978995755753,NO
81,320,0.07097526303509168,NO
82,241,0.0682657432956434,NO
83,57,0.057623325662562064,NO
84,276,0.06872742840678017,NO
85,59,0.057422596000107566,NO
86,107,0.05806062965085459,NO
87,35,0.05702979448430472,NO
88,93,0.057699258531725306,NO
89,122,0.05806062965085459,NO
90,49,0.06305478079756882,NO
91,60,0.05735573842656924,NO
92,456,0.06408937463603477,NO
93,87,0.0631538004046002,NO
94,130,0.06395996812955815,NO
95,49,0.05675521384706944,NO
96,122,0.05745317456094177,NO
97,99,0.05738581467743986,NO
98,1787,0.16149665254402798,NO
99,464,0.0719704470017467,NO
100,154,0.05571836600613869,NO
101,40,0.05393526040185945,NO
102,516,0.07319819683629851,NO
103,193,0.0659099452867819,NO
104,391,0.06966914596474674,NO
105,49,0.05365611019267757,NO
106,594,0.07890968456593449,NO
107,32,0.05250903092633555,NO
108,73,0.05312841638607946,NO
109,633,0.06295055375620007,NO
110,694,0.07915756739696993,NO
111,442,0.07472443677531063,NO
112,1162,0.10709250139890461,NO
113,278,0.06611561397245234,NO
114,31,0.05001888210341767,NO
115,73,0.05061046327305386,NO
116,59,0.04961005771326943,NO
117,172,0.04987227547789609,NO
118,87,0.0587104832574557,NO
119,166,0.06629795262363276,NO
120,53,0.048291679404340086,NO
121,420,0.07121610368641605,NO
122,219,0.0641829467779046,NO
123,264,0.05054378431989058,NO
124,172,0.06615640235972897,NO
125,38,0.05769596649473103,NO
126,126,0.0627055602008746,NO
127,85,0.047895623212381916,NO
128,67,0.057958393118460586,NO
129,50,0.047483612715550134,NO
130,37,0.04721096078676268,NO
131,286,0.0681450547169845,NO
132,37,0.04702639212433368,NO
133,239,0.04962470621720919,NO
134,41,0.04729803104928511,NO
135,240,0.06754302355093186,NO
136,109,0.058399035630363694,NO
137,215,0.06696406289494382,NO
138,387,0.06706119496851196,NO
139,22,0.05716282190229288,NO
140,100,0.04713795078853079,NO
141,72,0.046779500463896256,NO
142,351,0.07248601107977087,NO
143,232,0.04727314024279775,NO
144,162,0.046465005317209054,NO
145,42,0.04527937359946009,NO
146,458,0.06830173603586569,NO
147,262,0.04770074277643817,NO
148,139,0.04571619776105532,NO
149,69,0.04506831476202457,NO
150,67,0.04479641967504904,NO
151,197,0.04630008320623968,NO
152,930,0.06223150248001005,NO
153,156,0.04560048445631624,NO
154,303,0.05991434766223057,NO
155,25,0.04417992091160713,NO
156,304,0.059843895286553775,NO
157,414,0.0618475127482898,NO
158,1587,0.13963339403011632,NO
159,1653,0.14410172061147142,NO
160,83,0.06606939864087814,NO
161,444,0.0685466219932585,NO
162,274,0.06489087409867321,NO
163,47,0.04039688480798749,NO
164,35,0.040106480685977615,NO
165,208,0.06115370487858609,NO
166,111,0.0594862577745954,NO
167,227,0.04171706367813041,NO
168,351,0.06354374758207733,NO
169,161,0.06014363540709168,NO
170,136,0.04059569907443791,NO
171,422,0.06463223683593039,NO
172,439,0.06975744169692691,NO
173,153,0.05471464407695112,NO
174,112,0.053922705247156005,NO
175,224,0.05544339486804492,NO
176,458,0.07028311032720423,NO
177,2193,0.2216065807834634,NO
178,277,0.06749118012983382,NO
179,738,0.08152674531534909,NO
180,270,0.0651785080014108,NO
181,257,0.06274954524507503,NO
182,88,0.03576609169439841,NO
183,459,0.07397565057051311,NO
184,156,0.05815480611563994,NO
185,654,0.08046802877708681,NO
186,119,0.05105847647587702,NO
187,32,0.03424327697842964,NO
188,197,0.06126436668756367,NO
189,1105,0.09557585708237035,NO
190,628,0.07579225868480396,NO
191,138,0.060148968121013016,NO
192,204,0.06435139840763655,NO
193,550,0.06833071463964054,NO
194,399,0.03608032252435488,NO
195,42,0.03254848981736179,NO
196,42,0.03254848981736179,NO
197,312,0.0626835473054809,NO
198,85,0.0326979784018609,NO
199,478,0.05545544284247348,NO
200,105,0.0594862577745954,NO
201,252,0.05819996270610209,NO
202,163,0.03300095762373198,NO
203,348,0.0657325871641557,NO
204,77,0.03219447809362662,NO
205,98,0.04952413184437347,NO
206,45,0.031997647817633895,NO
207,102,0.056044469108121935,NO
208,44,0.031997647817633895,NO
209,51,0.05529661308791538,NO
210,73,0.05562852828879544,NO
211,55,0.048917496656865844,NO
212,57,0.05863043188794343,NO
213,103,0.05597770082897703,NO
214,121,0.03235120950084029,NO
215,46,0.0319478597379988,NO
216,75,0.032144393917849956,NO
217,226,0.06553423408485906,NO
218,136,0.05973740791374393,NO
219,70,0.03209435814659336,NO
220,160,0.06014363540709168,NO
221,27,0.031711980664776915,NO
222,82,0.03209435814659336,NO
223,96,0.04946064914406839,NO
224,106,0.04946064914406839,NO
225,165,0.050129088215602455,NO
226,72,0.03204437079618071,NO
227,26,0.03166256938976091,NO
228,24,0.03166256938976091,NO
229,810,0.08629918377399001,NO
230,1804,0.15941378138287696,NO
231,48,0.03140337222266664,NO
232,2747,0.35543164400501054,NO
233,69,0.031103831681508272,NO
234,23,0.030732880781510895,NO
235,97,0.0590098003701429,NO
236,144,0.06152706230159287,NO
237,326,0.06480359885713931,NO
238,563,0.07652480827640064,NO
239,22,0.030298570745445546,NO
240,83,0.03066444529810746,NO
241,51,0.030476674749706535,NO
242,43,0.030476674749706535,NO
243,54,0.030476674749706535,NO
244,43,0.030476674749706535,NO
245,47,0.030476674749706535,NO
246,33,0.030298570745445546,NO
247,224,0.056869135354214256,NO
248,595,0.07422137528806348,NO
249,345,0.06676122721728746,NO
250,237,0.031600067279580236,NO
251,137,0.05547376459292792,NO
252,90,0.06191415754596717,NO
253,126,0.04813909418450392,NO
254,47,0.05411356143289538,NO
255,69,0.02946470390442505,NO
256,40,0.029112714208053773,NO
257,130,0.04801339621078541,NO
258,213,0.04892429517333013,NO
259,115,0.0639640530545467,NO
260,167,0.05518217545282556,NO
261,283,0.06076190976460363,NO
262,91,0.05776649199576541,NO
263,312,0.05718888358406424,NO
264,32,0.028185874370801396,NO
265,337,0.057673704695552094,NO
266,807,0.08127193537326743,NO
267,77,0.053847577267348117,NO
268,87,0.04659468774760179,NO
269,387,0.058561253835806806,NO
270,107,0.02833932448143816,NO
271,141,0.028483881304712636,NO
272,814,0.07485246803177505,NO
273,38,0.027548672683415192,NO
274,47,0.02771107390728854,NO
275,23,0.027548672683415192,NO
276,23,0.027548672683415192,NO
277,101,0.04670439649806346,NO
278,91,0.05365106507190396,NO
279,272,0.06446006931027247,NO
280,23,0.027458423693855278,NO
281,80,0.02779098457755449,NO
282,97,0.027970599987113424,NO
283,382,0.030296772534928684,NO
284,239,0.02896095554221489,NO
285,44,0.02757499857380416,NO
286,76,0.027745403150800027,NO
287,28,0.027413372337295735,NO
288,89,0.027745403150800027,NO
289,37,0.027413372337295735,NO
290,36,0.027413372337295735,NO
291,105,0.02792473242555137,NO
292,193,0.028517855810379095,NO
293,70,0.027745403150800027,NO
294,140,0.028113140925678286,NO
295,25,0.02736836974339369,NO
296,160,0.028264358544929175,NO
297,23,0.02736836974339369,NO
298,139,0.028067022722264603,NO
299,111,0.046580875539108134,NO
300,158,0.028217975709920642,NO
301,34,0.027323415914892183,NO
302,357,0.049854328636917855,NO
303,70,0.02765438815622614,NO
304,88,0.027608954594110294,NO
305,79,0.02706759737622717,NO
306,934,0.03758426898978556,NO
307,67,0.026812239772749664,NO
308,216,0.027940603138756032,NO
309,265,0.04814780604240738,NO
310,155,0.046713471897624224,NO
311,23,0.026610788449157083,NO
312,45,0.026767812973105622,NO
313,23,0.026610788449157083,NO
314,404,0.029449932705291382,NO
315,246,0.02788215595933037,NO
316,576,0.0742857230670662,NO
317,28,0.025522311311874935,NO
318,467,0.07035960301357012,NO
319,508,0.07366824896038039,NO
320,526,0.06923177758737248,NO
321,82,0.025015644319149016,NO
322,532,0.07155836419515964,NO
323,266,0.0634579826225278,NO
324,274,0.025184581985980826,NO
325,28,0.02208772462360268,NO
326,69,0.022356733934398014,NO
327,139,0.055674235973630325,NO
328,103,0.021643356152603772,NO
329,46,0.0213705617743927,NO
330,220,0.052172945864486384,NO
331,89,0.04179991801219823,NO
332,98,0.04206615672551147,NO
333,2186,0.2191211564631808,NO
334,41,0.019422521177831824,NO
335,85,0.054110028493046136,NO
336,169,0.06021260320379993,NO
337,346,0.05306273507366336,NO
338,131,0.04985079822506146,NO
339,66,0.019210376099224977,NO
340,106,0.040441810220836524,NO
341,46,0.019210376099224977,NO
342,157,0.06271132567891655,NO
343,185,0.06315364168433006,NO
344,126,0.05460822870637425,NO
345,66,0.048792042675272526,NO
346,67,0.048792042675272526,NO
347,289,0.0571196206452613,NO
348,94,0.019083251768924808,NO
349,44,0.039715238783032354,NO
350,95,0.03995758338535012,NO
351,44,0.018965009983960245,NO
352,23,0.018818208666813163,NO
353,23,0.018818208666813163,NO
354,763,0.07885590106692585,NO
355,398,0.05280931220299597,NO
356,333,0.05669927904691666,NO
357,138,0.017487021989940316,NO
358,59,0.01711632446865597,NO
359,78,0.017223242545721107,NO
360,53,0.01711632446865597,NO
361,521,0.06954081145634014,NO
362,23,0.016759089015466626,NO
363,45,0.016858987638120337,NO
364,79,0.016964325990806675,NO
365,222,0.039505942587633826,NO
366,107,0.01707519678602493,NO
367,168,0.03892974981288072,NO
368,192,0.017408961260557455,NO
369,91,0.016932166643568156,NO
370,252,0.01768259687583007,NO
371,282,0.04013514756466398,NO
372,23,0.01672731211648023,NO
373,342,0.06037601196286866,NO
374,69,0.016740165427474207,NO
375,21,0.016537594757719352,NO
376,39,0.016537594757719352,NO
377,22,0.016537594757719352,NO
378,217,0.06010749238224356,NO
379,22,0.016506132284259786,NO
380,76,0.0475222128361597,NO
381,111,0.038181882207121265,NO
382,81,0.0379392536055441,NO
383,106,0.05306981610289029,NO
384,112,0.047823079842187206,NO
385,87,0.0475222128361597,NO
386,132,0.0533527689508407,NO
387,97,0.038181882207121265,NO
388,133,0.03838083623745442,NO
389,177,0.04840723742600139,NO
390,148,0.0533527689508407,NO
391,104,0.03807079409267078,NO
392,120,0.03807079409267078,NO
393,137,0.04807622602624064,NO
394,76,0.03782884364182303,NO
395,89,0.03782884364182303,NO
396,23,0.016318297472915886,NO
397,24,0.016318297472915886,NO
398,62,0.03759890430503405,NO
399,67,0.052292921447207534,NO
400,66,0.016415612465019214,NO
401,63,0.03754408994745239,NO
402,22,0.01628714808499607,NO
403,60,0.01638428041019859,NO
404,38,0.01628714808499607,NO
405,63,0.01638428041019859,NO
406,23,0.01628714808499607,NO
407,79,0.016486702435655236,NO
408,23,0.01628714808499607,NO
409,176,0.016826634696098942,NO
410,149,0.01670778164155582,NO
411,23,0.01628714808499607,NO
412,37,0.01628714808499607,NO
413,43,0.01638428041019859,NO
414,49,0.03754408994745239,NO
415,418,0.06537152322264603,NO
416,23,0.016162996410434085,NO
417,58,0.03705281315005533,NO
418,23,0.015673492062684966,NO
419,80,0.03717023339949732,NO
420,23,0.015582968832248877,NO
421,91,0.015774033744874266,NO
422,23,0.015582968832248877,NO
423,23,0.015582968832248877,NO
424,25,0.015582968832248877,NO
425,48,0.015675968536959278,NO
426,52,0.015645705374705058,NO
427,53,0.015645705374705058,NO
428,57,0.036889877705411966,NO
429,24,0.015522839840797524,NO
430,26,0.015522839840797524,NO
431,60,0.036889877705411966,NO
432,334,0.03970474292623413,NO
433,42,0.015615486385928516,NO
434,60,0.015615486385928516,NO
435,294,0.039306954856259124,NO
436,77,0.04684118206056705,NO
437,677,0.04532854469161957,NO
438,56,0.015465053002865162,NO
439,163,0.01588299009213007,NO
440,56,0.015465053002865162,NO
441,133,0.01577069544993987,NO
442,536,0.07089980260161402,NO
443,121,0.036861015704678944,NO
444,77,0.01517345277434503,NO
445,175,0.015276499499877855,NO
446,81,0.014967406385179398,NO
447,432,0.040309160317615264,NO
448,129,0.015020631299954314,NO
449,48,0.014729307854947138,NO
450,164,0.036980653404876794,NO
451,172,0.015098033884901307,NO
452,43,0.014671621747116875,NO
453,73,0.014763498231145984,NO
454,302,0.048934301279882825,NO
455,551,0.04189787289923908,NO
456,424,0.016369194298581972,NO
457,732,0.018572966135232162,NO
458,562,0.01721061822736612,NO
459,493,0.016647228738452244,NO
460,416,0.016111871064966542,NO
461,359,0.015807703671674566,NO
462,23,0.01444187113417048,NO
463,23,0.01444187113417048,NO
464,694,0.018027812316735826,NO
465,177,0.03681627107638469,NO
466,116,0.014686001262846776,NO
467,20,0.014413475331796223,NO
468,69,0.014590413453052483,NO
469,62,0.014499598261322286,NO
470,34,0.014413475331796223,NO
471,23,0.014413475331796223,NO
472,41,0.014499598261322286,NO
473,50,0.014499598261322286,NO
474,55,0.014499598261322286,NO
475,1468,0.029042964058605875,NO
476,187,0.014855247249638133,NO
477,162,0.014716819527072562,NO
478,23,0.014243996679759495,NO
479,143,0.014612647425190764,NO
480,74,0.01441888473828938,NO
481,109,0.014484744420101009,NO
482,144,0.014583833610780252,NO
483,75,0.014390447413370476,NO
484,112,0.03610289425932317,NO
485,33,0.014215899298856626,NO
486,92,0.014390447413370476,NO
487,108,0.014484744420101009,NO
488,612,0.017107264686271013,NO
489,20,0.014215899298856626,NO
490,20,0.035447236020156446,NO
491,199,0.014796746779237984,NO
492,56,0.014300858808266627,NO
493,200,0.056384939177366276,NO
494,60,0.014244461286200038,NO
495,75,0.014333701723227572,NO
496,150,0.014526336582206957,NO
497,40,0.014159832013918206,NO
498,20,0.014131862045184634,NO
499,60,0.014216326559607521,NO
500,88,0.051444117088513534,NO
501,67,0.04564325393904873,NO
502,76,0.03581951440011685,NO
503,21,0.03539437775746497,NO
504,53,0.014216326559607521,NO
505,114,0.03599534250327122,NO
506,121,0.05176846445164923,NO
507,78,0.014305393292702785,NO
508,20,0.035341565876730235,NO
509,69,0.03576609169439841,NO
510,80,0.03576609169439841,NO
511,79,0.045858945961073413,NO
512,81,0.014277127761608088,NO
513,88,0.045858945961073413,NO
514,20,0.035341565876730235,NO
515,105,0.0461497929056281,NO
516,60,0.05113581684245955,NO
517,50,0.014188234479247656,NO
518,28,0.014103934482410168,NO
519,129,0.046455289645235556,NO
520,43,0.03554822737939943,NO
521,76,0.014277127761608088,NO
522,63,0.014188234479247656,NO
523,65,0.04558250871477723,NO
524,76,0.03576609169439841,NO
525,45,0.014160185012477282,NO
526,20,0.035341565876730235,NO
527,212,0.014764178424612757,NO
528,95,0.014248905097144726,NO
529,34,0.014076049293099767,NO
530,35,0.014076049293099767,NO
531,34,0.014076049293099767,NO
532,32,0.014076049293099767,NO
533,188,0.01465126756817782,NO
534,53,0.014160185012477282,NO
535,30,0.014076049293099767,NO
536,101,0.014342288109009681,NO
537,125,0.01444041704488477,NO
538,179,0.01465126756817782,NO
539,123,0.01444041704488477,NO
540,88,0.014248905097144726,NO
541,88,0.014248905097144726,NO
542,171,0.014543379454966048,NO
543,31,0.014076049293099767,NO
544,30,0.014076049293099767,NO
545,31,0.014076049293099767,NO
546,77,0.014248905097144726,NO
547,77,0.014248905097144726,NO
548,86,0.03576609169439841,NO
549,92,0.0357127158641982,NO
550,61,0.014160185012477282,NO
551,64,0.014132178126650238,NO
552,64,0.014132178126650238,NO
553,103,0.014313926278031346,NO
554,46,0.014132178126650238,NO
555,48,0.014132178126650238,NO
556,48,0.014132178126650238,NO
557,49,0.014132178126650238,NO
558,49,0.035495164712182524,NO
559,130,0.014411864001546124,NO
560,82,0.014220725266510779,NO
561,25,0.014048206444755497,NO
562,193,0.014622303795579144,NO
563,114,0.014313926278031346,NO
564,114,0.014313926278031346,NO
565,132,0.014411864001546124,NO
566,79,0.014220725266510779,NO
567,79,0.014220725266510779,NO
568,34,0.014048206444755497,NO
569,49,0.014132178126650238,NO
570,44,0.014132178126650238,NO
571,58,0.014132178126650238,NO
572,92,0.014220725266510779,NO
573,92,0.014220725266510779,NO
574,109,0.014313926278031346,NO
575,80,0.014220725266510779,NO
576,22,0.014048206444755497,NO
577,22,0.014048206444755497,NO
578,205,0.014734994778912597,NO
579,73,0.014220725266510779,NO
580,52,0.014132178126650238,NO
581,85,0.014220725266510779,NO
582,69,0.014220725266510779,NO
583,21,0.014048206444755497,NO
584,104,0.014313926278031346,NO
585,82,0.007155122426744642,NO
586,125,0.007251992044845028,NO
587,180,0.028471093141562664,NO
588,95,0.02769987100937687,NO
589,214,0.007382168769882519,NO
590,40,0.038981089610999047,NO
591,37,0.038981089610999047,NO
592,22,0.038981089610999047,NO
593,26,0.038981089610999047,NO
594,77,0.03944754592898412,NO
595,116,0.039699422306997426,NO
596,274,0.04148578907407076,NO
597,29,0.038981089610999047,NO
598,99,0.039699422306997426,NO
599,262,0.04148578907407076,NO
600,95,0.03944754592898412,NO
601,46,0.039208168392960256,NO
602,22,0.038981089610999047,NO
603,74,0.03944754592898412,NO
604,69,0.03944754592898412,NO
605,76,0.03944754592898412,NO
606,175,0.040241527501525404,NO
607,78,0.03944754592898412,NO
608,69,0.03944754592898412,NO
609,100,0.039699422306997426,NO
610,83,0.03944754592898412,NO
611,22,0.038981089610999047,NO
612,82,0.03944754592898412,NO
613,62,0.039208168392960256,NO
614,68,0.039208168392960256,NO
615,59,0.039208168392960256,NO
616,112,0.039699422306997426,NO
617,68,0.039208168392960256,NO
618,54,0.039208168392960256,NO
619,94,0.03944754592898412,NO
620,80,0.03944754592898412,NO
621,22,0.038981089610999047,NO
622,21,0.038981089610999047,NO
623,76,0.03944754592898412,NO
624,63,0.039208168392960256,NO
625,43,0.039208168392960256,NO
626,86,0.03944754592898412,NO
627,67,0.039208168392960256,NO
628,80,0.03944754592898412,NO
629,97,0.039699422306997426,NO
630,76,0.03944754592898412,NO
631,65,0.039208168392960256,NO
632,22,0.038981089610999047,NO
633,47,0.039208168392960256,NO
634,35,0.038981089610999047,NO
635,31,0.038981089610999047,NO
636,35,0.038981089610999047,NO
637,41,0.039208168392960256,NO
638,36,0.038981089610999047,NO
639,59,0.039208168392960256,NO
640,39,0.038981089610999047,NO
641,41,0.039208168392960256,NO
642,36,0.038981089610999047,NO
643,33,0.038981089610999047,NO
644,52,0.039208168392960256,NO
645,21,0.038981089610999047,NO
646,27,0.038981089610999047,NO
647,26,0.038981089610999047,NO
648,29,0.038981089610999047,NO
649,33,0.038981089610999047,NO
650,28,0.038981089610999047,NO
651,28,0.038981089610999047,NO
652,33,0.038981089610999047,NO
653,232,0.0408363107111076,NO
654,24,0.038981089610999047,NO
655,27,0.038981089610999047,NO
656,37,0.038981089610999047,NO
657,41,0.039208168392960256,NO
658,18,0.038981089610999047,NO
659,21,0.038981089610999047,NO
660,43,0.039208168392960256,NO
661,45,0.039208168392960256,NO
662,46,0.039208168392960256,NO
663,42,0.039208168392960256,NO
664,28,0.038981089610999047,NO
665,51,0.039208168392960256,NO
666,50,0.039208168392960256,NO
667,31,0.038981089610999047,NO
668,18,0.038981089610999047,NO
669,23,0.038981089610999047,NO
670,29,0.038981089610999047,NO
671,22,0.038981089610999047,NO
672,192,0.04047427817169782,NO
673,39,0.03892528207344956,NO
674,40,0.03892528207344956,NO
675,90,0.03939109795872641,NO
676,33,0.03892528207344956,NO
677,33,0.03892528207344956,NO
678,37,0.03892528207344956,NO
679,39,0.03892528207344956,NO
680,58,0.03915204900112874,NO
681,22,0.03892528207344956,NO
682,22,0.03892528207344956,NO
683,58,0.03915204900112874,NO
684,22,0.03892528207344956,NO
685,82,0.03939109795872641,NO
686,64,0.03915204900112874,NO
687,65,0.03915204900112874,NO
688,21,0.03892528207344956,NO
689,22,0.03892528207344956,NO
690,107,0.03964262878602153,NO
691,127,0.039906852369093734,NO
692,47,0.03915204900112874,NO
693,133,0.039906852369093734,NO
694,22,0.03892528207344956,NO
695,21,0.03892528207344956,NO
696,109,0.03964262878602153,NO
697,23,0.03892528207344956,NO
698,39,0.03892528207344956,NO
699,40,0.03892528207344956,NO
700,31,0.03892528207344956,NO
701,31,0.03892528207344956,NO
702,31,0.03892528207344956,NO
703,31,0.03892528207344956,NO
704,42,0.03915204900112874,NO
705,31,0.03892528207344956,NO
706,31,0.03892528207344956,NO
707,22,0.03892528207344956,NO
708,125,0.039906852369093734,NO
709,163,0.04018399090350454,NO
710,21,0.03892528207344956,NO
711,185,0.04047427817169782,NO
712,29,0.03892528207344956,NO
713,93,0.03939109795872641,NO
714,61,0.03915204900112874,NO
715,71,0.03939109795872641,NO
716,22,0.03892528207344956,NO
717,142,0.039906852369093734,NO
718,78,0.03939109795872641,NO
719,122,0.03964262878602153,NO
720,237,0.04109529374028177,NO
721,153,0.04018399090350454,NO
722,59,0.03915204900112874,NO
723,35,0.03892528207344956,NO
724,42,0.03915204900112874,NO
725,45,0.03915204900112874,NO
726,100,0.03964262878602153,NO
727,78,0.03939109795872641,NO
728,62,0.03915204900112874,NO
729,25,0.03892528207344956,NO
730,95,0.03939109795872641,NO
731,22,0.03886951881925784,NO
732,22,0.03886951881925784,NO
733,117,0.03958588020937521,NO
734,23,0.03886951881925784,NO
735,90,0.03933469470165336,NO
736,22,0.03886951881925784,NO
737,36,0.03886951881925784,NO
738,135,0.03984974125019925,NO
739,67,0.039095974102188166,NO
740,162,0.04012649974503557,NO
741,122,0.03958588020937521,NO
742,76,0.03933469470165336,NO
743,22,0.03886951881925784,NO
744,82,0.03933469470165336,NO
745,352,0.042446086334919225,NO
746,308,0.04171234814154681,NO
747,266,0.041367357975534716,NO
748,38,0.03886951881925784,NO
749,89,0.03933469470165336,NO
750,18,0.03886951881925784,NO
751,57,0.039095974102188166,NO
752,86,0.03933469470165336,NO
753,69,0.03933469470165336,NO
754,25,0.03886951881925784,NO
755,31,0.03886951881925784,NO
756,21,0.03886951881925784,NO
757,158,0.04012649974503557,NO
758,21,0.03886951881925784,NO
759,38,0.03886951881925784,NO
760,51,0.039095974102188166,NO
761,23,0.03886951881925784,NO
762,126,0.03984974125019925,NO
763,38,0.03886951881925784,NO
764,55,0.039039943733906284,NO
765,22,0.038813799885891904,NO
766,47,0.039039943733906284,NO
767,37,0.038813799885891904,NO
768,24,0.038813799885891904,NO
769,41,0.039039943733906284,NO
770,38,0.038813799885891904,NO
771,48,0.039039943733906284,NO
772,22,0.038813799885891904,NO
773,60,0.039039943733906284,NO
774,35,0.038813799885891904,NO
775,42,0.039039943733906284,NO
776,67,0.039039943733906284,NO
777,33,0.038813799885891904,NO
778,76,0.039278336195849514,NO
779,91,0.039278336195849514,NO
780,38,0.038813799885891904,NO
781,97,0.03952917661547736,NO
782,28,0.038813799885891904,NO
783,36,0.038813799885891904,NO
784,23,0.038813799885891904,NO
785,35,0.006892849124837251,NO
786,21,0.006892849124837251,NO
787,161,0.028032946179928048,NO
788,22,0.02714408830446943,NO
789,72,0.027472949679819374,NO
790,33,0.02714408830446943,NO
791,32,0.006877132216179691,NO
792,187,0.007160302999034806,NO
793,28,0.006877132216179691,NO
794,39,0.006877132216179691,NO
795,21,0.006877132216179691,NO
796,31,0.006877132216179691,NO
797,21,0.006877132216179691,NO
798,22,0.027099378339007007,NO
799,27,0.006877132216179691,NO
800,62,0.006918540337515086,NO
801,95,0.027427713306972645,NO
802,22,0.027099378339007007,NO
803,208,0.007215907061002633,NO
804,54,0.027259205187992092,NO
805,21,0.027099378339007007,NO
806,57,0.006918540337515086,NO
807,37,0.006877132216179691,NO
808,36,0.006877132216179691,NO
809,28,0.006877132216179691,NO
810,57,0.006918540337515086,NO
811,94,0.00696220860939445,NO
812,35,0.006877132216179691,NO
813,44,0.027259205187992092,NO
814,31,0.006877132216179691,NO
815,31,0.006877132216179691,NO
816,22,0.027099378339007007,NO
817,41,0.006918540337515086,NO
818,185,0.02819157770731978,NO
819,48,0.027259205187992092,NO
820,46,0.027259205187992092,NO
821,34,0.006877132216179691,NO
822,80,0.00696220860939445,NO
823,55,0.006918540337515086,NO
824,59,0.006918540337515086,NO
825,88,0.00696220860939445,NO
826,21,0.006877132216179691,NO
827,40,0.006877132216179691,NO
828,235,0.040977861618338114,NO
829,22,0.027099378339007007,NO
830,202,0.02819157770731978,NO
831,108,0.027605047529814443,NO
832,32,0.0068614449905798226,NO
833,556,0.045444381492941804,NO
834,768,0.06408560297953009,NO
835,531,0.03139779990062725,NO
836,1078,0.058606640700366246,NO
837,347,0.0423248943528351,NO
838,724,0.057055816906828816,NO
839,409,0.05057890857825273,NO
840,1383,0.0843581778101547,NO
841,1336,0.06953688018383662,NO
842,291,0.02901174476478282,NO
843,113,0.006912724203350169,NO
844,89,0.027337388471935307,NO
845,292,0.04153363659812934,NO
846,218,0.02831237736801822,NO
847,3601,0.42190946099530424,NO
848,72,0.02729230001353914,NO
849,231,0.028265727559306463,NO
850,70,0.0068673782387910914,NO
851,63,0.006824300673186317,NO
852,110,0.006912724203350169,NO
853,158,0.006994362324796832,NO
854,227,0.007101377298106618,NO
855,343,0.02948036452979688,NO
856,1157,0.061467458918921365,NO
857,73,0.0068516777192326106,NO
858,72,0.0068516777192326106,NO
859,981,0.07154202114123648,NO
860,765,0.03481878915336253,NO
861,62,0.006777581250081888,NO
862,409,0.029990154425307922,NO
863,234,0.028441627595406662,NO
864,74,0.006820365930246243,NO
865,58,0.006777581250081888,NO
866,21,0.00673701105897897,NO
867,931,0.054132094020516566,NO
868,21,0.00673701105897897,NO
869,77,0.006820365930246243,NO
870,85,0.006820365930246243,NO
871,427,0.03028597863373681,NO
872,198,0.007014453004836032,NO
873,79,0.006820365930246243,NO
874,52,0.006777581250081888,NO
875,217,0.007068932517930304,NO
876,279,0.04113105536698221,NO
877,22,0.026921026283030815,NO
878,25,0.00673701105897897,NO
879,42,0.006777581250081888,NO
880,67,0.006777581250081888,NO
881,23,0.00673701105897897,NO
882,637,0.046813601972642005,NO
883,23,0.00672158921244104,NO
884,37,0.00672158921244104,NO
885,35,0.00672158921244104,NO
886,35,0.026921026283030815,NO
887,84,0.02724726086352441,NO
888,449,0.04341213281436952,NO
889,58,0.006762067165642694,NO
890,92,0.006804754581379524,NO
891,32,0.00672158921244104,NO
892,521,0.05257626425869327,NO
893,24,0.006706196656124246,NO
894,42,0.027035109457049518,NO
895,42,0.027035109457049518,NO
896,36,0.02687656022837198,NO
897,21,0.006706196656124246,NO
898,94,0.027202271023428277,NO
899,388,0.04253019224008068,NO
900,21,0.006706196656124246,NO
901,53,0.0067465825437162666,NO
902,21,0.006706196656124246,NO
903,105,0.02737818867822601,NO
904,76,0.027202271023428277,NO
905,29,0.006706196656124246,NO
906,48,0.0067465825437162666,NO
907,137,0.02756301420065459,NO
908,21,0.006706196656124246,NO
909,42,0.0067465825437162666,NO
910,21,0.006706196656124246,NO
911,646,0.06084332582851634,NO
912,132,0.04651714128680874,NO
913,90,0.0067891728766687484,NO
914,499,0.05694642559803057,NO
915,268,0.04827590892361745,NO
916,135,0.04651714128680874,NO
917,240,0.04074355385531834,NO
918,383,0.04253019224008068,NO
919,21,0.00669083335082059,NO
920,768,0.058369052532499834,NO
921,21,0.006675499257279952,NO
922,83,0.02715733049468685,NO
923,886,0.06736211442658133,NO
924,287,0.041414730693952975,NO
925,63,0.00670030505863286,NO
926,129,0.039508025611926595,NO
927,71,0.02715733049468685,NO
928,21,0.0066601943363012355,NO
929,400,0.02989144924441236,NO
930,961,0.07031566379456383,NO
931,76,0.027112439278565534,NO
932,21,0.0066601943363012355,NO
933,21,0.0066601943363012355,NO
934,123,0.04651714128680874,NO
935,151,0.039782509205784806,NO
936,21,0.0066601943363012355,NO
937,131,0.006833928426845665,NO
938,189,0.006934494920327805,NO
939,37,0.0066601943363012355,NO
940,61,0.026945814449395453,NO
941,21,0.0066601943363012355,NO
942,81,0.006742605230793371,NO
943,74,0.027112439278565534,NO
944,58,0.00670030505863286,NO
945,51,0.00670030505863286,NO
946,26,0.0066601943363012355,NO
947,21,0.006644918548680185,NO
948,54,0.006684937892387193,NO
949,43,0.006684937892387193,NO
950,33,0.006644918548680185,NO
951,36,0.006644918548680185,NO
952,37,0.006644918548680185,NO
953,28,0.006644918548680185,NO
954,34,0.006644918548680185,NO
955,36,0.006644918548680185,NO
956,34,0.006644918548680185,NO
957,99,0.03924633472103654,NO
958,52,0.026945814449395453,NO
959,128,0.006818256898729894,NO
960,38,0.006644918548680185,NO
961,525,0.0574674429710148,NO
962,1361,0.09531725273573997,NO
963,129,0.03945123187463203,NO
964,21,0.006599265593988135,NO
965,114,0.006725050798351668,NO
966,72,0.006680927648317564,NO
967,70,0.006680927648317564,NO
968,42,0.006639011828152862,NO
969,99,0.006725050798351668,NO
970,163,0.006820080841463365,NO
971,46,0.006639011828152862,NO
972,85,0.006680927648317564,NO
973,247,0.006980251002985263,NO
974,36,0.006584105947922315,NO
975,37,0.006584105947922315,NO
976,49,0.006623761486956323,NO
977,21,0.006584105947922315,NO
978,39,0.006584105947922315,NO
979,227,0.040312811416961525,NO
980,55,0.02685671561913708,NO
981,175,0.006804417419336722,NO
982,102,0.02719759428010515,NO
983,64,0.006623761486956323,NO
984,67,0.006623761486956323,NO
985,180,0.027775714501315676,NO
986,127,0.0067558687384291554,NO
987,51,0.006623761486956323,NO
988,120,0.006709604153696757,NO
989,21,0.006584105947922315,NO
990,138,0.03945123187463203,NO
991,181,0.027775714501315676,NO
992,61,0.006623761486956323,NO
993,21,0.006584105947922315,NO
994,114,0.006709604153696757,NO
995,66,0.006623761486956323,NO
996,72,0.006665581669207566,NO
997,75,0.006665581669207566,NO
998,33,0.006584105947922315,NO
999,21,0.006584105947922315,NO
1000,46,0.006623761486956323,NO
1001,46,0.006623761486956323,NO
1002,51,0.006623761486956323,NO
1003,38,0.006584105947922315,NO
1004,40,0.006584105947922315,NO
1005,21,0.006584105947922315,NO
1006,781,0.035000820557189095,NO
1007,1323,0.047473920629555445,NO
1008,21,0.006568975239303537,NO
1009,2645,0.21215759702251538,NO
1010,246,0.006932256567954739,NO
1011,21,0.006553873429035791,NO
1012,100,0.0066787992535718484,NO
1013,57,0.00659334808857396,NO
1014,68,0.00659334808857396,NO
1015,372,0.029412769374373704,NO
1016,147,0.027335914889719114,NO
1017,45,0.00659334808857396,NO
1018,116,0.03913351416922668,NO
1019,40,0.006553873429035791,NO
1020,97,0.0066787992535718484,NO
1021,758,0.04952590427329002,NO
1022,21,0.006553873429035791,NO
1023,55,0.00659334808857396,NO
1024,199,0.027729760120897676,NO
1025,64,0.006578184952691929,NO
1026,103,0.03913351416922668,NO
1027,71,0.006619719297729502,NO
1028,245,0.04056831120572193,NO
1029,21,0.006538800477955136,NO
1030,343,0.04196246347518936,NO
1031,244,0.006916319449419704,NO
1032,142,0.039394483629382915,NO
1033,22,0.026610788449157083,NO
1034,266,0.006974073514579823,NO
1035,126,0.006709389344943606,NO
1036,170,0.006742062158838741,NO
1037,648,0.008057421035756514,NO
1038,150,0.006693955376516519,NO
1039,65,0.006563050806553509,NO
1040,119,0.006648111940231117,NO
1041,42,0.006563050806553509,NO
1042,54,0.006563050806553509,NO
1043,32,0.0065237563469446565,NO
1044,30,0.0065237563469446565,NO
1045,40,0.0065237563469446565,NO
1046,30,0.0065237563469446565,NO
1047,34,0.0065237563469446565,NO
1048,58,0.006563050806553509,NO
1049,34,0.0065237563469446565,NO
1050,34,0.0065237563469446565,NO
1051,30,0.0065237563469446565,NO
1052,30,0.0065237563469446565,NO
1053,49,0.006563050806553509,NO
1054,34,0.0065237563469446565,NO
1055,38,0.0065237563469446565,NO
1056,30,0.0065237563469446565,NO
1057,34,0.0065237563469446565,NO
1058,31,0.0065237563469446565,NO
1059,42,0.006563050806553509,NO
1060,30,0.0065237563469446565,NO
1061,29,0.0065237563469446565,NO
1062,30,0.0065237563469446565,NO
1063,31,0.0065237563469446565,NO
1064,32,0.0065237563469446565,NO
1065,31,0.0065237563469446565,NO
1066,30,0.0065237563469446565,NO
1067,34,0.0065237563469446565,NO
1068,30,0.0065237563469446565,NO
1069,37,0.0065237563469446565,NO
1070,38,0.0065237563469446565,NO
1071,31,0.0065237563469446565,NO
1072,32,0.0065237563469446565,NO
1073,31,0.0065237563469446565,NO
1074,34,0.0065237563469446565,NO
1075,30,0.0065237563469446565,NO
1076,122,0.006648111940231117,NO
1077,30,0.0065237563469446565,NO
1078,30,0.0065237563469446565,NO
1079,30,0.0065237563469446565,NO
1080,45,0.006563050806553509,NO
1081,38,0.0065237563469446565,NO
1082,30,0.0065237563469446565,NO
1083,43,0.006563050806553509,NO
1084,31,0.0065237563469446565,NO
1085,21,0.0065087409968744205,NO
1086,21,0.0065087409968744205,NO
1087,110,0.03907717180115357,NO
1088,59,0.03859330837173432,NO
1089,22,0.03836964841337582,NO
1090,354,0.04190222575260883,NO
1091,38,0.03836964841337582,NO
1092,22,0.03836964841337582,NO
1093,69,0.038829083713207965,NO
1094,324,0.048896822772560536,NO
1095,100,0.03902087475428852,NO
1096,18,0.03831433002739359,NO
1097,51,0.03853768045267804,NO
1098,247,0.052308883874413514,NO
1099,33,0.03831433002739359,NO
1100,34,0.03825905632811087,NO
1101,34,0.03825905632811087,NO
1102,18,0.03825905632811087,NO
1103,37,0.03825905632811087,NO
1104,18,0.03825905632811087,NO
1105,49,0.0384820974331036,NO
1106,138,0.03922451221950193,NO
1107,109,0.03896462306540411,NO
1108,79,0.03871722072246917,NO
1109,68,0.0384820974331036,NO
1110,73,0.03871722072246917,NO
1111,18,0.03825905632811087,NO
1112,53,0.0384820974331036,NO
1113,44,0.0384820974331036,NO
1114,22,0.03825905632811087,NO
1115,18,0.03825905632811087,NO
1116,85,0.045675895545381866,NO
1117,131,0.04626997429907543,NO
1118,53,0.0384820974331036,NO
1119,57,0.0384820974331036,NO
1120,64,0.0384820974331036,NO
1121,18,0.03825905632811087,NO
1122,75,0.03871722072246917,NO
1123,66,0.0384820974331036,NO
1124,74,0.03871722072246917,NO
1125,33,0.03825905632811087,NO
1126,54,0.0384820974331036,NO
1127,53,0.0384820974331036,NO
1128,23,0.03825905632811087,NO
1129,39,0.03825905632811087,NO
1130,50,0.0384820974331036,NO
1131,31,0.03825905632811087,NO
1132,39,0.03825905632811087,NO
1133,39,0.03825905632811087,NO
1134,22,0.03825905632811087,NO
1135,27,0.03825905632811087,NO
1136,28,0.03825905632811087,NO
1137,30,0.03825905632811087,NO
1138,34,0.03825905632811087,NO
1139,41,0.0384820974331036,NO
1140,59,0.0384820974331036,NO
1141,31,0.03825905632811087,NO
1142,51,0.0384820974331036,NO
1143,72,0.03871722072246917,NO
1144,23,0.03825905632811087,NO
1145,507,0.04431883740323601,NO
1146,48,0.0384820974331036,NO
1147,77,0.03871722072246917,NO
1148,43,0.0384820974331036,NO
1149,38,0.03825905632811087,NO
1150,47,0.0384820974331036,NO
1151,22,0.03825905632811087,NO
1152,22,0.03825905632811087,NO
1153,86,0.03871722072246917,NO
1154,43,0.0384820974331036,NO
1155,518,0.04431883740323601,NO
1156,37,0.03825905632811087,NO
1157,23,0.03825905632811087,NO
1158,97,0.03896462306540411,NO
1159,107,0.03896462306540411,NO
1160,177,0.03949710709103899,NO
1161,688,0.047473977238278654,NO
1162,23,0.03825905632811087,NO
1163,152,0.03949710709103899,NO
1164,139,0.03922451221950193,NO
1165,140,0.03922451221950193,NO
1166,129,0.03922451221950193,NO
1167,1046,0.056957327760249435,NO
1168,46,0.0384820974331036,NO
1169,271,0.04071932785320024,NO
1170,112,0.03896462306540411,NO
1171,95,0.03871722072246917,NO
1172,107,0.03896462306540411,NO
1173,143,0.03922451221950193,NO
1174,22,0.03825905632811087,NO
1175,22,0.03825905632811087,NO
1176,22,0.03825905632811087,NO
1177,44,0.0384820974331036,NO
1178,77,0.03871722072246917,NO
1179,168,0.03944016421338648,NO
1180,236,0.04033530724789937,NO
1181,131,0.039167946315218874,NO
1182,154,0.006573029486667332,NO
1183,232,0.006673641317907475,NO
1184,142,0.0065261208822375,NO
1185,23,0.006360161851646602,NO
1186,110,0.03890841677109304,NO
1187,21,0.03820382735120024,NO
1188,22,0.03820382735120024,NO
1189,22,0.03820382735120024,NO
1190,22,0.03820382735120024,NO
1191,42,0.038426559348973516,NO
1192,46,0.03837106623612515,NO
1193,18,0.03814864313220975,NO
1194,39,0.03814864313220975,NO
1195,22,0.03814864313220975,NO
1196,38,0.03814864313220975,NO
1197,25,0.03814864313220975,NO
1198,104,0.03885225590782134,NO
1199,22,0.03814864313220975,NO
1200,92,0.03860553836952287,NO
1201,22,0.03814864313220975,NO
1202,17,0.03814864313220975,NO
1203,58,0.03837106623612515,NO
1204,31,0.03814864313220975,NO
1205,27,0.03814864313220975,NO
1206,36,0.03814864313220975,NO
1207,58,0.03837106623612515,NO
1208,31,0.03814864313220975,NO
1209,22,0.03814864313220975,NO
1210,68,0.03837106623612515,NO
1211,17,0.03814864313220975,NO
1212,31,0.03814864313220975,NO
1213,28,0.03814864313220975,NO
1214,31,0.03814864313220975,NO
1215,36,0.03814864313220975,NO
1216,17,0.03814864313220975,NO
1217,17,0.03814864313220975,NO
1218,144,0.03911142608856674,NO
1219,123,0.03911142608856674,NO
1220,44,0.03837106623612515,NO
1221,70,0.03860553836952287,NO
1222,208,0.03996589334752836,NO
1223,106,0.03885225590782134,NO
1224,36,0.03814864313220975,NO
1225,338,0.041294106987021906,NO
1226,292,0.04094099506154612,NO
1227,22,0.03814864313220975,NO
1228,56,0.03837106623612515,NO
1229,56,0.03837106623612515,NO
1230,36,0.03814864313220975,NO
1231,145,0.03911142608856674,NO
1232,37,0.03814864313220975,NO
1233,662,0.04676699694127512,NO
1234,22,0.038093503706485454,NO
1235,475,0.04322205838067719,NO
1236,22,0.038093503706485454,NO
1237,22,0.038093503706485454,NO
1238,58,0.038315618130192734,NO
1239,164,0.046465005317209054,NO
1240,77,0.038549765022422876,NO
1241,348,0.04160175711570364,NO
1242,45,0.03826021506666051,NO
1243,139,0.03899852281440042,NO
1244,119,0.03868404626608291,NO
1245,113,0.03868404626608291,NO
1246,163,0.03921285242656601,NO
1247,117,0.03868404626608291,NO
1248,18,0.037983359375467554,NO
1249,22,0.037983359375467554,NO
1250,48,0.0382048570808565,NO
1251,266,0.047764484975486264,NO
1252,22,0.037983359375467554,NO
1253,18,0.037983359375467554,NO
1254,209,0.0516469256367395,NO
1255,43,0.006208426128266683,NO
1256,187,0.02713695197537972,NO
1257,41,0.006208426128266683,NO
1258,188,0.04661125887554964,NO
1259,30,0.0061569053854302605,NO
1260,66,0.006194003972701037,NO
1261,57,0.006194003972701037,NO
