ID, Size, Predicted, Actual
0,215,0.0,NO
1,274,0.3191428571428572,YES
2,461,1.0,NO
3,138,0.6533556998556999,NO
4,358,0.04,NO
5,93,0.05349278172807585,NO
6,1379,0.0,YES
7,51,0.0,NO
8,45,0.4552957751456203,NO
9,157,0.7055865800865802,NO
10,31,0.0,NO
11,1743,1.0,YES
12,55,0.0,NO
13,204,0.5959714174714175,NO
14,55,0.0,NO
15,103,0.44543201243201247,NO
16,34,0.0,NO
17,83,0.5995510924404113,NO
18,488,0.72,NO
19,83,0.5995510924404113,NO
20,129,0.05453571428571429,NO
21,885,0.9010833333333333,NO
22,440,0.03,NO
23,40,0.0,NO
24,391,0.25,NO
25,378,0.01,NO
26,51,0.0,NO
27,709,0.99,YES
28,32,0.6072079277361785,NO
29,68,0.7826529866332498,YES
30,564,0.7066666666666667,YES
31,588,0.72,NO
32,381,0.02,YES
33,977,0.28,NO
34,275,0.8192460317460316,NO
35,31,0.0,NO
36,50,0.0,NO
37,27,0.0,NO
38,183,0.3317688422688422,NO
39,50,0.0,NO
40,62,0.0,NO
41,87,0.630920634920635,NO
42,52,0.8128752554634908,NO
43,419,0.0927651515151515,YES
44,224,0.0,NO
45,118,0.04132142857142857,YES
46,83,0.5995510924404113,NO
47,147,0.031220588235294115,NO
48,120,0.0414484126984127,NO
49,58,0.26361056268293104,NO
50,44,0.0,NO
51,106,0.3423389355742297,YES
52,238,0.3725158730158729,NO
53,43,0.30603089815241513,NO
54,195,0.25,YES
55,189,0.0,NO
56,151,0.0,NO
57,395,0.96,YES
58,1013,0.96,YES
59,913,0.51,YES
60,43,0.30603089815241513,NO
61,335,1.0,YES
62,27,0.0,NO
63,55,0.0,NO
64,93,0.05349278172807585,NO
65,191,0.016666666666666666,NO
66,90,0.642160676299352,NO
67,89,0.0,NO
68,273,0.7062182539682539,NO
69,191,0.016666666666666666,NO
70,97,0.05901578976578977,NO
71,82,0.040611662846956956,NO
72,148,0.6610474815338863,NO
73,437,0.03,NO
74,1376,0.0,YES
75,214,0.0,YES
76,528,1.0,NO
77,209,0.0,NO
78,190,0.0,NO
79,86,0.0,NO
80,269,0.9994117647058823,YES
81,408,0.46,YES
82,572,0.23,NO
83,132,0.0,NO
84,173,0.95,NO
85,107,0.02,NO
86,85,0.0,NO
87,107,0.02,NO
88,250,0.85875,NO
89,237,0.7009801587301588,NO
90,692,1.0,YES
91,47,0.0,NO
92,1487,0.0,YES
93,27,0.0,NO
94,89,0.0,NO
95,509,0.99,YES
96,227,0.0,NO
97,129,0.05453571428571429,YES
98,101,1.0,YES
99,385,0.7,NO
100,102,1.0,YES
101,41,0.0,NO
102,244,0.1,NO
103,215,0.0,NO
104,260,0.98,NO
105,119,0.03732142857142857,NO
106,701,1.0,NO
107,120,0.0414484126984127,YES
108,630,0.8,YES
109,69,0.39788858037387426,NO
110,77,0.4066239350634559,NO
111,97,0.05901578976578977,NO
112,380,0.02,NO
113,214,0.0,NO
114,38,0.564004555729788,NO
115,79,0.0,NO
116,25,0.0,NO
117,84,0.2924666200672393,NO
118,34,0.0,NO
119,33,0.0,NO
120,104,0.5876337558210624,NO
121,193,0.711515873015873,NO
122,70,0.0,NO
123,140,0.0,NO
124,22,0.0,NO
125,156,0.019714285714285712,NO
126,142,0.01,NO
127,100,0.0,YES
128,153,0.5731999389499389,NO
129,31,0.0,NO
130,340,0.9148492063492063,NO
131,61,0.48876767676767663,NO
132,61,0.48876767676767663,NO
133,877,0.9010833333333333,NO
134,62,0.0,NO
135,186,0.15718253968253965,NO
136,264,0.2854642857142857,NO
137,42,0.0,NO
138,248,0.19416666666666665,NO
139,343,0.886979797979798,YES
140,199,0.02,YES
141,330,0.0,YES
142,346,0.1575,YES
143,89,0.0,NO
144,193,0.711515873015873,YES
145,406,0.57,YES
146,82,0.040611662846956956,NO
147,53,0.0,NO
148,148,0.6610474815338863,NO
149,4774,0.15,YES
150,4088,0.05,NO
151,93,0.05349278172807585,NO
152,78,0.9163158472392386,NO
153,78,0.9163158472392386,NO
154,995,1.0,YES
155,37,0.0,NO
156,59,0.07076282051282051,NO
157,140,0.0,NO
158,165,0.597551948051948,NO
159,47,0.0,NO
160,101,0.4900461110538106,NO
161,109,0.7205622131136836,NO
162,154,1.0,NO
163,559,0.51,YES
164,386,0.7,NO
165,306,1.0,YES
166,135,0.01,NO
167,56,0.28575000807585943,NO
168,78,0.9163158472392386,NO
169,35,0.38227769126298533,NO
170,467,0.47,YES
171,174,0.06,NO
172,148,0.6610474815338863,NO
173,88,0.8539580119822318,NO
174,52,0.8128752554634908,NO
175,39,0.0,NO
176,208,0.10548260073260073,YES
177,77,0.4066239350634559,NO
178,666,0.12994444444444445,NO
179,146,0.031220588235294115,NO
180,272,0.7062182539682539,YES
181,54,0.0,NO
182,100,0.0,NO
183,119,0.03732142857142857,NO
184,363,0.72,NO
185,152,0.009000000000000001,NO
186,39,0.0,NO
187,677,0.32,NO
188,131,0.6052878787878788,NO
189,47,0.0,NO
190,100,0.0,NO
191,43,0.30603089815241513,NO
192,73,0.023362499999999998,NO
193,234,1.0,NO
194,62,0.0,NO
195,45,0.4552957751456203,NO
196,41,0.0,NO
197,47,0.0,NO
198,55,0.0,NO
199,1279,0.0,NO
200,183,0.3317688422688422,NO
201,163,0.015050505050505052,NO
202,147,0.031220588235294115,NO
203,77,0.4066239350634559,NO
204,99,0.565702380952381,NO
205,53,0.0,NO
206,95,0.37089898989898984,NO
207,77,0.4066239350634559,NO
208,69,0.39788858037387426,NO
209,69,0.39788858037387426,NO
210,77,0.4066239350634559,NO
211,80,0.4535129756294616,NO
212,72,0.24842484390021066,NO
213,63,0.2581044501877923,NO
214,50,0.0,NO
215,28,0.0,NO
216,108,0.7246550255300256,NO
217,40,0.0,NO
218,76,0.0,NO
219,64,0.4319083147984512,NO
220,63,0.2581044501877923,NO
221,55,0.0,NO
222,45,0.4552957751456203,NO
223,476,0.07,NO
224,77,0.4066239350634559,NO
225,69,0.39788858037387426,NO
226,104,0.5876337558210624,NO
227,115,0.18,NO
228,421,0.12276515151515151,NO
229,61,0.48876767676767663,NO
230,2009,0.0,NO
231,179,0.0,NO
232,106,0.3423389355742297,NO
233,33,0.0,NO
234,657,0.20333333333333337,NO
235,295,0.16,NO
236,872,0.0675,NO
237,444,0.03,NO
238,168,0.5012395382395384,NO
239,752,0.17,NO
240,135,0.01,NO
241,1126,0.04,NO
242,163,0.015050505050505052,NO
243,184,0.17357779475426527,NO
244,51,0.0,NO
245,25,0.0,NO
246,180,0.0,NO
247,64,0.4319083147984512,NO
248,101,0.4900461110538106,NO
249,512,0.25,NO
250,187,0.008888888888888889,NO
251,56,0.28575000807585943,NO
252,39,0.0,NO
253,261,0.07,NO
254,73,0.023362499999999998,NO
255,65,0.003529411764705882,NO
256,329,0.09066666666666666,NO
257,64,0.4319083147984512,NO
258,164,0.10340043290043291,NO
259,624,0.04,NO
260,74,0.28351592826609584,NO
261,117,0.40942243867243855,NO
262,84,0.2924666200672393,NO
263,226,0.0,NO
264,76,0.0,NO
265,323,0.2318095238095238,NO
266,72,0.24842484390021066,NO
267,42,0.0,NO
268,48,0.0,NO
269,89,0.0,NO
270,380,0.02,NO
271,144,0.97,NO
272,148,0.6610474815338863,NO
273,191,0.016666666666666666,NO
274,46,0.0,NO
275,165,0.597551948051948,NO
276,171,0.04,NO
277,56,0.28575000807585943,NO
278,179,0.0,NO
279,74,0.28351592826609584,NO
280,36,0.44233239962651716,NO
281,37,0.0,NO
282,34,0.0,NO
283,34,0.0,NO
284,38,0.564004555729788,NO
285,39,0.0,NO
286,156,0.019714285714285712,NO
287,78,0.9163158472392386,NO
288,117,0.40942243867243855,NO
289,94,0.6660303555551403,NO
290,69,0.39788858037387426,NO
291,180,0.0,NO
292,80,0.4535129756294616,NO
293,183,0.3317688422688422,NO
294,70,0.0,NO
295,54,0.0,NO
296,160,0.717442488067488,NO
297,128,0.019285714285714285,NO
298,151,0.0,NO
299,422,0.5975209790209791,NO
300,221,0.0,NO
301,50,0.0,NO
302,42,0.0,NO
303,622,0.04,NO
304,365,1.0,NO
305,382,0.33,NO
306,72,0.24842484390021066,NO
307,92,0.5482104768466745,NO
308,280,0.02,NO
309,371,0.03,NO
310,47,0.0,NO
311,108,0.7246550255300256,NO
312,111,0.013555555555555557,NO
313,314,0.40076587301587296,NO
314,129,0.05453571428571429,NO
315,49,0.0,NO
316,358,0.04,NO
317,273,0.7062182539682539,NO
318,47,0.0,NO
319,89,0.0,NO
320,41,0.0,NO
321,66,0.0,NO
322,63,0.2581044501877923,NO
323,24,0.0,NO
324,50,0.0,NO
325,72,0.24842484390021066,NO
326,47,0.0,NO
327,47,0.0,NO
328,183,0.3317688422688422,NO
329,49,0.0,NO
330,50,0.0,NO
331,98,0.3236036458811227,NO
332,143,0.17,NO
333,43,0.30603089815241513,NO
334,42,0.0,NO
335,56,0.28575000807585943,NO
336,44,0.0,NO
337,26,0.0,NO
338,254,0.0,NO
339,16883,0.21,NO
340,74,0.28351592826609584,NO
341,153,0.5731999389499389,NO
342,68,0.7826529866332498,NO
343,100,0.0,NO
344,547,0.45,NO
345,437,0.03,NO
346,1038,0.17,NO
347,104,0.5876337558210624,NO
348,332,0.15,NO
349,123,0.46160281385281393,NO
350,106,0.3423389355742297,NO
351,107,0.02,NO
352,94,0.6660303555551403,NO
353,101,0.4900461110538106,NO
354,38,0.564004555729788,NO
355,666,0.12994444444444445,NO
356,32,0.6072079277361785,NO
357,111,0.013555555555555557,NO
358,35,0.38227769126298533,NO
359,90,0.642160676299352,NO
360,27,0.0,NO
361,28,0.0,NO
362,92,0.5482104768466745,NO
363,978,0.28,NO
364,67,0.10436313359842771,NO
365,29,0.5255656010656011,NO
366,105,0.8561978854829978,NO
367,72,0.24842484390021066,NO
368,37,0.0,NO
369,47,0.0,NO
370,31,0.0,NO
371,90,0.642160676299352,NO
372,221,0.0,NO
373,213,0.0,NO
374,105,0.8561978854829978,NO
375,37,0.0,NO
376,27,0.0,NO
377,48,0.0,NO
378,167,0.7437532467532467,NO
379,213,0.0,NO
380,867,0.711404761904762,NO
381,158,0.08079761904761905,NO
382,93,0.05349278172807585,NO
383,96,0.533239898989899,NO
384,840,0.16,NO
385,535,0.23,NO
386,83,0.5995510924404113,NO
387,63,0.2581044501877923,NO
388,76,0.0,NO
389,202,0.08285714285714285,NO
390,155,0.6938095238095239,NO
391,1263,0.0,NO
392,74,0.28351592826609584,NO
393,101,0.4900461110538106,NO
394,27,0.0,NO
395,22,0.0,NO
396,491,0.2,NO
397,62,0.0,NO
398,59,0.07076282051282051,NO
399,99,0.565702380952381,NO
400,27,0.0,NO
401,77,0.4066239350634559,NO
402,865,1.0,NO
403,64,0.4319083147984512,NO
404,45,0.4552957751456203,NO
405,63,0.2581044501877923,NO
406,54,0.0,NO
407,64,0.4319083147984512,NO
408,132,0.0,NO
409,182,0.6292164502164502,NO
410,70,0.0,NO
411,36,0.44233239962651716,NO
412,58,0.26361056268293104,NO
413,62,0.0,NO
414,132,0.0,NO
415,74,0.28351592826609584,NO
416,86,0.0,NO
417,74,0.28351592826609584,NO
418,48,0.0,NO
419,74,0.28351592826609584,NO
420,86,0.0,NO
421,355,0.05833333333333334,NO
422,53,0.0,NO
423,798,0.28,NO
424,75,0.6430292207792206,NO
425,128,0.019285714285714285,NO
426,198,0.28,NO
427,138,0.6533556998556999,NO
428,57,0.014948717948717946,NO
429,123,0.46160281385281393,NO
430,314,0.40076587301587296,NO
431,162,0.7529487040737042,NO
432,137,0.8727798010812717,NO
433,124,0.02884126984126984,NO
434,359,0.04,NO
435,151,0.0,NO
436,107,0.02,NO
437,28,0.0,NO
438,58,0.26361056268293104,NO
439,470,0.04,NO
440,345,0.9575,NO
441,103,0.44543201243201247,NO
442,35,0.38227769126298533,NO
443,98,0.3236036458811227,NO
444,117,0.40942243867243855,NO
