ID, Size, Predicted, Actual
0,215,0.04175393165434761,NO
1,273,0.04311267078733617,YES
2,460,0.04607681739075627,YES
3,138,0.041243417343298915,NO
4,358,0.043970864080781956,NO
5,1154,1.0,YES
6,51,0.04054152472424729,NO
7,157,0.041243417343298915,NO
8,31,0.04054152472424729,NO
9,1009,0.9886849075990747,YES
10,193,0.04175393165434761,NO
11,83,0.040840252360041775,YES
12,262,0.042375502141359274,NO
13,638,0.052093982245155296,YES
14,40,0.04054152472424729,NO
15,374,0.9648975030428462,NO
16,390,0.044956452023198895,NO
17,51,0.04054152472424729,NO
18,579,0.05033736470242173,YES
19,32,0.04054152472424729,NO
20,66,0.04054152472424729,NO
21,260,0.042375502141359274,YES
22,596,0.9687035240779115,NO
23,198,0.04175393165434761,NO
24,50,0.04054152472424729,NO
25,27,0.04054152472424729,NO
26,926,1.0,YES
27,60,0.04054152472424729,NO
28,62,0.04054152472424729,NO
29,87,0.040840252360041775,NO
30,52,0.04054152472424729,NO
31,297,0.9799461292250516,YES
32,163,0.041243417343298915,NO
33,118,0.040840252360041775,NO
34,83,0.040840252360041775,NO
35,147,0.041243417343298915,NO
36,58,0.04054152472424729,NO
37,44,0.04054152472424729,NO
38,106,0.9788047410789326,YES
39,192,0.9999637648762028,YES
40,151,0.041243417343298915,NO
41,352,0.9803471227897947,YES
42,752,0.9847501385118156,YES
43,877,0.9867100565352624,YES
44,319,0.9641032319519903,NO
45,27,0.04054152472424729,NO
46,55,0.04054152472424729,NO
47,94,0.040840252360041775,NO
48,191,0.04175393165434761,NO
49,90,0.040840252360041775,NO
50,90,0.040840252360041775,NO
51,271,0.04311267078733617,NO
52,138,0.041243417343298915,NO
53,79,0.040840252360041775,NO
54,82,0.040840252360041775,NO
55,147,0.041243417343298915,NO
56,422,0.04607681739075627,NO
57,1026,1.0,YES
58,530,1.0,YES
59,189,0.04175393165434761,NO
60,167,0.9790162193884298,YES
61,86,0.040840252360041775,NO
62,195,0.9792782741424455,YES
63,374,0.044956452023198895,NO
64,573,0.05033736470242173,NO
65,126,0.041243417343298915,NO
66,106,0.040840252360041775,NO
67,109,0.040840252360041775,NO
68,85,0.040840252360041775,NO
69,237,0.042375502141359274,NO
70,345,0.043970864080781956,YES
71,47,0.04054152472424729,NO
72,781,0.058568724140780126,YES
73,27,0.04054152472424729,NO
74,89,0.040840252360041775,NO
75,300,1.0,YES
76,166,1.0,YES
77,92,0.040840252360041775,NO
78,497,1.0,YES
79,93,0.040840252360041775,NO
80,244,0.042375502141359274,NO
81,183,0.9792782741424455,YES
82,252,0.042375502141359274,NO
83,109,0.040840252360041775,NO
84,607,1.0,YES
85,565,0.9829026223877632,YES
86,69,0.04054152472424729,NO
87,77,0.040840252360041775,NO
88,97,0.9788047410789326,YES
89,343,0.043970864080781956,NO
90,214,0.04175393165434761,NO
91,79,0.040840252360041775,NO
92,25,0.04054152472424729,NO
93,84,0.040840252360041775,NO
94,34,0.04054152472424729,NO
95,33,0.04054152472424729,NO
96,104,0.040840252360041775,NO
97,172,0.04175393165434761,NO
98,70,0.04054152472424729,NO
99,140,0.041243417343298915,NO
100,156,0.041243417343298915,NO
101,142,0.041243417343298915,NO
102,152,0.041243417343298915,NO
103,31,0.04054152472424729,NO
104,60,0.04054152472424729,NO
105,60,0.04054152472424729,NO
106,876,0.06406933718565921,NO
107,61,0.04054152472424729,NO
108,185,0.04175393165434761,NO
109,264,0.042375502141359274,NO
110,248,0.042375502141359274,NO
111,286,0.04311267078733617,YES
112,185,0.04175393165434761,NO
113,194,0.04175393165434761,NO
114,346,0.043970864080781956,NO
115,309,0.04311267078733617,NO
116,363,1.0,YES
117,84,0.040840252360041775,NO
118,53,0.04054152472424729,NO
119,132,0.041243417343298915,NO
120,4088,0.9981452427591334,NO
121,721,1.0,YES
122,47,0.04054152472424729,NO
123,101,0.040840252360041775,NO
124,517,0.9823293690374252,YES
125,327,0.043970864080781956,NO
126,274,0.04311267078733617,NO
127,136,0.041243417343298915,NO
128,56,0.04054152472424729,NO
129,74,0.040840252360041775,NO
130,361,0.9803471227897947,YES
131,174,0.04175393165434761,NO
132,148,0.041243417343298915,NO
133,92,0.040840252360041775,NO
134,45,0.04054152472424729,NO
135,168,0.041243417343298915,NO
136,77,0.040840252360041775,NO
137,666,0.054040717626929545,NO
138,88,0.040840252360041775,NO
139,263,0.042375502141359274,NO
140,54,0.04054152472424729,NO
141,51,0.04054152472424729,NO
142,132,0.041243417343298915,NO
143,160,0.041243417343298915,NO
144,152,0.041243417343298915,NO
145,39,0.04054152472424729,NO
146,677,0.054040717626929545,NO
147,131,0.041243417343298915,NO
148,47,0.04054152472424729,NO
149,129,0.041243417343298915,NO
150,43,0.04054152472424729,NO
151,257,0.9999643195181797,YES
152,356,0.043970864080781956,NO
153,62,0.04054152472424729,NO
154,45,0.04054152472424729,NO
155,97,0.040840252360041775,NO
156,476,0.047340435946047206,NO
157,77,0.040840252360041775,NO
158,69,0.04054152472424729,NO
159,104,0.040840252360041775,NO
160,115,0.040840252360041775,NO
161,421,0.04607681739075627,NO
162,61,0.04054152472424729,NO
163,2009,0.3021690689493677,NO
164,179,0.04175393165434761,NO
165,106,0.040840252360041775,NO
166,33,0.04054152472424729,NO
167,657,0.052093982245155296,NO
168,295,0.04311267078733617,NO
169,872,0.06406933718565921,NO
170,444,0.04607681739075627,NO
171,168,0.041243417343298915,NO
172,752,0.05619315401937798,NO
173,135,0.041243417343298915,NO
174,1126,0.08338864644073217,NO
175,163,0.041243417343298915,NO
176,184,0.04175393165434761,NO
177,51,0.04054152472424729,NO
178,25,0.04054152472424729,NO
179,180,0.04175393165434761,NO
180,64,0.04054152472424729,NO
181,101,0.040840252360041775,NO
182,512,0.047340435946047206,NO
183,187,0.04175393165434761,NO
184,56,0.04054152472424729,NO
185,39,0.04054152472424729,NO
186,261,0.042375502141359274,NO
187,73,0.04054152472424729,NO
188,65,0.04054152472424729,NO
189,329,0.043970864080781956,NO
190,64,0.04054152472424729,NO
191,164,0.041243417343298915,NO
192,624,0.052093982245155296,NO
193,74,0.040840252360041775,NO
194,117,0.040840252360041775,NO
195,84,0.040840252360041775,NO
196,226,0.042375502141359274,NO
197,76,0.040840252360041775,NO
198,323,0.043970864080781956,NO
199,72,0.04054152472424729,NO
200,42,0.04054152472424729,NO
201,48,0.04054152472424729,NO
202,89,0.040840252360041775,NO
203,380,0.044956452023198895,NO
204,141,0.041243417343298915,NO
205,148,0.041243417343298915,NO
206,191,0.04175393165434761,NO
207,46,0.04054152472424729,NO
208,165,0.041243417343298915,NO
209,171,0.041243417343298915,NO
210,56,0.04054152472424729,NO
211,179,0.04175393165434761,NO
212,74,0.040840252360041775,NO
213,36,0.04054152472424729,NO
214,37,0.04054152472424729,NO
215,34,0.04054152472424729,NO
216,34,0.04054152472424729,NO
217,38,0.04054152472424729,NO
218,39,0.04054152472424729,NO
219,156,0.041243417343298915,NO
220,84,0.040840252360041775,NO
221,117,0.040840252360041775,NO
222,94,0.040840252360041775,NO
223,71,0.04054152472424729,NO
224,183,0.04175393165434761,NO
225,85,0.040840252360041775,NO
226,183,0.04175393165434761,NO
227,70,0.04054152472424729,NO
228,54,0.04054152472424729,NO
229,160,0.041243417343298915,NO
230,128,0.041243417343298915,NO
231,151,0.041243417343298915,NO
232,422,0.04607681739075627,NO
233,221,0.042375502141359274,NO
234,50,0.04054152472424729,NO
235,42,0.04054152472424729,NO
236,624,0.052093982245155296,NO
237,377,0.044956452023198895,NO
238,382,0.9807891347401612,YES
239,72,0.04054152472424729,NO
240,92,0.040840252360041775,NO
241,282,0.04311267078733617,NO
242,371,0.044956452023198895,NO
243,47,0.04054152472424729,NO
244,108,0.040840252360041775,NO
245,111,0.040840252360041775,NO
246,319,0.043970864080781956,NO
247,129,0.041243417343298915,NO
248,49,0.04054152472424729,NO
249,358,0.043970864080781956,NO
250,277,0.04311267078733617,NO
251,49,0.04054152472424729,NO
252,89,0.040840252360041775,NO
253,41,0.04054152472424729,NO
254,66,0.04054152472424729,NO
255,63,0.04054152472424729,NO
256,24,0.04034508571446729,NO
257,50,0.04054152472424729,NO
258,72,0.04054152472424729,NO
259,47,0.04054152472424729,NO
260,47,0.04054152472424729,NO
261,183,0.04175393165434761,NO
262,49,0.04054152472424729,NO
263,50,0.04054152472424729,NO
264,98,0.040840252360041775,NO
265,143,0.041243417343298915,NO
266,43,0.04054152472424729,NO
267,42,0.04054152472424729,NO
268,56,0.04054152472424729,NO
269,44,0.04054152472424729,NO
270,26,0.04054152472424729,NO
271,254,0.042375502141359274,NO
272,16883,0.05911507477483588,NO
273,74,0.040840252360041775,NO
274,153,0.041243417343298915,NO
275,68,0.04054152472424729,NO
276,100,0.040840252360041775,NO
277,550,0.048756968365344946,NO
278,437,0.04607681739075627,NO
279,1038,0.07455718813199555,NO
280,104,0.040840252360041775,NO
281,332,0.043970864080781956,NO
282,123,0.041243417343298915,NO
283,106,0.040840252360041775,NO
284,106,0.040840252360041775,NO
285,94,0.040840252360041775,NO
286,101,0.040840252360041775,NO
287,38,0.04054152472424729,NO
288,628,0.052093982245155296,YES
289,32,0.04054152472424729,NO
290,111,0.040840252360041775,NO
291,35,0.04054152472424729,NO
292,90,0.040840252360041775,NO
293,27,0.04054152472424729,NO
294,28,0.04054152472424729,NO
295,92,0.040840252360041775,NO
296,979,0.9880305661797637,YES
297,67,0.04054152472424729,NO
298,29,0.04054152472424729,NO
299,105,0.040840252360041775,NO
300,72,0.04054152472424729,NO
301,37,0.04054152472424729,NO
302,47,0.04054152472424729,NO
303,31,0.04054152472424729,NO
304,90,0.040840252360041775,NO
305,223,0.042375502141359274,NO
306,214,0.04175393165434761,NO
307,107,0.040840252360041775,NO
308,37,0.04054152472424729,NO
309,27,0.04054152472424729,NO
310,48,0.04054152472424729,NO
311,167,0.041243417343298915,NO
312,213,0.04175393165434761,NO
313,867,0.06406933718565921,NO
314,159,0.041243417343298915,NO
315,100,0.040840252360041775,NO
316,96,0.040840252360041775,NO
317,842,0.06118688964521978,NO
318,535,0.048756968365344946,NO
319,83,0.040840252360041775,NO
320,63,0.04054152472424729,NO
321,76,0.040840252360041775,NO
322,202,0.04175393165434761,NO
323,155,0.041243417343298915,NO
324,1263,0.1001609478581428,NO
325,74,0.040840252360041775,NO
326,101,0.040840252360041775,NO
327,27,0.04054152472424729,NO
328,22,0.04034508571446729,NO
329,491,0.047340435946047206,NO
330,62,0.04054152472424729,NO
331,59,0.04054152472424729,NO
332,99,0.040840252360041775,NO
333,27,0.04054152472424729,NO
334,77,0.040840252360041775,NO
335,863,0.9867100565352624,YES
336,64,0.04054152472424729,NO
337,45,0.04054152472424729,NO
338,63,0.04054152472424729,NO
339,54,0.04054152472424729,NO
340,64,0.04054152472424729,NO
341,132,0.041243417343298915,NO
342,182,0.04175393165434761,NO
343,70,0.04054152472424729,NO
344,36,0.04054152472424729,NO
345,58,0.04054152472424729,NO
346,62,0.04054152472424729,NO
347,132,0.041243417343298915,NO
348,74,0.040840252360041775,NO
349,86,0.040840252360041775,NO
350,74,0.040840252360041775,NO
351,48,0.04054152472424729,NO
352,74,0.040840252360041775,NO
353,86,0.040840252360041775,NO
354,355,0.043970864080781956,NO
355,53,0.04054152472424729,NO
356,804,0.058568724140780126,NO
357,75,0.040840252360041775,NO
358,125,0.041243417343298915,NO
359,200,0.04175393165434761,NO
360,134,0.041243417343298915,NO
361,57,0.04054152472424729,NO
362,123,0.041243417343298915,NO
363,266,0.042375502141359274,YES
364,162,0.041243417343298915,NO
365,130,0.041243417343298915,YES
366,108,0.040840252360041775,YES
367,354,0.043970864080781956,YES
368,88,0.040840252360041775,YES
369,28,0.04054152472424729,NO
370,58,0.04054152472424729,NO
371,308,0.04311267078733617,YES
372,343,0.043970864080781956,YES
373,103,0.040840252360041775,NO
374,35,0.04054152472424729,NO
375,98,0.040840252360041775,NO
376,117,0.040840252360041775,NO
