ID, Size, Predicted, Actual
0,227,3.4579342300909435E-5,NO
1,276,6.0510710395740045E-5,NO
2,460,0.33336022589753933,NO
3,138,0.10001936483346242,NO
4,352,0.9997580450036293,NO
5,23,1.2100677637947725E-4,NO
6,56,0.031257091849857026,NO
7,51,8.64528399757932E-6,NO
8,22,1.3448090371167295E-5,NO
9,44,1.3448090371167295E-5,NO
10,111,1.2740314176147585E-5,NO
11,71,2.4206041828040277E-5,NO
12,196,0.40000968194800796,NO
13,39,6.72413561236703E-6,NO
14,124,4.0342101016620945E-5,NO
15,38,0.06897271308252853,NO
16,22,1.3448090371167295E-5,NO
17,44,1.3448090371167295E-5,NO
18,368,0.9997580450036293,NO
19,22,1.3448090371167295E-5,NO
20,285,2.4195499637067507E-4,NO
21,21,1.2103313887342355E-5,NO
22,22,1.3448090371167295E-5,NO
23,208,0.33336022589753933,NO
24,55,8.64528399757932E-6,NO
25,21,1.2103313887342355E-5,NO
26,288,0.9997580450036293,NO
27,47,4.102883917105333E-6,NO
28,54,8.347175733090709E-6,NO
29,105,0.29412351023081634,NO
30,483,0.9997580450036293,NO
31,35,0.038470132578578876,NO
32,142,2.689545735725236E-5,NO
33,95,4.0342101016620945E-5,NO
34,164,3.4579342300909435E-5,NO
35,70,8.965473959780885E-6,NO
36,22,1.3448090371167295E-5,NO
37,26,3.4579342300909435E-5,NO
38,21,1.2103313887342355E-5,NO
39,56,0.031257091849857026,NO
40,102,6.0510710395740045E-5,NO
41,107,1.613762163732309E-5,NO
42,67,2.0171864283697098E-5,NO
43,39,6.72413561236703E-6,NO
44,52,0.18183218537508528,NO
45,20,1.4239131982514346E-5,NO
46,42,6.370238246910435E-6,NO
47,36,0.05001089298249861,NO
48,30,1.2100677637947725E-4,NO
49,71,2.4206041828040277E-5,NO
50,57,1.4239131982514346E-5,NO
51,31,6.72413561236703E-6,NO
52,20,1.4239131982514346E-5,NO
53,90,0.11111808425752429,NO
54,52,0.18183218537508528,NO
55,108,0.1333451675892007,NO
56,20,1.4239131982514346E-5,NO
57,93,0.05264297817584182,NO
58,52,0.18183218537508528,NO
59,117,0.05001089298249861,NO
60,20,1.4239131982514346E-5,NO
61,31,6.72413561236703E-6,NO
62,109,0.1333451675892007,NO
63,44,1.3448090371167295E-5,NO
64,72,0.024395860024915422,NO
65,99,0.07144339165917421,NO
66,103,0.047629476790428,NO
67,20,1.4239131982514346E-5,NO
68,71,2.4206041828040277E-5,NO
69,140,2.2005589419712606E-5,NO
70,1579,2.4195499637067507E-4,NO
71,45,0.04762426226484692,NO
72,282,6.0510710395740045E-5,NO
73,2582,2.4195499637067507E-4,NO
74,242,0.33336022589753933,NO
75,55,8.64528399757932E-6,NO
76,204,0.08335014322023641,NO
77,59,1.4239131982514346E-5,NO
78,102,6.0510710395740045E-5,NO
79,34,6.916251115245492E-6,NO
80,83,0.07143598167199793,NO
81,114,0.2000290458440238,NO
82,60,0.07143598167199793,NO
83,461,0.5,NO
84,87,0.09092709548225249,NO
85,130,0.42857636847747155,NO
86,49,8.347175733090709E-6,NO
87,123,0.06251323791945294,NO
88,101,0.06250661905986656,NO
89,1350,2.4195499637067507E-4,NO
90,455,2.4195499637067507E-4,NO
91,40,1.2740314176147585E-5,NO
92,518,2.4195499637067507E-4,NO
93,371,3.4579342300909435E-5,NO
94,49,8.347175733090709E-6,NO
95,490,0.5,NO
96,32,0.09091809339377668,NO
97,73,1.7290269036586207E-5,NO
98,633,1.2100677637947725E-4,NO
99,780,0.9997580450036293,NO
100,470,8.067769261799112E-5,NO
101,1015,1.2100677637947725E-4,NO
102,278,1.2100677637947725E-4,NO
103,31,6.72413561236703E-6,NO
104,36,0.05001089298249861,NO
105,58,0.029418465569288604,NO
106,172,4.0342101016620945E-5,NO
107,86,1.1003036838167334E-5,NO
108,162,0.12501134678810252,NO
109,53,8.64528399757932E-6,NO
110,415,6.0510710395740045E-5,NO
111,200,2.4206041828040277E-5,NO
112,264,0.12502269288956128,NO
113,166,4.0342101016620945E-5,NO
114,38,0.06897271308252853,NO
115,122,0.055567509413663264,NO
116,85,0.045464548215307425,NO
117,66,1.008613559800698E-5,NO
118,60,0.07143598167199793,NO
119,37,6.0517301896612246E-6,NO
120,233,4.840974003969598E-5,NO
121,37,6.0517301896612246E-6,NO
122,239,1.2100677637947725E-4,NO
123,40,1.2740314176147585E-5,NO
124,208,0.33336022589753933,NO
125,210,4.840974003969598E-5,NO
126,388,2.4195499637067507E-4,NO
127,22,1.3448090371167295E-5,NO
128,262,6.0510710395740045E-5,NO
129,306,0.9998789932236205,NO
130,1438,1.2100677637947725E-4,NO
131,1469,2.4195499637067507E-4,NO
132,67,2.0171864283697098E-5,NO
133,437,3.02571860816944E-5,NO
134,223,4.840974003969598E-5,NO
135,35,0.038470132578578876,NO
136,53,8.64528399757932E-6,NO
137,196,0.40000968194800796,NO
138,108,0.1333451675892007,NO
139,237,0.12502269288956128,NO
140,219,1.2100677637947725E-4,NO
141,340,0.33336022589753933,NO
142,161,1.2100677637947725E-4,NO
143,136,6.0510710395740045E-5,NO
144,376,2.4195499637067507E-4,NO
145,388,2.4195499637067507E-4,NO
146,153,0.07693883251093939,NO
147,114,0.2000290458440238,NO
148,220,2.4195499637067507E-4,NO
149,453,0.5,NO
150,1828,2.4195499637067507E-4,NO
151,246,1.2100677637947725E-4,NO
152,636,0.9997580450036293,NO
153,299,2.4195499637067507E-4,NO
154,259,1.2100677637947725E-4,NO
155,90,0.11111808425752429,NO
156,93,0.05264297817584182,NO
157,441,1.2100677637947725E-4,NO
158,149,0.25001512859304087,NO
159,610,2.4195499637067507E-4,NO
160,123,0.06251323791945294,NO
161,197,0.33336022589753933,NO
162,865,2.4195499637067507E-4,NO
163,596,2.4195499637067507E-4,NO
164,141,2.4206041828040277E-5,NO
165,179,1.7290269036586207E-5,NO
166,630,0.5,NO
167,402,2.4195499637067507E-4,NO
168,42,6.370238246910435E-6,NO
169,42,6.370238246910435E-6,NO
170,315,0.2000290458440238,NO
171,85,0.045464548215307425,NO
172,472,1.2100677637947725E-4,NO
173,106,0.0769309548636973,NO
174,250,0.2000290458440238,NO
175,162,0.12501134678810252,NO
176,236,0.5,NO
177,73,1.7290269036586207E-5,NO
178,104,0.07408171132966945,NO
179,40,1.2740314176147585E-5,NO
180,98,0.043487870336262696,NO
181,39,6.72413561236703E-6,NO
182,38,0.06897271308252853,NO
183,67,2.0171864283697098E-5,NO
184,76,8.64528399757932E-6,NO
185,42,6.370238246910435E-6,NO
186,71,2.4206041828040277E-5,NO
187,101,0.06250661905986656,NO
188,59,1.4239131982514346E-5,NO
189,55,8.64528399757932E-6,NO
190,27,4.482777170112428E-6,NO
191,89,9.310293460449874E-6,NO
192,26,3.4579342300909435E-5,NO
193,24,1.7290269036586207E-5,NO
194,485,8.067769261799112E-5,NO
195,1651,2.4195499637067507E-4,NO
196,48,7.808656676791891E-6,NO
197,2479,2.4195499637067507E-4,NO
198,23,1.2100677637947725E-4,NO
199,115,2.4206041828040277E-5,NO
200,108,0.1333451675892007,NO
201,346,0.16669356140067773,NO
202,391,2.4195499637067507E-4,NO
203,22,1.3448090371167295E-5,NO
204,83,0.07143598167199793,NO
205,51,8.64528399757932E-6,NO
206,43,0.030309921144324226,NO
207,54,8.347175733090709E-6,NO
208,43,0.030309921144324226,NO
209,47,4.102883917105333E-6,NO
210,33,1.3448090371167295E-5,NO
211,195,0.5,NO
212,91,0.2000290458440238,NO
213,110,2.4195499637067507E-4,NO
214,81,0.37500756429652043,NO
215,108,0.1333451675892007,NO
216,109,0.1333451675892007,NO
217,90,0.11111808425752429,NO
218,131,0.09092709548225249,NO
219,95,4.0342101016620945E-5,NO
220,132,1.008613559800698E-5,NO
221,176,2.4195499637067507E-4,NO
222,124,4.0342101016620945E-5,NO
223,103,0.047629476790428,NO
224,120,0.2000290458440238,NO
225,149,0.25001512859304087,NO
226,76,8.64528399757932E-6,NO
227,89,9.310293460449874E-6,NO
228,20,1.4239131982514346E-5,NO
229,213,2.4206041828040277E-5,NO
230,542,2.4195499637067507E-4,NO
231,233,4.840974003969598E-5,NO
232,134,2.689545735725236E-5,NO
233,104,0.07408171132966945,NO
234,121,1.2100677637947725E-4,NO
235,39,6.72413561236703E-6,NO
236,41,9.68269798696709E-6,NO
237,248,1.7290269036586207E-5,NO
238,215,3.02571860816944E-5,NO
239,269,0.33336022589753933,NO
240,165,0.07693883251093939,NO
241,277,2.689545735725236E-5,NO
242,100,0.08000813346630906,NO
243,358,1.7290269036586207E-5,NO
244,29,0.07693883251093939,NO
245,339,1.2100677637947725E-4,NO
246,719,1.2100677637947725E-4,NO
247,141,2.4206041828040277E-5,NO
248,801,2.4195499637067507E-4,NO
249,77,0.050005446557170694,NO
250,97,1.7290269036586207E-5,NO
251,380,2.0171864283697098E-5,NO
252,214,0.055567509413663264,NO
253,38,0.06897271308252853,NO
254,79,1.2103313887342355E-5,NO
255,25,1.5129050803352599E-5,NO
256,84,0.031257091849857026,NO
257,34,6.916251115245492E-6,NO
258,33,1.3448090371167295E-5,NO
259,104,0.07408171132966945,NO
260,193,0.22223716414297626,NO
261,70,8.965473959780885E-6,NO
262,140,2.2005589419712606E-5,NO
263,22,1.3448090371167295E-5,NO
264,158,4.840974003969598E-5,NO
265,142,2.689545735725236E-5,NO
266,109,0.1333451675892007,NO
267,158,4.840974003969598E-5,NO
268,31,6.72413561236703E-6,NO
269,344,1.2100677637947725E-4,NO
270,71,2.4206041828040277E-5,NO
271,84,0.031257091849857026,NO
272,79,1.2103313887342355E-5,NO
273,881,0.9997580450036293,NO
274,64,0.05405988917166615,NO
275,199,0.1428818423873578,NO
276,261,3.4579342300909435E-5,NO
277,155,0.12502269288956128,NO
278,45,0.04762426226484692,NO
279,23,1.2100677637947725E-4,NO
280,405,2.4195499637067507E-4,NO
281,248,1.7290269036586207E-5,NO
282,599,0.5,NO
283,28,8.068941032178936E-6,NO
284,452,0.5,NO
285,482,0.9997580450036293,NO
286,434,3.02571860816944E-5,NO
287,83,0.07143598167199793,NO
288,393,1.2100677637947725E-4,NO
289,230,0.5,NO
290,248,1.7290269036586207E-5,NO
291,28,8.068941032178936E-6,NO
292,69,0.0322653693885041,NO
293,116,1.2100677637947725E-4,NO
294,100,0.08000813346630906,NO
295,46,1.4239131982514346E-5,NO
296,226,3.4579342300909435E-5,NO
297,86,1.1003036838167334E-5,NO
298,93,0.05264297817584182,NO
299,1935,4.840974003969598E-5,NO
300,41,9.68269798696709E-6,NO
301,64,0.05405988917166615,NO
302,176,2.4195499637067507E-4,NO
303,334,6.0510710395740045E-5,NO
304,114,0.2000290458440238,NO
305,66,1.008613559800698E-5,NO
306,38,0.06897271308252853,NO
307,46,1.4239131982514346E-5,NO
308,101,0.06250661905986656,NO
309,144,0.5,NO
310,156,1.5129050803352599E-5,NO
311,113,6.0510710395740045E-5,NO
312,753,4.0342101016620945E-5,NO
313,397,0.5,NO
314,327,0.5,NO
315,139,8.067769261799112E-5,NO
316,59,1.4239131982514346E-5,NO
317,78,0.29412351023081634,NO
318,50,5.763555883437846E-6,NO
319,483,0.9997580450036293,NO
320,42,6.370238246910435E-6,NO
321,75,0.08335014322023641,NO
322,219,1.2100677637947725E-4,NO
323,103,0.047629476790428,NO
324,158,4.840974003969598E-5,NO
325,190,4.840974003969598E-5,NO
326,88,0.2500060516569437,NO
327,248,1.7290269036586207E-5,NO
328,276,6.0510710395740045E-5,NO
329,330,0.33336022589753933,NO
330,69,0.0322653693885041,NO
331,21,1.2103313887342355E-5,NO
332,39,6.72413561236703E-6,NO
333,22,1.3448090371167295E-5,NO
334,24,1.7290269036586207E-5,NO
335,62,6.916251115245492E-6,NO
336,67,2.0171864283697098E-5,NO
337,65,2.4206041828040277E-5,NO
338,63,0.02381501291036518,NO
339,22,1.3448090371167295E-5,NO
340,60,0.07143598167199793,NO
341,38,0.06897271308252853,NO
342,62,6.916251115245492E-6,NO
343,23,1.2100677637947725E-4,NO
344,79,1.2103313887342355E-5,NO
345,23,1.2100677637947725E-4,NO
346,176,2.4195499637067507E-4,NO
347,149,0.25001512859304087,NO
348,23,1.2100677637947725E-4,NO
349,34,6.916251115245492E-6,NO
350,35,0.038470132578578876,NO
351,45,0.04762426226484692,NO
352,293,1.2100677637947725E-4,NO
353,58,0.029418465569288604,NO
354,39,6.72413561236703E-6,NO
355,57,1.4239131982514346E-5,NO
356,277,2.689545735725236E-5,NO
357,468,1.2100677637947725E-4,NO
358,75,0.08335014322023641,NO
359,666,2.689545735725236E-5,NO
360,53,8.64528399757932E-6,NO
361,145,8.067769261799112E-5,NO
362,53,8.64528399757932E-6,NO
363,398,0.5,NO
364,119,2.689545735725236E-5,NO
365,271,0.5999903180519921,NO
366,175,8.067769261799112E-5,NO
367,78,0.29412351023081634,NO
368,415,6.0510710395740045E-5,NO
369,131,0.09092709548225249,NO
370,45,0.04762426226484692,NO
371,156,1.5129050803352599E-5,NO
372,166,4.0342101016620945E-5,NO
373,43,0.030309921144324226,NO
374,74,0.03174963017040979,NO
375,302,1.2100677637947725E-4,NO
376,494,1.2100677637947725E-4,NO
377,421,3.02571860816944E-5,NO
378,723,1.2100677637947725E-4,NO
379,550,4.0342101016620945E-5,NO
380,493,1.2100677637947725E-4,NO
381,416,1.2100677637947725E-4,NO
382,359,6.0510710395740045E-5,NO
383,66,1.008613559800698E-5,NO
384,62,6.916251115245492E-6,NO
385,34,6.916251115245492E-6,NO
386,23,1.2100677637947725E-4,NO
387,41,9.68269798696709E-6,NO
388,50,5.763555883437846E-6,NO
389,55,8.64528399757932E-6,NO
390,1467,2.4195499637067507E-4,NO
391,187,3.02571860816944E-5,NO
392,162,0.12501134678810252,NO
393,23,1.2100677637947725E-4,NO
394,142,2.689545735725236E-5,NO
395,73,1.7290269036586207E-5,NO
396,108,0.1333451675892007,NO
397,20,1.4239131982514346E-5,NO
398,61,0.06251323791945294,NO
399,86,1.1003036838167334E-5,NO
400,84,0.031257091849857026,NO
401,90,0.11111808425752429,NO
402,67,2.0171864283697098E-5,NO
403,20,1.4239131982514346E-5,NO
404,60,0.07143598167199793,NO
405,88,0.2500060516569437,NO
406,47,4.102883917105333E-6,NO
407,76,8.64528399757932E-6,NO
408,21,1.2103313887342355E-5,NO
409,53,8.64528399757932E-6,NO
410,114,0.2000290458440238,NO
411,121,1.2100677637947725E-4,NO
412,78,0.29412351023081634,NO
413,20,1.4239131982514346E-5,NO
414,69,0.0322653693885041,NO
415,80,4.0342101016620945E-5,NO
416,79,1.2103313887342355E-5,NO
417,81,0.37500756429652043,NO
418,88,0.2500060516569437,NO
419,20,1.4239131982514346E-5,NO
420,105,0.29412351023081634,NO
421,60,0.07143598167199793,NO
422,50,5.763555883437846E-6,NO
423,28,8.068941032178936E-6,NO
424,129,0.07144339165917421,NO
425,43,0.030309921144324226,NO
426,76,8.64528399757932E-6,NO
427,63,0.02381501291036518,NO
428,65,2.4206041828040277E-5,NO
429,76,8.64528399757932E-6,NO
430,45,0.04762426226484692,NO
431,20,1.4239131982514346E-5,NO
432,126,0.16669356140067773,NO
