ID, Size, Predicted, Actual
0,198,0.01733119750147468,NO
1,107,0.016854536547969267,NO
2,69,0.016692975686627597,NO
3,70,0.016692975686627597,NO
4,30,0.016530186629840845,NO
5,553,0.018813572711721314,NO
6,685,0.01921976558883119,NO
7,526,0.018673853258226892,NO
8,1473,0.021540196462046694,NO
9,1077,0.02052050699410024,NO
10,1320,0.021170708592135566,NO
11,410,0.018242584274933006,NO
12,1296,0.021170708592135566,NO
13,1318,0.021170708592135566,NO
14,260,0.01748719359870155,NO
15,113,0.016854536547969267,NO
16,90,0.016854536547969267,NO
17,313,0.0177944605728161,NO
18,209,0.01733119750147468,NO
19,3340,0.020174887192794942,NO
20,68,0.016692975686627597,NO
21,300,0.017641636136965226,NO
22,202,0.01733119750147468,NO
23,389,0.018094998400634384,NO
24,70,0.016692975686627597,NO
25,296,0.017641636136965226,NO
26,92,0.016854536547969267,NO
27,192,0.017173712623419116,NO
28,66,0.016692975686627597,NO
29,463,0.018388297099564885,NO
30,169,0.017173712623419116,NO
31,384,0.018094998400634384,NO
32,195,0.01733119750147468,NO
33,1118,0.02072141712462369,NO
34,78,0.016692975686627597,NO
35,100,0.016854536547969267,NO
36,104,0.016854536547969267,NO
37,43,0.016530186629840845,NO
38,311,0.0177944605728161,NO
39,834,0.01984999425998947,NO
40,57,0.016692975686627597,NO
41,259,0.01748719359870155,NO
42,399,0.018094998400634384,NO
43,233,0.01748719359870155,NO
44,74,0.016692975686627597,NO
45,55,0.016692975686627597,NO
46,229,0.01733119750147468,NO
47,373,0.018094998400634384,NO
48,21,0.016530186629840845,NO
49,926,0.020084394071248297,NO
50,21,0.016530186629840845,NO
51,621,0.019086588994665823,NO
52,37,0.016530186629840845,NO
53,35,0.016530186629840845,NO
54,32,0.016530186629840845,NO
55,83,0.016692975686627597,NO
56,458,0.018388297099564885,NO
57,54,0.016692975686627597,NO
58,92,0.016854536547969267,NO
59,32,0.016530186629840845,NO
60,536,0.018673853258226892,NO
61,24,0.016530186629840845,NO
62,37,0.016530186629840845,NO
63,34,0.016530186629840845,NO
64,34,0.016530186629840845,NO
65,25,0.016530186629840845,NO
66,21,0.016530186629840845,NO
67,76,0.016692975686627597,NO
68,31,0.016530186629840845,NO
69,32,0.016530186629840845,NO
70,186,0.017173712623419116,NO
71,91,0.016854536547969267,NO
72,356,0.017945602641432162,NO
73,28,0.016530186629840845,NO
74,40,0.016530186629840845,NO
75,21,0.016530186629840845,NO
76,54,0.016692975686627597,NO
77,103,0.016854536547969267,NO
78,76,0.016692975686627597,NO
79,29,0.016530186629840845,NO
80,47,0.016530186629840845,NO
81,132,0.017014803933526,NO
82,21,0.016530186629840845,NO
83,41,0.016530186629840845,NO
84,43,0.016530186629840845,NO
85,34,0.016530186629840845,NO
86,21,0.016530186629840845,NO
87,98,0.016854536547969267,NO
88,61,0.016692975686627597,NO
89,124,0.017014803933526,NO
90,89,0.016854536547969267,NO
91,374,0.018094998400634384,NO
92,133,0.017014803933526,NO
93,750,0.019479160393832917,NO
94,164,0.017173712623419116,NO
95,103,0.016854536547969267,NO
96,361,0.017945602641432162,NO
97,21,0.016530186629840845,NO
98,128,0.017014803933526,NO
99,175,0.017173712623419116,NO
100,37,0.016530186629840845,NO
101,60,0.016692975686627597,NO
102,21,0.016530186629840845,NO
103,41,0.016530186629840845,NO
104,183,0.017173712623419116,NO
105,57,0.016692975686627597,NO
106,60,0.016692975686627597,NO
107,34,0.016530186629840845,NO
108,21,0.016530186629840845,NO
109,76,0.016692975686627597,NO
110,73,0.016692975686627597,NO
111,58,0.016692975686627597,NO
112,54,0.016692975686627597,NO
113,24,0.016530186629840845,NO
114,21,0.016530186629840845,NO
115,519,0.018673853258226892,NO
116,43,0.016530186629840845,NO
117,33,0.016530186629840845,NO
118,36,0.016530186629840845,NO
119,38,0.016530186629840845,NO
120,28,0.016530186629840845,NO
121,34,0.016530186629840845,NO
122,36,0.016530186629840845,NO
123,34,0.016530186629840845,NO
124,95,0.016854536547969267,NO
125,126,0.017014803933526,NO
126,38,0.016530186629840845,NO
127,1336,0.02125114389402667,NO
128,133,0.017014803933526,NO
129,21,0.016530186629840845,NO
130,228,0.01733119750147468,NO
131,72,0.016692975686627597,NO
132,42,0.016530186629840845,NO
133,162,0.017173712623419116,NO
134,87,0.016692975686627597,NO
135,33,0.016530186629840845,NO
136,34,0.016530186629840845,NO
137,46,0.016530186629840845,NO
138,21,0.016530186629840845,NO
139,400,0.018094998400634384,NO
140,39,0.016530186629840845,NO
141,225,0.01733119750147468,NO
142,51,0.016530186629840845,NO
143,66,0.016692975686627597,NO
144,184,0.017173712623419116,NO
145,51,0.016530186629840845,NO
146,120,0.016854536547969267,NO
147,69,0.016692975686627597,NO
148,21,0.016530186629840845,NO
149,180,0.017173712623419116,NO
150,211,0.01733119750147468,NO
151,61,0.016692975686627597,NO
152,21,0.016530186629840845,NO
153,113,0.016854536547969267,NO
154,66,0.016692975686627597,NO
155,72,0.016692975686627597,NO
156,74,0.016692975686627597,NO
157,33,0.016530186629840845,NO
158,21,0.016530186629840845,NO
159,24,0.016530186629840845,NO
160,63,0.016692975686627597,NO
161,58,0.016692975686627597,NO
162,45,0.016530186629840845,NO
163,84,0.016692975686627597,NO
164,1526,0.021604115689867552,NO
165,21,0.016530186629840845,NO
166,46,0.016530186629840845,NO
167,46,0.016530186629840845,NO
168,51,0.016530186629840845,NO
169,38,0.016530186629840845,NO
170,40,0.016530186629840845,NO
171,109,0.016854536547969267,NO
172,172,0.017173712623419116,NO
173,51,0.016530186629840845,NO
174,60,0.016692975686627597,NO
175,42,0.016530186629840845,NO
176,59,0.016692975686627597,NO
177,120,0.016854536547969267,NO
178,151,0.017014803933526,NO
179,2679,0.021710441999286335,NO
180,243,0.01748719359870155,NO
181,21,0.016530186629840845,NO
182,102,0.016854536547969267,NO
183,56,0.016692975686627597,NO
184,65,0.016692975686627597,NO
185,227,0.01733119750147468,NO
186,134,0.017014803933526,NO
187,502,0.018532074164478798,NO
188,179,0.017173712623419116,NO
189,131,0.017014803933526,NO
190,241,0.01748719359870155,NO
191,480,0.018532074164478798,NO
192,47,0.016530186629840845,NO
193,83,0.016692975686627597,NO
194,115,0.016854536547969267,NO
195,56,0.016692975686627597,NO
196,31,0.016530186629840845,NO
197,100,0.016854536547969267,NO
198,31,0.016530186629840845,NO
199,39,0.016530186629840845,NO
200,97,0.016854536547969267,NO
201,569,0.018813572711721314,NO
202,21,0.016530186629840845,NO
203,45,0.016530186629840845,NO
204,63,0.016692975686627597,NO
205,103,0.016854536547969267,NO
206,66,0.016692975686627597,NO
207,194,0.017173712623419116,NO
208,40,0.016530186629840845,NO
209,212,0.01733119750147468,NO
210,559,0.018813572711721314,NO
211,145,0.017014803933526,NO
212,207,0.01733119750147468,NO
213,336,0.0177944605728161,NO
214,350,0.017945602641432162,NO
215,588,0.018951171441815864,NO
216,2109,0.02215181587194159,NO
217,1278,0.02108707830962041,NO
218,426,0.018242584274933006,NO
219,481,0.018532074164478798,NO
220,794,0.019605262787266944,NO
221,88,0.016692975686627597,NO
222,307,0.0177944605728161,NO
223,62,0.016692975686627597,NO
224,212,0.01733119750147468,NO
225,105,0.016854536547969267,NO
226,345,0.017945602641432162,NO
227,81,0.016692975686627597,NO
228,257,0.01748719359870155,NO
229,408,0.018242584274933006,NO
230,169,0.017173712623419116,NO
231,106,0.016854536547969267,NO
232,162,0.017173712623419116,NO
233,245,0.01748719359870155,NO
234,322,0.0177944605728161,NO
235,169,0.017173712623419116,NO
236,166,0.017173712623419116,NO
237,370,0.017945602641432162,NO
238,202,0.01733119750147468,NO
239,419,0.018242584274933006,NO
240,254,0.01748719359870155,NO
241,349,0.017945602641432162,NO
242,205,0.01733119750147468,NO
243,437,0.018242584274933006,NO
244,95,0.016854536547969267,NO
245,53,0.016530186629840845,NO
246,154,0.017014803933526,NO
247,177,0.017173712623419116,NO
248,149,0.017014803933526,NO
249,177,0.017173712623419116,NO
250,375,0.018094998400634384,NO
251,310,0.0177944605728161,NO
252,67,0.016692975686627597,NO
253,46,0.016530186629840845,NO
254,157,0.01698492820666127,NO
255,101,0.016824937412634043,NO
256,261,0.017456503148556877,NO
257,65,0.016663655467835096,NO
258,160,0.017143562740321933,NO
259,115,0.016824937412634043,NO
260,74,0.016663655467835096,NO
261,733,0.019445043182328373,NO
262,186,0.017143562740321933,NO
263,447,0.01835605473687357,NO
264,59,0.016663655467835096,NO
265,319,0.01776324061117233,NO
266,204,0.017300776007418403,NO
267,60,0.016663655467835096,NO
268,835,0.019815240668991672,NO
269,1175,0.020781007585004955,NO
270,220,0.017300776007418403,NO
271,63,0.016663655467835096,NO
272,194,0.017143562740321933,NO
273,283,0.017610679494749724,NO
274,199,0.017300776007418403,NO
275,124,0.01698492820666127,NO
276,96,0.016824937412634043,NO
277,82,0.016663655467835096,NO
278,99,0.016824937412634043,NO
279,128,0.01698492820666127,NO
280,227,0.017300776007418403,NO
281,53,0.016501147542084205,NO
282,273,0.017610679494749724,NO
283,71,0.016663655467835096,NO
284,91,0.016824937412634043,NO
285,205,0.017300776007418403,NO
286,42,0.016501147542084205,NO
287,126,0.01698492820666127,NO
288,97,0.016824937412634043,NO
289,86,0.016663655467835096,NO
290,78,0.016663655467835096,NO
