ID, Size, Predicted, Actual
0,227,0.5687741737133757,NO
1,276,0.5704255495680822,NO
2,460,0.583904724597744,NO
3,138,0.5619771326233624,NO
4,355,0.5763331679327295,NO
5,23,0.5535425490477534,NO
6,48,0.5352957692570144,NO
7,59,0.5348776560953257,NO
8,79,0.5367868737160436,NO
9,67,0.534459246555839,NO
10,49,0.5340405411350165,NO
11,40,0.5321584087373875,NO
12,20,0.5321584087373875,NO
13,42,0.5321584087373875,NO
14,36,0.5317391994685304,NO
15,31,0.5313196978316548,NO
16,30,0.5313196978316548,NO
17,71,0.5332022446477401,NO
18,57,0.5332022446477401,NO
19,20,0.5313196978316548,NO
20,89,0.534273322870458,NO
21,60,0.5323627706522165,NO
22,102,0.535791642217748,NO
23,20,0.530059443817851,NO
24,93,0.5338533590929557,NO
25,59,0.5315221232039374,NO
26,111,0.5353716096207122,NO
27,20,0.52921782203413,NO
28,31,0.5466427519522103,NO
29,109,0.5568077610849003,NO
30,44,0.5444182989630696,NO
31,72,0.5440068271383225,NO
32,99,0.5544797314128656,NO
33,103,0.5564035142768533,NO
34,20,0.542130436575412,NO
35,137,0.9992796646767297,YES
36,1699,0.6964790410040123,NO
37,45,0.5196322052460638,NO
38,200,0.55747129722224,NO
39,2582,0.756848044331077,NO
40,55,0.5013944291699087,NO
41,204,0.5392504291201552,NO
42,59,0.5294153976738811,NO
43,102,0.5043812477846372,NO
44,34,0.4981838262000735,NO
45,83,0.5019933027073542,NO
46,114,0.5498922975379852,NO
47,60,0.4996336750878163,NO
48,512,0.5328484727330903,NO
49,87,0.5287908979097795,NO
50,130,0.5303081587449145,NO
51,37,0.5245683322181155,NO
52,101,0.49358048373319013,NO
53,1185,0.6412145850271255,NO
54,455,0.5685825415004321,NO
55,40,0.4821745574609676,NO
56,518,0.5828655056988249,NO
57,382,0.5651881540656754,NO
58,49,0.48091490962138667,NO
59,585,0.5184706111600332,NO
60,32,0.4763217144280534,NO
61,73,0.47967195577223315,NO
62,633,0.5809774364008385,NO
63,681,0.5962402243623331,NO
64,470,0.5779159617216946,NO
65,1015,0.6256169957124007,NO
66,278,0.5446376757727662,NO
67,31,0.46542489032691625,NO
68,36,0.5266860308441982,NO
69,58,0.5394604924729494,NO
70,172,0.5534219172676688,NO
71,86,0.5438498238885479,NO
72,162,0.5558708995786386,NO
73,53,0.45951705984601965,NO
74,415,0.5702312012440978,NO
75,200,0.5434444737701415,NO
76,264,0.5391565859130075,NO
77,166,0.554239521284031,NO
78,38,0.5065069116523078,NO
79,117,0.5490727149264077,NO
80,85,0.5098796479484752,NO
81,66,0.45444899316611115,NO
82,60,0.5075252011552703,NO
83,37,0.4521134841207187,NO
84,233,0.5362297625349827,NO
85,37,0.4516518861083522,NO
86,239,0.46492661276289,NO
87,40,0.45119012510466366,NO
88,208,0.5529732170829318,NO
89,189,0.5313027751776996,NO
90,22,0.5016993623314588,NO
91,262,0.528046857784252,NO
92,489,0.5671612765070219,NO
93,1418,0.5354552643678266,NO
94,1376,0.6533368518829911,NO
95,66,0.5373818721765113,NO
96,438,0.5609715669811296,NO
97,430,0.5559733775793749,NO
98,35,0.4019892277606914,NO
99,53,0.4038083480393022,NO
100,197,0.5430264465860336,NO
101,108,0.5122620478797301,NO
102,237,0.5203307924083197,NO
103,119,0.4051589830439119,NO
104,334,0.5509555719754196,NO
105,161,0.5283182227872786,NO
106,136,0.48720262793048835,NO
107,281,0.4136958345538967,NO
108,203,0.5294899864649452,NO
109,97,0.3980527712767686,NO
110,107,0.5311550047509943,NO
111,148,0.40086516251812043,NO
112,462,0.5356303626812994,NO
113,1856,0.5605850999815103,NO
114,245,0.3976185902343665,NO
115,634,0.5739977757578102,NO
116,214,0.3918054659261723,NO
117,259,0.3948079657768347,NO
118,90,0.3828123727807929,NO
119,93,0.5037530064022009,NO
120,337,0.5361858997174751,NO
121,149,0.5215987023849654,NO
122,611,0.41628353565941234,NO
123,115,0.5043812477846372,NO
124,193,0.9986635497803765,YES
125,815,0.9988936460675031,YES
126,591,0.536730534230444,NO
127,141,0.5037120713202298,NO
128,179,0.5210113998138491,NO
129,606,0.9987749559469926,YES
130,141,0.3697838626185796,NO
131,42,0.4946525651417981,NO
132,42,0.4626831811501671,NO
133,85,0.4660154395137255,NO
134,69,0.49610030884552114,NO
135,471,0.4930587309464124,NO
136,106,0.46657852134058714,NO
137,250,0.4767139882569304,NO
138,162,0.5192803005556911,NO
139,24,0.3479256881529871,NO
140,56,0.3496431982180622,NO
141,51,0.3491696061863888,NO
142,22,0.3474531796274454,NO
143,24,0.3474531796274454,NO
144,488,0.48844411526012593,NO
145,1624,0.6838627061068001,NO
146,47,0.3416026921087344,NO
147,2307,0.561996515923807,NO
148,85,0.32964413583817337,NO
149,50,0.3279500584503049,NO
150,44,0.3279500584503049,NO
151,52,0.3274809819581888,NO
152,41,0.3258177972525116,NO
153,48,0.3274809819581888,NO
154,110,0.3304250495611293,NO
155,69,0.3265432071747217,NO
156,20,0.32161307615937795,NO
157,213,0.3310238034669054,NO
158,542,0.3535603897030583,NO
159,233,0.3295288535729273,NO
160,134,0.3236891484005633,NO
161,104,0.4462100690297149,NO
162,121,0.5166031316044828,NO
163,39,0.43913016296535323,NO
164,41,0.3137022425160819,NO
165,248,0.5149854546770405,NO
166,215,0.3225126289919725,NO
167,269,0.49448993440382466,NO
168,165,0.3179189928849687,NO
169,277,0.45416029509925654,NO
170,100,0.3118683031676922,NO
171,358,0.5000314618504461,NO
172,29,0.4358666573257479,NO
173,339,0.4995794670499573,NO
174,719,0.5299997791783698,NO
175,141,0.5037120713202298,NO
176,801,0.5765266870426479,NO
177,77,0.3003001195133247,NO
178,97,0.29983979723878673,NO
179,380,0.3166133049470682,NO
180,214,0.30517164064026003,NO
181,38,0.2952792825934772,NO
182,79,0.2984600059962512,NO
183,25,0.2952792825934772,NO
184,84,0.2980004711823478,NO
185,34,0.29482258699603936,NO
186,33,0.29482258699603936,NO
187,104,0.29963286517807813,NO
188,193,0.304241068650467,NO
189,70,0.2954815038634172,NO
190,140,0.3003702160551509,NO
191,22,0.29390981132056887,NO
192,158,0.43597485730175184,NO
193,142,0.29944672407837997,NO
194,109,0.4340318676009491,NO
195,158,0.9980465057502198,YES
196,31,0.2920867528893944,NO
197,344,0.30998401467850195,NO
198,71,0.9979915891943879,YES
199,84,0.9980025266362285,YES
200,79,0.9979714682005255,YES
201,881,0.9984063694009185,YES
202,64,0.2868252724117579,NO
203,199,0.2949785826945167,NO
204,261,0.9980371017354571,YES
205,155,0.431262381605767,NO
206,42,0.28392585498335515,NO
207,405,0.5545747976329833,NO
208,248,0.29612696554193585,NO
209,541,0.5622501308127451,NO
210,28,0.27897506681444956,NO
211,452,0.5636417379780041,NO
212,474,0.3030064318344005,NO
213,379,0.29590245899882417,NO
214,83,0.42223115803764805,NO
215,393,0.5511086750492872,NO
216,458,0.2950129460472319,NO
217,248,0.533626794870799,NO
218,28,0.24351160165359806,NO
219,69,0.4038083480393022,NO
220,116,0.4008738514021993,NO
221,100,0.4984618611544072,NO
222,46,0.39668987576364534,NO
223,226,0.24043094945438417,NO
224,79,0.39757702516883386,NO
225,93,0.45404070983009215,NO
226,2156,0.7350712716442914,NO
227,41,0.2214167756817818,NO
228,64,0.22272308913210817,NO
229,149,0.4835907623092741,NO
230,334,0.5121846702546333,NO
231,114,0.4811644059341526,NO
232,66,0.22108887339955338,NO
233,38,0.21897797200744537,NO
234,46,0.3895616901839145,NO
235,101,0.22118658128143914,NO
236,111,0.39324607124562366,NO
237,156,0.45375616165954763,NO
238,113,0.4802590318300492,NO
239,770,0.5709774597454532,NO
240,392,0.4963418530824867,NO
241,330,0.2168616467073747,NO
242,139,0.2081192174736489,NO
243,59,0.20429352301937598,NO
244,78,0.20515086417533654,NO
245,49,0.38004885203426286,NO
246,511,0.5240040087989838,NO
247,42,0.20073422661021834,NO
248,75,0.44335311770190067,NO
249,219,0.4528024195619111,NO
250,103,0.4448097761767353,NO
251,158,0.4467629280512522,NO
252,190,0.38748460094361875,NO
253,88,0.20201853257464597,NO
254,248,0.3909529814653203,NO
255,276,0.3909529814653203,NO
256,60,0.18969890035610215,NO
257,35,0.18853929711326334,NO
258,63,0.18969890035610215,NO
259,79,0.190503831816938,NO
260,174,0.19418810182890286,NO
261,148,0.1925551045415204,NO
262,34,0.18741774200090253,NO
263,35,0.18741774200090253,NO
264,45,0.1881972733192163,NO
265,293,0.19787978365925088,NO
266,57,0.42882834106906276,NO
267,39,0.16999599353825995,NO
268,57,0.17106559001418004,NO
269,277,0.3736492433882301,NO
270,468,0.18691279418230503,NO
271,75,0.17073610971611228,NO
272,666,0.1957866771268471,NO
273,53,0.3572294738379992,NO
274,145,0.1711857043046136,NO
275,53,0.1675449134522134,NO
276,397,0.18079415523395295,NO
277,54,0.16614907884766053,NO
278,104,0.16830304439451585,NO
279,119,0.16795159910824076,NO
280,514,0.5279984788663561,NO
281,152,0.35974841858825546,NO
282,95,0.16477729725408774,NO
283,415,0.17636323875520135,NO
284,131,0.1641152947727701,NO
285,45,0.16200448488891145,NO
286,156,0.35783900283878084,NO
287,166,0.16561263060861883,NO
288,43,0.15995974009726893,NO
289,74,0.162017932200172,NO
290,302,0.4395081479798609,NO
291,494,0.3810476231985699,NO
292,421,0.3736094347696552,NO
293,723,0.3977013395256862,NO
294,550,0.382561723016442,NO
295,493,0.37761575197117586,NO
296,416,0.3706880397805633,NO
297,359,0.16453232310738974,NO
298,66,0.15127009432612984,NO
299,62,0.3453835521129057,NO
300,45,0.15127009432612984,NO
301,41,0.1499756171225063,NO
302,47,0.1509421553729524,NO
303,55,0.15061467401633136,NO
304,1456,0.22315197097149628,NO
305,187,0.3501289539244208,NO
306,163,0.1520139987930338,NO
307,142,0.4957217292903822,NO
308,73,0.3438047100392982,NO
309,108,0.4578239490870296,NO
310,20,0.33896198123249965,NO
311,60,0.45306321159429713,NO
312,84,0.45496605247199895,NO
313,82,0.4769554201647569,NO
314,86,0.49135208594779334,NO
315,67,0.1441614067718639,NO
316,20,0.33849109733254895,NO
317,60,0.1419462581109718,NO
318,88,0.45404070983009215,NO
319,47,0.3382991728870692,NO
320,76,0.34001966249244037,NO
321,21,0.33660854540705015,NO
322,53,0.14131751208715798,NO
323,114,0.34129628123893596,NO
324,121,0.4555094197164038,NO
325,78,0.14193616397117004,NO
326,20,0.3361381591860748,NO
327,69,0.3378276272384505,NO
328,80,0.33907433284829624,NO
329,79,0.4156140392892689,NO
330,81,0.14130673152280337,NO
331,88,0.4156140392892689,NO
332,20,0.3356678760053521,NO
333,105,0.41750752837329724,NO
334,60,0.4516759412165781,NO
335,50,0.13975373200711572,NO
336,28,0.13884712141893668,NO
337,129,0.41750752837329724,NO
338,43,0.33519769703258534,NO
339,76,0.14036605734757018,NO
340,63,0.1394423627398315,NO
341,65,0.41327813441191763,NO
342,76,0.3381293949504593,NO
343,45,0.1391314559265732,NO
344,20,0.33425765638073995,NO
345,126,0.00712138791614715,NO
