ID, Size, Predicted, Actual
0,227,2.886002886002886E-4,NO
1,276,2.886002886002886E-4,NO
2,460,2.886002886002886E-4,NO
3,138,2.886002886002886E-4,NO
4,355,2.886002886002886E-4,NO
5,23,0.9997113997113998,NO
6,31,0.9997113997113998,YES
7,109,2.886002886002886E-4,YES
8,44,0.9997113997113998,YES
9,72,0.9997113997113998,YES
10,99,2.886002886002886E-4,YES
11,103,2.886002886002886E-4,YES
12,20,2.886002886002886E-4,NO
13,135,2.886002886002886E-4,YES
14,1699,0.9997113997113998,YES
15,45,9.6237128284092E-5,NO
16,200,0.9997113997113998,NO
17,2583,0.9997113997113998,YES
18,55,2.886002886002886E-4,NO
19,204,2.886002886002886E-4,NO
20,59,2.886002886002886E-4,NO
21,102,2.886002886002886E-4,NO
22,34,2.886002886002886E-4,NO
23,83,0.9997113997113998,NO
24,114,0.9997113997113998,YES
25,60,0.9997113997113998,NO
26,512,0.9997113997113998,NO
27,87,2.886002886002886E-4,NO
28,130,2.886002886002886E-4,NO
29,37,2.886002886002886E-4,NO
30,101,1.443418013856813E-4,NO
31,1185,0.9997113997113998,YES
32,455,0.9997113997113998,YES
33,40,2.886002886002886E-4,NO
34,518,0.9997113997113998,YES
35,382,0.9997113997113998,NO
36,49,2.886002886002886E-4,NO
37,586,0.9997113997113998,NO
38,32,4.1249020335767024E-5,NO
39,73,0.9997113997113998,YES
40,633,0.9997113997113998,NO
41,681,0.9997113997113998,NO
42,470,0.9997113997113998,YES
43,1015,0.9997113997113998,NO
44,278,0.9997113997113998,NO
45,31,2.886002886002886E-4,NO
46,36,2.886002886002886E-4,NO
47,58,0.9997113997113998,YES
48,172,0.9997113997113998,YES
49,86,0.9997113997113998,NO
50,162,0.9997113997113998,NO
51,53,2.886002886002886E-4,NO
52,415,0.9997113997113998,NO
53,200,0.9997113997113998,NO
54,264,0.9997113997113998,NO
55,166,0.9997113997113998,YES
56,38,2.886002886002886E-4,NO
57,117,0.9997113997113998,NO
58,85,2.886002886002886E-4,NO
59,66,2.886002886002886E-4,NO
60,60,2.886002886002886E-4,NO
61,37,2.886002886002886E-4,NO
62,233,0.9997113997113998,NO
63,37,2.886002886002886E-4,NO
64,239,2.886002886002886E-4,NO
65,40,2.886002886002886E-4,NO
66,208,0.9997113997113998,YES
67,189,0.9997113997113998,NO
68,22,2.886002886002886E-4,NO
69,262,2.886002886002886E-4,NO
70,489,0.9997113997113998,YES
71,1417,0.9997113997113998,YES
72,1376,0.9997113997113998,YES
73,66,0.9997113997113998,NO
74,438,0.9997113997113998,NO
75,430,0.9997113997113998,YES
76,35,2.886002886002886E-4,NO
77,53,2.886002886002886E-4,NO
78,197,0.9997113997113998,NO
79,108,2.886002886002886E-4,NO
80,237,2.886002886002886E-4,NO
81,119,2.886002886002886E-4,NO
82,334,0.9997113997113998,NO
83,161,2.886002886002886E-4,NO
84,136,2.886002886002886E-4,NO
85,281,0.9997113997113998,NO
86,203,2.886002886002886E-4,NO
87,97,0.9997113997113998,NO
88,107,0.9997113997113998,NO
89,148,1.443418013856813E-4,NO
90,462,2.886002886002886E-4,NO
91,1856,0.9997113997113998,YES
92,245,0.9997113997113998,YES
93,634,0.9997113997113998,YES
94,214,2.886002886002886E-4,NO
95,258,0.9997113997113998,NO
96,70,2.886002886002886E-4,NO
97,93,2.886002886002886E-4,NO
98,337,0.9997113997113998,NO
99,149,0.9997113997113998,NO
100,585,0.9997113997113998,NO
101,115,0.9997113997113998,NO
102,192,0.9997113997113998,YES
103,704,0.9997113997113998,YES
104,591,0.9997113997113998,NO
105,141,0.9997113997113998,NO
106,179,0.9997113997113998,YES
107,602,0.9997113997113998,YES
108,141,2.886002886002886E-4,NO
109,42,0.9997113997113998,NO
110,42,2.886002886002886E-4,NO
111,85,3.60932649967516E-5,NO
112,69,0.9997113997113998,YES
113,471,2.886002886002886E-4,NO
114,106,2.886002886002886E-4,NO
115,250,2.886002886002886E-4,NO
116,162,0.9997113997113998,NO
117,24,2.886002886002886E-4,NO
118,56,2.886002886002886E-4,NO
119,51,2.886002886002886E-4,NO
120,22,2.886002886002886E-4,NO
121,24,2.886002886002886E-4,NO
122,492,0.9997113997113998,YES
123,1624,0.9997113997113998,YES
124,47,7.218131947451999E-5,NO
125,2258,0.9997113997113998,YES
126,85,2.886002886002886E-4,NO
127,50,2.886002886002886E-4,NO
128,44,2.886002886002886E-4,NO
129,52,2.886002886002886E-4,NO
130,41,2.886002886002886E-4,NO
131,48,2.886002886002886E-4,NO
132,213,2.886002886002886E-4,NO
133,543,0.9997113997113998,YES
134,233,2.886002886002886E-4,NO
135,134,0.9997113997113998,NO
136,104,2.886002886002886E-4,NO
137,121,0.9997113997113998,YES
138,39,2.886002886002886E-4,NO
139,41,0.9997113997113998,NO
140,248,2.886002886002886E-4,NO
141,215,1.443418013856813E-4,NO
142,269,0.9997113997113998,NO
143,165,2.886002886002886E-4,NO
144,277,2.886002886002886E-4,NO
145,100,2.886002886002886E-4,NO
146,358,0.9997113997113998,NO
147,29,2.886002886002886E-4,NO
148,339,0.9997113997113998,NO
149,719,0.9997113997113998,NO
150,141,2.886002886002886E-4,NO
151,801,0.9997113997113998,YES
152,69,4.812319538017324E-5,NO
153,77,4.812319538017324E-5,NO
154,97,7.218131947451999E-5,NO
155,380,1.443418013856813E-4,NO
156,214,4.812319538017324E-5,NO
157,38,2.886002886002886E-4,NO
158,79,4.812319538017324E-5,NO
159,25,4.812319538017324E-5,NO
160,84,4.812319538017324E-5,NO
161,34,4.812319538017324E-5,NO
162,33,4.812319538017324E-5,NO
163,104,4.812319538017324E-5,NO
164,193,2.886002886002886E-4,NO
165,70,4.812319538017324E-5,NO
166,140,4.812319538017324E-5,NO
167,22,1.443418013856813E-4,NO
168,158,0.9997113997113998,NO
169,142,2.886002886002886E-4,NO
170,109,0.9997113997113998,NO
171,152,2.886002886002886E-4,YES
172,31,7.218131947451999E-5,NO
173,344,2.886002886002886E-4,NO
174,60,2.886002886002886E-4,YES
175,85,2.886002886002886E-4,YES
176,78,2.886002886002886E-4,YES
177,880,2.886002886002886E-4,YES
178,64,2.886002886002886E-4,NO
179,199,2.886002886002886E-4,NO
180,264,2.886002886002886E-4,YES
181,155,0.9997113997113998,NO
182,42,2.886002886002886E-4,NO
183,405,0.9997113997113998,YES
184,248,4.812319538017324E-5,NO
185,541,0.9997113997113998,YES
186,28,2.886002886002886E-4,NO
187,452,0.9997113997113998,YES
188,474,2.886002886002886E-4,NO
189,379,0.9997113997113998,YES
190,83,2.886002886002886E-4,NO
191,393,0.9997113997113998,YES
192,439,0.9997113997113998,YES
193,248,0.9997113997113998,NO
194,13253,0.9997113997113998,YES
195,28,2.886002886002886E-4,NO
196,69,0.9997113997113998,YES
197,6303,0.9997113997113998,NO
198,116,2.886002886002886E-4,NO
199,100,0.9997113997113998,NO
200,46,2.886002886002886E-4,NO
201,226,2.886002886002886E-4,NO
202,79,2.886002886002886E-4,NO
203,93,2.886002886002886E-4,NO
204,2156,0.9997113997113998,YES
205,41,2.886002886002886E-4,NO
206,64,2.886002886002886E-4,NO
207,149,0.9997113997113998,NO
208,334,0.9997113997113998,NO
209,114,0.9997113997113998,NO
210,66,0.9997113997113998,NO
211,38,2.886002886002886E-4,NO
212,46,2.886002886002886E-4,NO
213,101,5.774672287347693E-5,NO
214,111,2.886002886002886E-4,NO
215,156,2.886002886002886E-4,NO
216,113,0.9997113997113998,NO
217,770,0.9997113997113998,YES
218,392,2.886002886002886E-4,NO
219,314,0.9997113997113998,NO
220,139,0.9997113997113998,YES
221,59,2.886002886002886E-4,NO
222,78,2.886002886002886E-4,NO
223,49,0.9997113997113998,NO
224,511,0.9997113997113998,YES
225,42,2.886002886002886E-4,NO
226,75,2.886002886002886E-4,NO
227,219,2.886002886002886E-4,NO
228,103,2.886002886002886E-4,NO
229,158,2.886002886002886E-4,NO
230,190,0.9997113997113998,NO
231,88,2.886002886002886E-4,NO
232,248,0.9997113997113998,NO
233,276,0.9997113997113998,NO
234,60,2.886002886002886E-4,NO
235,35,2.886002886002886E-4,NO
236,63,2.886002886002886E-4,NO
237,79,2.886002886002886E-4,NO
238,174,2.886002886002886E-4,NO
239,148,2.886002886002886E-4,NO
240,34,2.886002886002886E-4,NO
241,35,2.886002886002886E-4,NO
242,45,2.886002886002886E-4,NO
243,293,2.886002886002886E-4,NO
244,88,0.9997113997113998,YES
245,57,2.886002886002886E-4,NO
246,39,9.6237128284092E-5,NO
247,57,9.6237128284092E-5,NO
248,277,0.9997113997113998,NO
249,468,2.886002886002886E-4,NO
250,75,2.886002886002886E-4,NO
251,666,5.774672287347693E-5,NO
252,53,0.9997113997113998,YES
253,145,0.9997113997113998,NO
254,396,0.9997113997113998,YES
255,54,3.60932649967516E-5,NO
256,104,2.886002886002886E-4,NO
257,119,1.443418013856813E-4,NO
258,514,0.9997113997113998,YES
259,152,4.812319538017324E-5,NO
260,95,2.886002886002886E-4,NO
261,415,2.886002886002886E-4,NO
262,131,4.812319538017324E-5,NO
263,45,2.886002886002886E-4,NO
264,156,2.886002886002886E-4,NO
265,166,0.9997113997113998,YES
266,43,4.1249020335767024E-5,NO
267,74,0.9997113997113998,YES
268,302,2.886002886002886E-4,NO
269,494,2.886002886002886E-4,NO
270,421,2.886002886002886E-4,NO
271,723,2.886002886002886E-4,NO
272,550,2.886002886002886E-4,NO
273,493,2.886002886002886E-4,NO
274,416,2.886002886002886E-4,NO
275,359,2.886002886002886E-4,NO
276,62,4.812319538017324E-5,NO
277,45,4.812319538017324E-5,NO
278,41,2.886002886002886E-4,NO
279,47,2.886002886002886E-4,NO
280,55,2.886002886002886E-4,NO
281,1456,2.886002886002886E-4,NO
282,187,2.886002886002886E-4,NO
283,163,9.6237128284092E-5,NO
284,142,0.9997113997113998,NO
285,73,2.886002886002886E-4,NO
286,108,0.9997113997113998,YES
287,20,2.886002886002886E-4,NO
288,60,2.886002886002886E-4,NO
289,84,2.886002886002886E-4,NO
290,82,0.9997113997113998,NO
291,86,0.9997113997113998,YES
292,67,2.886002886002886E-4,NO
293,20,2.886002886002886E-4,NO
294,60,0.9997113997113998,YES
295,88,0.9997113997113998,YES
296,47,0.9997113997113998,YES
297,76,0.9997113997113998,YES
298,21,2.886002886002886E-4,NO
299,53,2.886002886002886E-4,NO
300,114,0.9997113997113998,YES
301,121,0.9997113997113998,YES
302,78,0.9997113997113998,YES
303,20,2.886002886002886E-4,NO
304,69,2.886002886002886E-4,NO
305,80,0.9997113997113998,NO
306,79,2.886002886002886E-4,NO
307,81,0.9997113997113998,YES
308,88,0.9997113997113998,YES
309,20,0.9997113997113998,NO
310,105,0.9997113997113998,YES
311,60,0.9997113997113998,YES
312,50,2.886002886002886E-4,NO
313,28,2.886002886002886E-4,NO
314,129,0.9997113997113998,YES
315,43,0.9997113997113998,NO
316,76,2.886002886002886E-4,NO
317,63,2.886002886002886E-4,NO
318,65,2.886002886002886E-4,NO
319,76,0.9997113997113998,YES
320,45,2.886002886002886E-4,NO
321,20,2.886002886002886E-4,NO
