ID, Size, Predicted, Actual
0,215,0.6840940237969342,NO
1,274,0.6855032239216091,YES
2,461,0.69410079560474,NO
3,138,0.6768201799076119,NO
4,358,0.6873735565349505,NO
5,93,0.6730994431162586,NO
6,1379,0.7083783683293705,YES
7,51,0.648463427569148,NO
8,45,0.623731887908605,NO
9,157,0.6303448159016644,NO
10,31,0.6462283150307359,NO
11,1743,0.9996246083629639,YES
12,55,0.6335097779023257,NO
13,204,0.6579500309178242,NO
14,55,0.5919476513687919,NO
15,103,0.5970471388775498,NO
16,34,0.5911889152049483,NO
17,83,0.5937622076753283,NO
18,488,0.6782756786640198,NO
19,83,0.5899754508616392,NO
20,129,0.5925120574447522,NO
21,885,0.6948782154970916,NO
22,440,0.6466007113446505,NO
23,40,0.5684302125433147,NO
24,391,0.5911137150416148,NO
25,378,0.5873935224298461,NO
26,51,0.5638845809288215,NO
27,709,0.6742202646062975,YES
28,32,0.5578301450972885,NO
29,68,0.5604572994849142,YES
30,564,0.5884729769492122,YES
31,588,0.5890235538323364,NO
32,381,0.6527019479963281,YES
33,977,0.6901615766118204,NO
34,275,0.6209363162526835,NO
35,31,0.5382264313659743,NO
36,50,0.5337232117522581,NO
37,27,0.6033221230648084,NO
38,183,0.536612786411668,NO
39,50,0.5254923941283973,NO
40,62,0.5266572613949085,NO
41,87,0.5266572613949085,NO
42,52,0.5232537592139266,NO
43,419,0.5479471505658718,YES
44,224,0.5324111731518707,NO
45,118,0.5240636859267286,YES
46,83,0.5207017952694803,NO
47,147,0.5258979875980112,NO
48,120,0.5233207004773265,NO
49,58,0.5199587848847603,NO
50,44,0.5172980481261392,NO
51,106,0.5225780275393642,YES
52,238,0.5287038845258643,NO
53,43,0.5158124475253362,NO
54,195,0.6304733497655399,YES
55,189,0.603475747867759,NO
56,151,0.5001206216102831,NO
57,395,0.6364350248630195,YES
58,1013,0.6769046239389346,YES
59,913,0.5276074293495967,YES
60,43,0.46843184584230513,NO
61,335,0.48571560749384685,YES
62,27,0.4613268153405149,NO
63,55,0.4613268153405149,NO
64,93,0.4658792223479654,NO
65,191,0.4695681825445599,NO
66,90,0.5672600081498863,NO
67,89,0.4611478504329832,NO
68,273,0.47168623298547446,NO
69,191,0.5725952114505601,NO
70,97,0.4581227205593972,NO
71,82,0.45551829959775125,NO
72,148,0.4599869359748532,NO
73,437,0.4777161064581618,NO
74,1376,0.6606873141860679,YES
75,214,0.4428024594950545,YES
76,528,0.45844284154122367,NO
77,209,0.4380290087158746,NO
78,190,0.43353279259229843,NO
79,86,0.4245888886630208,NO
80,269,0.5594573950527036,YES
81,408,0.5657683895559614,YES
82,572,0.44833811567561577,NO
83,132,0.41041142850995743,NO
84,173,0.4122198713018482,NO
85,107,0.4033587133985337,NO
86,85,0.5333797490267049,NO
87,107,0.40141785474624336,NO
88,250,0.5452693738324965,NO
89,237,0.4042427540440775,NO
90,692,0.5676183942056285,YES
91,47,0.38805012414291523,NO
92,1487,0.690229516195303,YES
93,27,0.38050857562646156,NO
94,89,0.38302402306381905,NO
95,509,0.40932727517094875,YES
96,227,0.3896153778458353,NO
97,129,0.38113844407619213,YES
98,101,0.9991406375099368,YES
99,385,0.39500981325627416,NO
100,102,0.9991303608152758,YES
101,41,0.3706297980756578,NO
102,244,0.6246679053657371,NO
103,215,0.3802918433463749,NO
104,260,0.38199881902473615,NO
105,119,0.37008073893436993,NO
106,701,0.40032102690615295,NO
107,120,0.36464867197651524,YES
108,630,0.3946337389792814,YES
109,69,0.5088548462239896,NO
110,77,0.3592394648927608,NO
111,97,0.3616590514178487,NO
112,380,0.37772197704517174,NO
113,214,0.3681332158906494,NO
114,38,0.3561979368308957,NO
115,79,0.3586457143630473,NO
116,25,0.3561979368308957,NO
117,84,0.3586457143630473,NO
118,34,0.3561979368308957,NO
119,33,0.3561979368308957,NO
120,104,0.3610635552543126,NO
121,193,0.3658077172666494,NO
122,70,0.3586457143630473,NO
123,140,0.3634510287853874,NO
124,22,0.3561979368308957,NO
125,156,0.3634510287853874,NO
126,142,0.3634510287853874,NO
127,100,0.36046887006407236,YES
128,153,0.36285464448258103,NO
129,31,0.35560680530057714,NO
130,340,0.37431457807941704,NO
131,61,0.3580527798255535,NO
132,61,0.357460661937298,NO
133,877,0.40302847033911177,NO
134,62,0.35216845348382575,NO
135,186,0.35927356642624814,NO
136,264,0.3638578091896113,NO
137,42,0.34915871473520754,NO
138,248,0.36208291605058585,NO
139,343,0.5768919559588936,YES
140,199,0.3493680407786833,YES
141,330,0.3565574316515795,YES
142,346,0.5131587416647224,YES
143,89,0.3355707895702281,NO
144,193,0.5004759966808762,YES
145,406,0.5724708408240019,YES
146,82,0.32671329083516853,NO
147,53,0.32437322763411836,NO
148,148,0.33131177632663583,NO
149,4774,0.3347039612755937,YES
150,4088,0.6635309277764115,NO
151,93,0.30825550437783644,NO
152,78,0.5393733628653284,NO
153,78,0.30448307309679257,NO
154,995,0.3471816530822518,YES
155,37,0.28635282880597474,NO
156,59,0.28853574521965913,NO
157,140,0.29283058961135167,NO
158,165,0.5363202143742097,NO
159,47,0.45779551244190725,NO
160,101,0.28875291538603926,NO
161,109,0.2882694140182938,NO
162,154,0.5716118779009077,NO
163,559,0.30904913511902,YES
164,386,0.2866611526562607,NO
165,306,0.281418592544817,YES
166,135,0.2725465352677798,NO
167,56,0.2679867105529197,NO
168,78,0.2679867105529197,NO
169,35,0.2659011551422046,NO
170,467,0.4722119763018219,YES
171,174,0.26781247578368234,NO
172,148,0.26538060405790376,NO
173,88,0.25700756563040955,NO
174,52,0.2528523802486686,NO
175,39,0.25242967060275895,NO
176,208,0.2623045804525006,YES
177,77,0.25402203538076423,NO
178,666,0.28317779800494725,NO
179,146,0.2571348158971652,NO
180,272,0.2616184738039743,YES
181,54,0.5076671304174112,NO
182,100,0.25179562424919066,NO
183,119,0.25179562424919066,NO
184,363,0.2645727937201003,NO
185,152,0.4351038539731226,NO
186,39,0.5061910141858557,NO
187,677,0.27645604943005486,NO
188,131,0.25040982705263104,NO
189,47,0.24454595703523205,NO
190,100,0.24806345018436654,NO
191,43,0.24413874632675117,NO
192,73,0.24611083643302284,NO
193,234,0.25338229570786314,NO
194,62,0.4272845785965796,NO
195,45,0.24251755979718745,NO
196,41,0.24251755979718745,NO
197,47,0.24251755979718745,NO
198,55,0.24251755979718745,NO
199,1279,0.2948979161796427,NO
200,183,0.24860909024931147,NO
201,163,0.24671371782297874,NO
202,147,0.4310363362243795,NO
203,77,0.4259353684565661,NO
204,99,0.24479817736381365,NO
205,53,0.2397098309972487,NO
206,95,0.2435862813776371,NO
207,77,0.4252617863219617,NO
208,69,0.24165758334875798,NO
209,69,0.24165758334875798,NO
210,77,0.24165758334875798,NO
211,80,0.24165758334875798,NO
212,72,0.24165758334875798,NO
213,63,0.24165758334875798,NO
214,50,0.2397098309972487,NO
215,28,0.2397098309972487,NO
216,108,0.2435862813776371,NO
217,40,0.2397098309972487,NO
218,76,0.24165758334875798,NO
219,64,0.24165758334875798,NO
220,63,0.24165758334875798,NO
221,55,0.23931176242656524,NO
222,45,0.23931176242656524,NO
223,476,0.26087522532673124,NO
224,77,0.2408577870981405,NO
225,69,0.2408577870981405,NO
226,104,0.24278214545140606,NO
227,115,0.24278214545140606,NO
228,421,0.25743509106718476,NO
229,61,0.2408577870981405,NO
230,2009,0.5068264668799703,NO
231,179,0.24657192066742634,NO
232,106,0.24278214545140606,NO
233,33,0.23891445017306837,NO
234,657,0.26904754755467863,NO
235,295,0.2521019224603966,NO
236,872,0.2779923859003619,NO
237,444,0.2591669772313531,NO
238,168,0.24657192066742634,NO
239,752,0.27213703291361674,NO
240,135,0.24468702177002644,NO
241,1126,0.28714687393816746,NO
242,163,0.24468702177002644,NO
243,184,0.24657192066742634,NO
244,51,0.23891445017306837,NO
245,25,0.23891445017306837,NO
246,180,0.24657192066742634,NO
247,64,0.2408577870981405,NO
248,101,0.24278214545140606,NO
249,512,0.2625594166347788,NO
250,187,0.24657192066742634,NO
251,56,0.2408577870981405,NO
252,39,0.23891445017306837,NO
253,261,0.2502798457154149,NO
254,73,0.2408577870981405,NO
255,65,0.2408577870981405,NO
256,329,0.2539021231521106,NO
257,64,0.2408577870981405,NO
258,164,0.24468702177002644,NO
259,624,0.4592132076404757,NO
260,74,0.2408577870981405,NO
261,117,0.24278214545140606,NO
262,84,0.2408577870981405,NO
263,226,0.4346386427014906,NO
264,76,0.2408577870981405,NO
265,323,0.2539021231521106,NO
266,72,0.2408577870981405,NO
267,42,0.23891445017306837,NO
268,48,0.5017721187881286,NO
269,89,0.42391667735336447,NO
270,380,0.5242769749314927,NO
271,144,0.24468702177002644,NO
272,148,0.24428395884188808,NO
273,191,0.24616676475700414,NO
274,46,0.4213160635460338,NO
275,165,0.24428395884188808,NO
276,171,0.24616676475700414,NO
277,56,0.24045902379925485,NO
278,179,0.5121848092571412,NO
279,74,0.42391667735336447,NO
280,36,0.23851789337402415,NO
281,37,0.23851789337402415,NO
282,34,0.23851789337402415,NO
283,34,0.23851789337402415,NO
284,38,0.4213160635460338,NO
285,39,0.4213160635460338,NO
286,156,0.24428395884188808,NO
287,78,0.24045902379925485,NO
288,117,0.2419810375485078,NO
289,94,0.2419810375485078,NO
290,69,0.24006101591787746,NO
291,180,0.24375170745712071,NO
292,80,0.23808227781252495,NO
293,183,0.24375170745712071,NO
294,70,0.4219041800694937,NO
295,54,0.2361543684937986,NO
296,160,0.24188144615765197,NO
297,128,0.23841334310271517,NO
298,151,0.23950600020685056,NO
299,422,0.24964287708072905,NO
300,221,0.24082818260932787,NO
301,50,0.2315080554705646,NO
302,42,0.41530765514642287,NO
303,622,0.25947390027974176,NO
304,365,0.24752241800455285,NO
305,382,0.24752241800455285,NO
306,72,0.23302506543754228,NO
307,92,0.23302506543754228,NO
308,280,0.244021079359487,NO
309,371,0.24752241800455285,NO
310,47,0.2311256851516716,NO
311,108,0.2349062080805451,NO
312,111,0.2349062080805451,NO
313,314,0.2457825397774711,NO
314,129,0.23298373356335397,NO
315,49,0.2292248807814919,NO
316,358,0.2455298271295987,NO
317,273,0.23832969032732157,NO
318,47,0.22734240439292686,NO
319,89,0.22921996277600343,NO
320,41,0.22734240439292686,NO
321,66,0.41391710573979973,NO
322,63,0.22921996277600343,NO
323,24,0.22734240439292686,NO
324,50,0.22734240439292686,NO
325,72,0.41391710573979973,NO
326,47,0.22734240439292686,NO
327,47,0.41133403538225527,NO
328,183,0.5493113592572797,NO
329,49,0.22696809832174963,NO
330,50,0.22696809832174963,NO
331,98,0.2307010207212334,NO
332,143,0.23254021764932747,NO
333,43,0.22696809832174963,NO
334,42,0.22696809832174963,NO
335,56,0.22884348098349305,NO
336,44,0.22696809832174963,NO
337,26,0.22696809832174963,NO
338,254,0.5984693261036981,NO
339,16883,0.6343283485601542,NO
340,74,0.18288786588870506,NO
341,153,0.3743230112036637,NO
342,68,0.4632684045404491,NO
343,100,0.18446160853657267,NO
344,547,0.20151267448312948,NO
345,437,0.19733794895853896,NO
346,1038,0.4208112665868408,NO
347,104,0.18360769199867602,NO
348,332,0.19241290967543873,NO
349,123,0.1833242338389074,NO
350,106,0.1833242338389074,NO
351,107,0.37068830983710527,NO
352,94,0.18304136435600427,NO
353,101,0.18275908255014847,NO
354,38,0.17962077390863546,NO
355,666,0.20397614287844384,NO
356,32,0.17934285447877468,NO
357,111,0.1824773874227295,NO
358,35,0.3651630539511499,NO
359,90,0.1809168178815964,NO
360,27,0.17934285447877468,NO
361,28,0.17934285447877468,NO
362,92,0.5461341075119939,NO
363,978,0.21383968244572027,NO
364,67,0.18008085445702723,NO
365,29,0.36395711515941076,NO
366,105,0.18163581212576935,NO
367,72,0.18008085445702723,NO
368,37,0.36395711515941076,NO
369,47,0.17851257882335972,NO
370,31,0.17851257882335972,NO
371,90,0.3664278652821672,NO
372,221,0.18564715845841193,NO
373,213,0.18564715845841193,NO
374,105,0.1810776770223402,NO
375,37,0.17796195386812516,NO
376,27,0.17796195386812516,NO
377,48,0.17796195386812516,NO
378,167,0.18413848627735732,NO
379,213,0.18536353122762791,NO
380,867,0.2083344332814136,NO
381,158,0.18233514288352498,NO
382,93,0.18079948100809992,NO
383,96,0.36765845744956444,NO
384,840,0.20802527362398027,NO
385,535,0.1976009183077568,NO
386,83,0.17869917717296396,NO
387,63,0.17869917717296396,NO
388,76,0.3652216977856184,NO
389,202,0.18329470939908668,NO
390,155,0.18177682323610167,NO
391,1263,0.21773732766302023,NO
392,74,0.36341850901431394,NO
393,101,0.1788682846958713,NO
394,27,0.1757824173982776,NO
395,22,0.1757824173982776,NO
396,491,0.1934148861633195,NO
397,62,0.1773318855037039,NO
398,59,0.1773318855037039,NO
399,99,0.1788682846958713,NO
400,27,0.3609564899851913,NO
401,77,0.36341850901431394,NO
402,865,0.4069212555285815,NO
403,64,0.3628190658079441,NO
404,45,0.17497449205575275,NO
405,63,0.36222043370345985,NO
406,54,0.17497449205575275,NO
407,64,0.36222043370345985,NO
408,132,0.17956666255078174,NO
409,182,0.18107017739915895,NO
410,70,0.17651836374584562,NO
411,36,0.17497449205575275,NO
412,58,0.17651836374584562,NO
413,62,0.17651836374584562,NO
414,132,0.17929297689797855,NO
415,74,0.1762483260623253,NO
416,86,0.1762483260623253,NO
417,74,0.1762483260623253,NO
418,48,0.3597619441584218,NO
419,74,0.1762483260623253,NO
420,86,0.1762483260623253,NO
421,355,0.3807651764907126,NO
422,53,0.1744387022641586,NO
423,798,0.20288491341844597,NO
424,75,0.36162261343088975,NO
425,128,0.17696515262829876,NO
426,198,0.17997172379043058,NO
427,138,0.1782039346611833,NO
428,57,0.3610256057097526,NO
429,123,0.36345039869801044,NO
430,314,0.18525078515555712,NO
431,162,0.17793309426473503,NO
432,137,0.17793309426473503,NO
433,124,0.1764265076897372,NO
434,359,0.186668216594243,NO
435,151,0.17793309426473503,NO
436,107,0.1764265076897372,NO
437,28,0.17337387187779332,NO
438,58,0.17490661472116653,NO
439,470,0.1908206771093221,NO
440,345,0.18441584524530832,NO
441,103,0.3622553578548546,NO
442,35,0.17258112332714212,NO
443,98,0.3622553578548546,NO
444,117,0.1756227665269116,NO
