ID, Size, Predicted, Actual
0,212,0.0016160540534460195,NO
1,274,0.9998379231296857,NO
2,461,0.0016160540534460195,NO
3,138,0.0016160540534460195,NO
4,358,8.093349557588595E-4,NO
5,1272,0.9998379231296857,YES
6,51,4.049952546959716E-4,NO
7,45,8.093349557588595E-4,NO
8,157,8.093349557588595E-4,NO
9,31,4.049952546959716E-4,NO
10,1406,0.9998379231296857,YES
11,55,5.398479156985519E-4,NO
12,204,5.398479156985519E-4,NO
13,55,0.0016160540534460195,NO
14,103,0.0016160540534460195,NO
15,34,0.0016160540534460195,NO
16,83,0.0016160540534460195,NO
17,285,0.0016160540534460195,NO
18,83,0.0016160540534460195,NO
19,129,0.0016160540534460195,NO
20,867,0.0016160540534460195,YES
21,380,0.0016160540534460195,NO
22,40,4.049952546959716E-4,NO
23,387,0.0016160540534460195,NO
24,390,0.0016160540534460195,NO
25,51,5.398479156985519E-4,NO
26,637,0.0016160540534460195,YES
27,32,4.049952546959716E-4,NO
28,68,4.049952546959716E-4,NO
29,547,5.398479156985519E-4,NO
30,566,0.0016160540534460195,NO
31,314,0.0016160540534460195,NO
32,907,0.0016160540534460195,YES
33,275,0.0016160540534460195,NO
34,31,5.398479156985519E-4,NO
35,50,5.398479156985519E-4,NO
36,27,4.049952546959716E-4,NO
37,175,5.398479156985519E-4,NO
38,50,5.398479156985519E-4,NO
39,62,5.398479156985519E-4,NO
40,87,8.093349557588595E-4,NO
41,52,5.398479156985519E-4,NO
42,373,0.9998379231296857,NO
43,224,0.0016160540534460195,NO
44,118,0.0016160540534460195,NO
45,83,0.0016160540534460195,NO
46,147,3.240486990309365E-4,NO
47,58,8.093349557588595E-4,NO
48,44,4.049952546959716E-4,NO
49,106,0.0016160540534460195,NO
50,238,0.0016160540534460195,NO
51,43,0.0016160540534460195,NO
52,185,0.0016160540534460195,YES
53,189,5.398479156985519E-4,NO
54,151,0.0016160540534460195,NO
55,364,0.9998379231296857,YES
56,910,0.9998379231296857,YES
57,889,0.9998379231296857,YES
58,43,0.0016160540534460195,NO
59,325,0.9998379231296857,YES
60,27,0.0016160540534460195,NO
61,55,4.049952546959716E-4,NO
62,93,0.0016160540534460195,NO
63,191,5.398479156985519E-4,NO
64,90,5.398479156985519E-4,NO
65,89,0.0016160540534460195,NO
66,272,0.9998379231296857,YES
67,152,0.0016160540534460195,NO
68,90,8.093349557588595E-4,NO
69,82,8.093349557588595E-4,NO
70,148,0.0016160540534460195,NO
71,421,0.9998379231296857,YES
72,1190,0.9998379231296857,YES
73,528,0.0016160540534460195,YES
74,205,0.9998379231296857,YES
75,190,0.0016160540534460195,NO
76,86,0.0016160540534460195,NO
77,212,0.9998379231296857,YES
78,404,0.9998379231296857,YES
79,572,0.0016160540534460195,NO
80,132,0.0016160540534460195,YES
81,168,0.0016160540534460195,NO
82,109,5.398479156985519E-4,YES
83,85,3.240486990309365E-4,NO
84,107,0.0016160540534460195,NO
85,237,0.0016160540534460195,NO
86,511,0.0016160540534460195,YES
87,47,0.0016160540534460195,NO
88,1328,0.9998379231296857,YES
89,27,4.049952546959716E-4,NO
90,89,5.398479156985519E-4,NO
91,482,0.0016160540534460195,NO
92,226,0.9998379231296857,YES
93,166,0.0016160540534460195,NO
94,92,0.0016160540534460195,NO
95,476,8.093349557588595E-4,NO
96,93,0.0016160540534460195,NO
97,244,5.398479156985519E-4,NO
98,204,8.093349557588595E-4,NO
99,252,8.093349557588595E-4,NO
100,119,0.9998379231296857,YES
101,733,0.0016160540534460195,NO
102,630,0.9998379231296857,YES
103,69,5.398479156985519E-4,NO
104,77,5.398479156985519E-4,NO
105,97,0.0016160540534460195,NO
106,380,0.0016160540534460195,NO
107,214,5.398479156985519E-4,NO
108,38,0.0016160540534460195,NO
109,79,5.398479156985519E-4,NO
110,25,5.398479156985519E-4,NO
111,84,5.398479156985519E-4,NO
112,34,5.398479156985519E-4,NO
113,33,5.398479156985519E-4,NO
114,104,5.398479156985519E-4,NO
115,193,0.0016160540534460195,NO
116,70,5.398479156985519E-4,NO
117,140,5.398479156985519E-4,NO
118,22,0.0016160540534460195,NO
119,156,8.093349557588595E-4,NO
120,142,0.0016160540534460195,NO
121,100,0.0016160540534460195,NO
122,152,0.0016160540534460195,NO
123,31,0.0016160540534460195,NO
124,60,0.0016160540534460195,NO
125,60,0.0016160540534460195,NO
126,876,0.0016160540534460195,NO
127,61,0.0016160540534460195,NO
128,185,0.0016160540534460195,NO
129,264,0.0016160540534460195,NO
130,43,0.0016160540534460195,NO
131,248,5.398479156985519E-4,NO
132,361,0.9998379231296857,YES
133,199,0.0016160540534460195,NO
134,194,5.398479156985519E-4,NO
135,346,8.093349557588595E-4,NO
136,91,0.0016160540534460195,NO
137,335,0.9998379231296857,YES
138,370,0.0016160540534460195,NO
139,82,0.9998379231296857,NO
140,53,8.093349557588595E-4,NO
141,148,0.0016160540534460195,NO
142,4088,5.398479156985519E-4,NO
143,88,0.0016160540534460195,NO
144,878,0.9998379231296857,YES
145,37,0.0016160540534460195,NO
146,48,0.0016160540534460195,NO
147,47,8.093349557588595E-4,NO
148,101,8.093349557588595E-4,NO
149,556,0.9998379231296857,YES
150,360,0.9998379231296857,YES
151,284,0.9998379231296857,YES
152,135,0.0016160540534460195,NO
153,56,5.398479156985519E-4,NO
154,78,0.0016160540534460195,YES
155,409,0.0016160540534460195,YES
156,174,5.398479156985519E-4,NO
157,148,5.398479156985519E-4,NO
158,88,0.0016160540534460195,NO
159,45,5.398479156985519E-4,YES
160,39,5.398479156985519E-4,NO
161,182,5.398479156985519E-4,NO
162,77,5.398479156985519E-4,NO
163,666,8.093349557588595E-4,NO
164,104,0.0016160540534460195,NO
165,263,0.0016160540534460195,NO
166,54,3.240486990309365E-4,NO
167,76,0.0016160540534460195,NO
168,119,0.0016160540534460195,NO
169,200,0.9998379231296857,YES
170,152,5.398479156985519E-4,NO
171,39,3.240486990309365E-4,NO
172,677,0.0016160540534460195,NO
173,131,5.398479156985519E-4,NO
174,47,4.049952546959716E-4,NO
175,100,0.0016160540534460195,NO
176,43,4.049952546959716E-4,NO
177,73,0.0016160540534460195,NO
178,257,0.0016160540534460195,NO
179,356,0.0016160540534460195,NO
180,62,5.398479156985519E-4,NO
181,45,5.398479156985519E-4,NO
182,97,8.093349557588595E-4,NO
183,131,5.398479156985519E-4,YES
184,68,8.093349557588595E-4,NO
185,99,8.093349557588595E-4,NO
186,53,8.093349557588595E-4,NO
187,81,8.093349557588595E-4,NO
188,78,8.093349557588595E-4,YES
189,69,8.093349557588595E-4,NO
190,69,8.093349557588595E-4,NO
191,77,8.093349557588595E-4,NO
192,72,8.093349557588595E-4,NO
193,72,8.093349557588595E-4,NO
194,63,8.093349557588595E-4,NO
195,50,8.093349557588595E-4,NO
196,28,8.093349557588595E-4,NO
197,96,8.093349557588595E-4,NO
198,40,8.093349557588595E-4,NO
199,76,8.093349557588595E-4,NO
200,49,8.093349557588595E-4,NO
201,63,8.093349557588595E-4,NO
202,55,8.093349557588595E-4,NO
203,45,8.093349557588595E-4,NO
204,476,8.093349557588595E-4,NO
205,77,8.093349557588595E-4,NO
206,69,8.093349557588595E-4,NO
207,104,8.093349557588595E-4,NO
208,115,8.093349557588595E-4,NO
209,421,8.093349557588595E-4,NO
210,61,8.093349557588595E-4,NO
211,2009,8.093349557588595E-4,NO
212,179,8.093349557588595E-4,NO
213,106,8.093349557588595E-4,NO
214,33,8.093349557588595E-4,NO
215,657,8.093349557588595E-4,NO
216,295,8.093349557588595E-4,NO
217,872,8.093349557588595E-4,NO
218,444,8.093349557588595E-4,NO
219,168,8.093349557588595E-4,NO
220,752,8.093349557588595E-4,NO
221,135,8.093349557588595E-4,NO
222,1126,8.093349557588595E-4,NO
223,163,8.093349557588595E-4,NO
224,184,8.093349557588595E-4,NO
225,51,8.093349557588595E-4,NO
226,25,8.093349557588595E-4,NO
227,180,8.093349557588595E-4,NO
228,64,8.093349557588595E-4,NO
229,101,8.093349557588595E-4,NO
230,512,8.093349557588595E-4,NO
231,187,8.093349557588595E-4,NO
232,56,8.093349557588595E-4,NO
233,39,8.093349557588595E-4,NO
234,261,8.093349557588595E-4,NO
235,73,8.093349557588595E-4,NO
236,65,8.093349557588595E-4,NO
237,329,8.093349557588595E-4,NO
238,64,8.093349557588595E-4,NO
239,164,8.093349557588595E-4,NO
240,624,8.093349557588595E-4,NO
241,74,8.093349557588595E-4,NO
242,117,8.093349557588595E-4,NO
243,84,8.093349557588595E-4,NO
244,226,8.093349557588595E-4,NO
245,76,8.093349557588595E-4,NO
246,323,8.093349557588595E-4,NO
247,72,3.240486990309365E-4,NO
248,42,3.240486990309365E-4,NO
249,48,3.240486990309365E-4,NO
250,89,5.398479156985519E-4,NO
251,380,5.398479156985519E-4,NO
252,141,8.093349557588595E-4,NO
253,148,8.093349557588595E-4,NO
254,191,5.398479156985519E-4,NO
255,46,3.240486990309365E-4,NO
256,165,4.049952546959716E-4,NO
257,171,5.398479156985519E-4,NO
258,56,5.398479156985519E-4,NO
259,179,5.398479156985519E-4,NO
260,74,3.240486990309365E-4,NO
261,36,4.049952546959716E-4,NO
262,37,3.240486990309365E-4,NO
263,34,5.398479156985519E-4,NO
264,34,5.398479156985519E-4,NO
265,38,3.240486990309365E-4,NO
266,39,3.240486990309365E-4,NO
267,156,5.398479156985519E-4,NO
268,84,5.398479156985519E-4,NO
269,117,5.398479156985519E-4,NO
270,94,5.398479156985519E-4,NO
271,71,5.398479156985519E-4,NO
272,183,5.398479156985519E-4,NO
273,85,5.398479156985519E-4,NO
274,183,5.398479156985519E-4,NO
275,70,5.398479156985519E-4,NO
276,54,5.398479156985519E-4,NO
277,160,5.398479156985519E-4,NO
278,128,0.0016160540534460195,NO
279,151,5.398479156985519E-4,NO
280,422,8.093349557588595E-4,NO
281,221,8.093349557588595E-4,NO
282,50,5.398479156985519E-4,NO
283,42,5.398479156985519E-4,NO
284,624,5.398479156985519E-4,NO
285,377,5.398479156985519E-4,NO
286,382,0.0016160540534460195,NO
287,72,5.398479156985519E-4,NO
288,92,5.398479156985519E-4,NO
289,282,8.093349557588595E-4,NO
290,371,5.398479156985519E-4,NO
291,47,5.398479156985519E-4,NO
292,108,5.398479156985519E-4,NO
293,111,5.398479156985519E-4,NO
294,319,5.398479156985519E-4,NO
295,129,5.398479156985519E-4,NO
296,49,5.398479156985519E-4,NO
297,358,5.398479156985519E-4,NO
298,277,5.398479156985519E-4,NO
299,49,5.398479156985519E-4,NO
300,89,5.398479156985519E-4,NO
301,41,3.240486990309365E-4,NO
302,66,3.240486990309365E-4,NO
303,63,4.049952546959716E-4,NO
304,24,5.398479156985519E-4,NO
305,50,5.398479156985519E-4,NO
306,72,5.398479156985519E-4,NO
307,47,5.398479156985519E-4,NO
308,47,3.240486990309365E-4,NO
309,183,3.240486990309365E-4,NO
310,49,3.240486990309365E-4,NO
311,50,3.240486990309365E-4,NO
312,98,3.240486990309365E-4,NO
313,143,4.049952546959716E-4,NO
314,43,3.240486990309365E-4,NO
315,42,3.240486990309365E-4,NO
316,56,4.049952546959716E-4,NO
317,44,5.398479156985519E-4,NO
318,26,5.398479156985519E-4,NO
319,254,5.398479156985519E-4,NO
320,16883,5.398479156985519E-4,NO
321,74,5.398479156985519E-4,NO
322,153,3.240486990309365E-4,NO
323,68,5.398479156985519E-4,NO
324,100,5.398479156985519E-4,NO
325,550,8.093349557588595E-4,NO
326,437,5.398479156985519E-4,NO
327,1038,8.093349557588595E-4,NO
328,104,8.093349557588595E-4,NO
329,332,8.093349557588595E-4,NO
330,123,4.049952546959716E-4,NO
331,106,5.398479156985519E-4,NO
332,105,0.0016160540534460195,NO
333,94,8.093349557588595E-4,NO
334,101,8.093349557588595E-4,NO
335,38,5.398479156985519E-4,NO
336,666,0.9998379231296857,YES
337,32,4.049952546959716E-4,NO
338,111,3.240486990309365E-4,NO
339,35,3.240486990309365E-4,NO
340,90,5.398479156985519E-4,NO
341,27,3.240486990309365E-4,NO
342,28,3.240486990309365E-4,NO
343,92,5.398479156985519E-4,NO
344,979,0.0016160540534460195,NO
345,67,4.049952546959716E-4,NO
346,29,3.240486990309365E-4,NO
347,105,5.398479156985519E-4,NO
348,72,4.049952546959716E-4,NO
349,37,3.240486990309365E-4,NO
350,47,5.398479156985519E-4,NO
351,31,4.049952546959716E-4,NO
352,90,5.398479156985519E-4,NO
353,223,5.398479156985519E-4,NO
354,214,5.398479156985519E-4,NO
355,107,5.398479156985519E-4,NO
356,37,4.049952546959716E-4,NO
357,27,4.049952546959716E-4,NO
358,48,4.049952546959716E-4,NO
359,167,8.093349557588595E-4,NO
360,213,5.398479156985519E-4,NO
361,867,8.093349557588595E-4,NO
362,159,5.398479156985519E-4,NO
363,100,5.398479156985519E-4,NO
364,96,5.398479156985519E-4,NO
365,842,8.093349557588595E-4,NO
366,535,0.0016160540534460195,NO
367,83,5.398479156985519E-4,NO
368,63,4.049952546959716E-4,NO
369,76,3.240486990309365E-4,NO
370,202,5.398479156985519E-4,NO
371,155,8.093349557588595E-4,NO
372,1263,8.093349557588595E-4,NO
373,74,3.240486990309365E-4,NO
374,101,5.398479156985519E-4,NO
375,27,5.398479156985519E-4,NO
376,22,3.240486990309365E-4,NO
377,491,8.093349557588595E-4,NO
378,62,3.240486990309365E-4,NO
379,59,5.398479156985519E-4,NO
380,99,5.398479156985519E-4,NO
381,27,3.240486990309365E-4,NO
382,77,3.240486990309365E-4,NO
383,863,0.0016160540534460195,NO
384,64,5.398479156985519E-4,NO
385,45,4.049952546959716E-4,NO
386,63,3.240486990309365E-4,NO
387,54,5.398479156985519E-4,NO
388,64,3.240486990309365E-4,NO
389,132,5.398479156985519E-4,NO
390,182,0.0016160540534460195,NO
391,70,5.398479156985519E-4,NO
392,36,4.049952546959716E-4,NO
393,58,3.240486990309365E-4,NO
394,62,3.240486990309365E-4,NO
395,132,4.049952546959716E-4,NO
396,74,4.049952546959716E-4,NO
397,86,8.093349557588595E-4,NO
398,74,3.240486990309365E-4,NO
399,48,3.240486990309365E-4,NO
400,74,5.398479156985519E-4,NO
401,86,4.049952546959716E-4,NO
402,355,5.398479156985519E-4,NO
403,53,3.240486990309365E-4,NO
404,804,8.093349557588595E-4,NO
405,75,5.398479156985519E-4,NO
406,125,5.398479156985519E-4,NO
407,200,5.398479156985519E-4,NO
408,134,5.398479156985519E-4,NO
409,57,3.240486990309365E-4,NO
410,123,5.398479156985519E-4,NO
411,314,0.9998379231296857,YES
412,162,5.398479156985519E-4,NO
413,137,0.9998379231296857,YES
414,124,0.9998379231296857,YES
415,359,0.9998379231296857,YES
416,151,0.9998379231296857,YES
417,107,0.9998379231296857,YES
418,28,3.240486990309365E-4,NO
419,58,8.093349557588595E-4,NO
420,470,0.9998379231296857,YES
421,347,0.9998379231296857,YES
422,103,3.240486990309365E-4,NO
423,35,4.049952546959716E-4,NO
424,98,3.240486990309365E-4,NO
425,117,8.093349557588595E-4,NO
