ID, Size, Predicted, Actual
0,215,3.6643459142543056E-4,NO
1,274,1.2220457045093486E-4,YES
2,461,3.6643459142543056E-4,NO
3,138,1.2220457045093486E-4,NO
4,358,9.165902841429881E-5,NO
5,93,3.6643459142543056E-4,NO
6,1379,0.9996335654085744,NO
7,51,5.238070294903358E-5,NO
8,45,1.2220457045093486E-4,NO
9,157,9.165902841429881E-5,NO
10,31,5.238070294903358E-5,NO
11,1743,0.9996335654085744,YES
12,55,1.2220457045093486E-4,NO
13,204,1.2220457045093486E-4,NO
14,55,1.2220457045093486E-4,NO
15,103,1.2220457045093486E-4,NO
16,34,1.832844574780059E-4,NO
17,83,1.832844574780059E-4,NO
18,488,3.6643459142543056E-4,NO
19,83,1.2220457045093486E-4,NO
20,129,1.832844574780059E-4,NO
21,885,0.5,NO
22,440,3.6643459142543056E-4,NO
23,40,6.11097531165974E-5,NO
24,391,3.6643459142543056E-4,NO
25,378,1.832844574780059E-4,NO
26,51,6.11097531165974E-5,NO
27,709,0.9996335654085744,NO
28,32,5.238070294903358E-5,NO
29,68,1.2220457045093486E-4,NO
30,564,3.6643459142543056E-4,YES
31,588,3.6643459142543056E-4,NO
32,381,3.6643459142543056E-4,NO
33,977,3.6643459142543056E-4,NO
34,275,1.832844574780059E-4,NO
35,31,1.2220457045093486E-4,NO
36,50,6.11097531165974E-5,NO
37,27,5.238070294903358E-5,NO
38,183,3.6643459142543056E-4,NO
39,50,1.2220457045093486E-4,NO
40,62,6.11097531165974E-5,NO
41,87,1.2220457045093486E-4,NO
42,52,6.11097531165974E-5,NO
43,419,3.6643459142543056E-4,NO
44,224,1.2220457045093486E-4,NO
45,118,9.165902841429881E-5,NO
46,83,1.832844574780059E-4,NO
47,147,4.583371528096067E-5,NO
48,120,3.6643459142543056E-4,NO
49,58,1.2220457045093486E-4,NO
50,44,5.238070294903358E-5,NO
51,106,9.165902841429881E-5,YES
52,238,1.832844574780059E-4,NO
53,43,1.832844574780059E-4,NO
54,195,0.9996335654085744,YES
55,189,1.2220457045093486E-4,NO
56,151,9.165902841429881E-5,NO
57,395,0.9996335654085744,NO
58,1013,0.9996335654085744,NO
59,913,0.9996335654085744,NO
60,43,1.832844574780059E-4,NO
61,335,7.332991127080736E-5,YES
62,27,9.165902841429881E-5,NO
63,55,5.238070294903358E-5,NO
64,93,1.832844574780059E-4,NO
65,191,6.11097531165974E-5,NO
66,90,6.11097531165974E-5,NO
67,89,1.832844574780059E-4,NO
68,273,3.6643459142543056E-4,NO
69,191,0.9996335654085744,NO
70,97,1.832844574780059E-4,NO
71,82,1.2220457045093486E-4,NO
72,148,1.832844574780059E-4,NO
73,437,0.9996335654085744,NO
74,1376,3.6643459142543056E-4,NO
75,214,3.6643459142543056E-4,NO
76,528,0.9996335654085744,NO
77,209,1.832844574780059E-4,NO
78,190,1.832844574780059E-4,NO
79,86,1.2220457045093486E-4,NO
80,269,0.9996335654085744,YES
81,408,3.6643459142543056E-4,YES
82,572,1.832844574780059E-4,NO
83,132,3.6643459142543056E-4,NO
84,173,1.832844574780059E-4,NO
85,107,0.5,NO
86,85,4.583371528096067E-5,NO
87,107,1.832844574780059E-4,NO
88,250,3.6643459142543056E-4,NO
89,237,9.165902841429881E-5,NO
90,692,3.6643459142543056E-4,YES
91,47,9.165902841429881E-5,NO
92,1487,0.9996335654085744,YES
93,27,5.238070294903358E-5,NO
94,89,7.332991127080736E-5,NO
95,509,3.6643459142543056E-4,NO
96,227,3.6643459142543056E-4,NO
97,129,4.583371528096067E-5,YES
98,101,0.9996335654085744,YES
99,385,1.832844574780059E-4,NO
100,102,0.9996335654085744,YES
101,41,1.832844574780059E-4,NO
102,244,6.11097531165974E-5,NO
103,215,1.832844574780059E-4,NO
104,260,9.165902841429881E-5,NO
105,119,3.6643459142543056E-4,NO
106,701,1.832844574780059E-4,NO
107,120,9.165902841429881E-5,YES
108,630,3.6643459142543056E-4,YES
109,69,7.332991127080736E-5,NO
110,77,6.11097531165974E-5,NO
111,97,9.165902841429881E-5,NO
112,380,1.832844574780059E-4,NO
113,214,6.11097531165974E-5,NO
114,38,1.832844574780059E-4,NO
115,79,6.11097531165974E-5,NO
116,25,6.11097531165974E-5,NO
117,84,6.11097531165974E-5,NO
118,34,6.11097531165974E-5,NO
119,33,6.11097531165974E-5,NO
120,104,6.11097531165974E-5,NO
121,193,1.832844574780059E-4,NO
122,70,6.11097531165974E-5,NO
123,140,6.11097531165974E-5,NO
124,22,1.832844574780059E-4,NO
125,156,9.165902841429881E-5,NO
126,142,3.6643459142543056E-4,NO
127,100,1.832844574780059E-4,YES
128,153,3.6643459142543056E-4,NO
129,31,9.165902841429881E-5,NO
130,340,3.6643459142543056E-4,NO
131,61,3.6643459142543056E-4,NO
132,61,3.6643459142543056E-4,NO
133,877,3.6643459142543056E-4,NO
134,62,3.6643459142543056E-4,NO
135,186,3.6643459142543056E-4,NO
136,264,3.6643459142543056E-4,NO
137,42,3.6643459142543056E-4,NO
138,248,6.11097531165974E-5,NO
139,343,3.6643459142543056E-4,YES
140,199,1.832844574780059E-4,YES
141,330,3.6643459142543056E-4,YES
142,346,7.332991127080736E-5,YES
143,89,3.6643459142543056E-4,NO
144,193,3.6643459142543056E-4,YES
145,406,3.6643459142543056E-4,NO
146,82,1.832844574780059E-4,NO
147,53,9.165902841429881E-5,NO
148,148,1.832844574780059E-4,NO
149,4774,3.6643459142543056E-4,YES
150,4088,7.332991127080736E-5,NO
151,93,3.6643459142543056E-4,NO
152,78,3.6643459142543056E-4,NO
153,78,3.6643459142543056E-4,NO
154,995,0.9996335654085744,YES
155,37,1.832844574780059E-4,NO
156,59,3.6643459142543056E-4,NO
157,140,3.6643459142543056E-4,NO
158,165,3.6643459142543056E-4,NO
159,47,7.332991127080736E-5,NO
160,101,9.165902841429881E-5,NO
161,109,9.165902841429881E-5,NO
162,154,0.2500458295142071,NO
163,559,3.6643459142543056E-4,NO
164,386,3.6643459142543056E-4,NO
165,306,3.6643459142543056E-4,YES
166,135,1.832844574780059E-4,NO
167,56,6.11097531165974E-5,NO
168,78,3.6643459142543056E-4,NO
169,35,3.6643459142543056E-4,NO
170,467,3.6643459142543056E-4,YES
171,174,1.2220457045093486E-4,NO
172,148,1.2220457045093486E-4,NO
173,88,1.832844574780059E-4,NO
174,52,1.2220457045093486E-4,NO
175,39,1.2220457045093486E-4,NO
176,208,3.6643459142543056E-4,NO
177,77,1.2220457045093486E-4,NO
178,666,9.165902841429881E-5,NO
179,146,3.6643459142543056E-4,NO
180,272,1.2220457045093486E-4,NO
181,54,5.238070294903358E-5,NO
182,100,3.6643459142543056E-4,NO
183,119,1.832844574780059E-4,NO
184,363,3.6643459142543056E-4,NO
185,152,6.11097531165974E-5,NO
186,39,4.583371528096067E-5,NO
187,677,9.165902841429881E-5,NO
188,131,6.11097531165974E-5,NO
189,47,5.238070294903358E-5,NO
190,100,1.832844574780059E-4,NO
191,43,5.238070294903358E-5,NO
192,73,1.2220457045093486E-4,NO
193,234,1.2220457045093486E-4,NO
194,62,7.332991127080736E-5,NO
195,45,6.11097531165974E-5,NO
196,41,3.6643459142543056E-4,NO
197,47,3.6643459142543056E-4,NO
198,55,3.6643459142543056E-4,NO
199,1279,3.6643459142543056E-4,NO
200,183,3.6643459142543056E-4,NO
201,163,3.6643459142543056E-4,NO
202,147,0.9996335654085744,NO
203,77,3.6643459142543056E-4,NO
204,99,1.2220457045093486E-4,NO
205,53,1.2220457045093486E-4,NO
206,95,3.6643459142543056E-4,NO
207,77,3.6643459142543056E-4,NO
208,69,1.2220457045093486E-4,NO
209,69,1.2220457045093486E-4,NO
210,77,1.2220457045093486E-4,NO
211,80,3.6643459142543056E-4,NO
212,72,1.2220457045093486E-4,NO
213,63,1.2220457045093486E-4,NO
214,50,1.2220457045093486E-4,NO
215,28,1.2220457045093486E-4,NO
216,108,3.6643459142543056E-4,NO
217,40,1.2220457045093486E-4,NO
218,76,1.2220457045093486E-4,NO
219,64,3.6643459142543056E-4,NO
220,63,1.2220457045093486E-4,NO
221,55,1.2220457045093486E-4,NO
222,45,1.2220457045093486E-4,NO
223,476,7.332991127080736E-5,NO
224,77,7.332991127080736E-5,NO
225,69,7.332991127080736E-5,NO
226,104,7.332991127080736E-5,NO
227,115,7.332991127080736E-5,NO
228,421,7.332991127080736E-5,NO
229,61,7.332991127080736E-5,NO
230,2009,9.165902841429881E-5,NO
231,179,7.332991127080736E-5,NO
232,106,7.332991127080736E-5,NO
233,33,7.332991127080736E-5,NO
234,657,7.332991127080736E-5,NO
235,295,7.332991127080736E-5,NO
236,872,7.332991127080736E-5,NO
237,444,7.332991127080736E-5,NO
238,168,7.332991127080736E-5,NO
239,752,7.332991127080736E-5,NO
240,135,7.332991127080736E-5,NO
241,1126,7.332991127080736E-5,NO
242,163,7.332991127080736E-5,NO
243,184,7.332991127080736E-5,NO
244,51,7.332991127080736E-5,NO
245,25,7.332991127080736E-5,NO
246,180,7.332991127080736E-5,NO
247,64,7.332991127080736E-5,NO
248,101,7.332991127080736E-5,NO
249,512,7.332991127080736E-5,NO
250,187,7.332991127080736E-5,NO
251,56,7.332991127080736E-5,NO
252,39,7.332991127080736E-5,NO
253,261,7.332991127080736E-5,NO
254,73,7.332991127080736E-5,NO
255,65,7.332991127080736E-5,NO
256,329,7.332991127080736E-5,NO
257,64,7.332991127080736E-5,NO
258,164,7.332991127080736E-5,NO
259,624,9.165902841429881E-5,NO
260,74,7.332991127080736E-5,NO
261,117,7.332991127080736E-5,NO
262,84,7.332991127080736E-5,NO
263,226,9.165902841429881E-5,NO
264,76,7.332991127080736E-5,NO
265,323,7.332991127080736E-5,NO
266,72,4.583371528096067E-5,NO
267,42,4.583371528096067E-5,NO
268,48,4.583371528096067E-5,NO
269,89,7.332991127080736E-5,NO
270,380,7.332991127080736E-5,NO
271,144,9.165902841429881E-5,NO
272,148,9.165902841429881E-5,NO
273,191,6.11097531165974E-5,NO
274,46,4.583371528096067E-5,NO
275,165,5.238070294903358E-5,NO
276,171,3.6643459142543056E-4,NO
277,56,6.11097531165974E-5,NO
278,179,7.332991127080736E-5,NO
279,74,4.583371528096067E-5,NO
280,36,6.11097531165974E-5,NO
281,37,4.583371528096067E-5,NO
282,34,7.332991127080736E-5,NO
283,34,7.332991127080736E-5,NO
284,38,4.583371528096067E-5,NO
285,39,4.583371528096067E-5,NO
286,156,6.11097531165974E-5,NO
287,78,6.11097531165974E-5,NO
288,117,6.11097531165974E-5,NO
289,94,6.11097531165974E-5,NO
290,69,6.11097531165974E-5,NO
291,180,6.11097531165974E-5,NO
292,80,6.11097531165974E-5,NO
293,183,6.11097531165974E-5,NO
294,70,6.11097531165974E-5,NO
295,54,6.11097531165974E-5,NO
296,160,6.11097531165974E-5,NO
297,128,9.165902841429881E-5,NO
298,151,9.165902841429881E-5,NO
299,422,9.165902841429881E-5,NO
300,221,9.165902841429881E-5,NO
301,50,6.11097531165974E-5,NO
302,42,7.332991127080736E-5,NO
303,622,9.165902841429881E-5,NO
304,365,9.165902841429881E-5,NO
305,382,9.165902841429881E-5,NO
306,72,6.11097531165974E-5,NO
307,92,6.11097531165974E-5,NO
308,280,9.165902841429881E-5,NO
309,371,6.11097531165974E-5,NO
310,47,6.11097531165974E-5,NO
311,108,6.11097531165974E-5,NO
312,111,6.11097531165974E-5,NO
313,314,9.165902841429881E-5,NO
314,129,6.11097531165974E-5,NO
315,49,6.11097531165974E-5,NO
316,358,6.11097531165974E-5,NO
317,273,6.11097531165974E-5,NO
318,47,4.583371528096067E-5,NO
319,89,6.11097531165974E-5,NO
320,41,4.583371528096067E-5,NO
321,66,4.583371528096067E-5,NO
322,63,6.11097531165974E-5,NO
323,24,6.11097531165974E-5,NO
324,50,6.11097531165974E-5,NO
325,72,6.11097531165974E-5,NO
326,47,6.11097531165974E-5,NO
327,47,4.583371528096067E-5,NO
328,183,4.583371528096067E-5,NO
329,49,4.583371528096067E-5,NO
330,50,4.583371528096067E-5,NO
331,98,6.11097531165974E-5,NO
332,143,6.11097531165974E-5,NO
333,43,4.583371528096067E-5,NO
334,42,4.583371528096067E-5,NO
335,56,6.11097531165974E-5,NO
336,44,6.11097531165974E-5,NO
337,26,6.11097531165974E-5,NO
338,254,7.332991127080736E-5,NO
339,16883,7.332991127080736E-5,NO
340,74,6.11097531165974E-5,NO
341,153,4.583371528096067E-5,NO
342,68,6.11097531165974E-5,NO
343,100,6.11097531165974E-5,NO
344,547,9.165902841429881E-5,NO
345,437,6.11097531165974E-5,NO
346,1038,9.165902841429881E-5,NO
347,104,9.165902841429881E-5,NO
348,332,9.165902841429881E-5,NO
349,123,5.238070294903358E-5,NO
350,106,6.11097531165974E-5,NO
351,107,4.583371528096067E-5,NO
352,94,9.165902841429881E-5,NO
353,101,9.165902841429881E-5,NO
354,38,7.332991127080736E-5,NO
355,666,3.6643459142543056E-4,NO
356,32,6.11097531165974E-5,NO
357,111,4.583371528096067E-5,NO
358,35,4.583371528096067E-5,NO
359,90,7.332991127080736E-5,NO
360,27,4.583371528096067E-5,NO
361,28,4.583371528096067E-5,NO
362,92,7.332991127080736E-5,NO
363,978,9.165902841429881E-5,NO
364,67,5.238070294903358E-5,NO
365,29,4.583371528096067E-5,NO
366,105,6.11097531165974E-5,NO
367,72,5.238070294903358E-5,NO
368,37,4.583371528096067E-5,NO
369,47,6.11097531165974E-5,NO
370,31,5.238070294903358E-5,NO
371,90,6.11097531165974E-5,NO
372,221,0.9996335654085744,NO
373,213,9.165902841429881E-5,NO
374,105,3.6643459142543056E-4,NO
375,37,5.238070294903358E-5,NO
376,27,5.238070294903358E-5,NO
377,48,5.238070294903358E-5,NO
378,167,9.165902841429881E-5,NO
379,213,9.165902841429881E-5,NO
380,867,9.165902841429881E-5,NO
381,158,9.165902841429881E-5,NO
382,93,3.6643459142543056E-4,NO
383,96,7.332991127080736E-5,NO
384,840,0.9996335654085744,NO
385,535,9.165902841429881E-5,NO
386,83,6.11097531165974E-5,NO
387,63,5.238070294903358E-5,NO
388,76,4.583371528096067E-5,NO
389,202,6.11097531165974E-5,NO
390,155,9.165902841429881E-5,NO
391,1263,9.165902841429881E-5,NO
392,74,4.583371528096067E-5,NO
393,101,6.11097531165974E-5,NO
394,27,6.11097531165974E-5,NO
395,22,4.583371528096067E-5,NO
396,491,9.165902841429881E-5,NO
397,62,4.583371528096067E-5,NO
398,59,6.11097531165974E-5,NO
399,99,6.11097531165974E-5,NO
400,27,4.583371528096067E-5,NO
401,77,4.583371528096067E-5,NO
402,865,9.165902841429881E-5,NO
403,64,7.332991127080736E-5,NO
404,45,5.238070294903358E-5,NO
405,63,4.583371528096067E-5,NO
406,54,6.11097531165974E-5,NO
407,64,4.583371528096067E-5,NO
408,132,6.11097531165974E-5,NO
409,182,9.165902841429881E-5,NO
410,70,6.11097531165974E-5,NO
411,36,6.11097531165974E-5,NO
412,58,4.583371528096067E-5,NO
413,62,4.583371528096067E-5,NO
414,132,6.11097531165974E-5,NO
415,74,6.11097531165974E-5,NO
416,86,9.165902841429881E-5,NO
417,74,4.583371528096067E-5,NO
418,48,4.583371528096067E-5,NO
419,74,7.332991127080736E-5,NO
420,86,5.238070294903358E-5,NO
421,355,6.11097531165974E-5,NO
422,53,4.583371528096067E-5,NO
423,798,9.165902841429881E-5,NO
424,75,6.11097531165974E-5,NO
425,128,3.6643459142543056E-4,NO
426,198,3.6643459142543056E-4,NO
427,138,3.6643459142543056E-4,NO
428,57,4.583371528096067E-5,NO
429,123,6.11097531165974E-5,NO
430,314,3.6643459142543056E-4,NO
431,162,6.11097531165974E-5,NO
432,137,3.6643459142543056E-4,NO
433,124,3.6643459142543056E-4,NO
434,359,3.6643459142543056E-4,NO
435,151,3.6643459142543056E-4,NO
436,107,3.6643459142543056E-4,NO
437,28,4.583371528096067E-5,NO
438,58,7.332991127080736E-5,NO
439,470,3.6643459142543056E-4,NO
440,345,3.6643459142543056E-4,NO
441,103,4.583371528096067E-5,NO
442,35,6.11097531165974E-5,NO
443,98,4.583371528096067E-5,NO
444,117,9.165902841429881E-5,NO
