ID, Size, Predicted, Actual
0,215,4.318057109724833E-11,NO
1,274,3.899136513378732E-12,YES
2,461,4.086025554713264E-12,NO
3,138,3.783778766896078E-12,NO
4,358,4.012165173749574E-12,NO
5,93,3.744877769379051E-12,NO
6,1379,5.564242640663227E-11,YES
7,51,3.666491557677345E-12,NO
8,45,3.666491557677345E-12,NO
9,157,3.783778766896078E-12,NO
10,31,3.666491557677345E-12,NO
11,1743,1.7019649174789914E-5,YES
12,55,3.666491557677345E-12,NO
13,204,3.860922929974445E-12,NO
14,55,3.666491557677345E-12,NO
15,103,3.744877769379051E-12,NO
16,34,3.666491557677345E-12,NO
17,83,3.705777143415028E-12,NO
18,488,4.122463560511957E-12,NO
19,83,3.705777143415028E-12,NO
20,129,3.744877769379051E-12,NO
21,885,4.497103379982683E-12,NO
22,440,4.086025554713264E-12,NO
23,40,3.666491557677345E-12,NO
24,391,4.049254478949211E-12,NO
25,378,3.0281424881549964E-8,NO
26,51,3.666491557677345E-12,NO
27,709,4.333270936553412E-12,YES
28,32,3.666491557677345E-12,NO
29,68,3.705777143415028E-12,YES
30,564,4.1942811540455845E-12,YES
31,588,4.229631244378733E-12,NO
32,381,4.012165173749574E-12,YES
33,977,4.559191780270606E-12,NO
34,275,3.899136513378732E-12,NO
35,31,3.666491557677345E-12,NO
36,50,3.666491557677345E-12,NO
37,27,3.666491557677345E-12,NO
38,183,3.822465411109864E-12,NO
39,50,3.666491557677345E-12,NO
40,62,3.705777143415028E-12,NO
41,87,3.705777143415028E-12,NO
42,52,3.666491557677345E-12,NO
43,419,4.049254478949211E-12,YES
44,224,3.860922929974445E-12,NO
45,118,3.744877769379051E-12,YES
46,83,3.705777143415028E-12,NO
47,147,3.783778766896078E-12,NO
48,120,3.744877769379051E-12,NO
49,58,3.705777143415028E-12,NO
50,44,3.666491557677345E-12,NO
51,106,3.744877769379051E-12,YES
52,238,3.860922929974445E-12,NO
53,43,3.666491557677345E-12,NO
54,195,3.822465411109864E-12,YES
55,189,3.822465411109864E-12,NO
56,151,3.783778766896078E-12,NO
57,395,6.48294217546373E-10,YES
58,1013,0.01913269360701233,YES
59,913,5.035536842490507E-11,YES
60,43,3.666491557677345E-12,NO
61,335,4.4599072516737597E-11,YES
62,27,3.666491557677345E-12,NO
63,55,3.666491557677345E-12,NO
64,93,3.744877769379051E-12,NO
65,191,3.822465411109864E-12,NO
66,90,3.705777143415028E-12,NO
67,89,3.705777143415028E-12,NO
68,273,3.899136513378732E-12,NO
69,191,6.231435412674235E-10,NO
70,97,4.188272174923685E-11,NO
71,82,3.705777143415028E-12,NO
72,148,3.783778766896078E-12,NO
73,437,4.569811937977042E-11,NO
74,1376,7.609563164000593E-9,YES
75,214,4.336206471218877E-7,YES
76,528,4.158553684629102E-12,NO
77,209,4.318057109724833E-11,NO
78,190,3.822465411109864E-12,NO
79,86,3.705777143415028E-12,NO
80,269,8.096627141687086E-10,YES
81,408,4.049254478949211E-12,YES
82,572,4.229631244378733E-12,NO
83,132,3.783778766896078E-12,NO
84,173,4.2750462116155005E-11,NO
85,107,3.744877769379051E-12,NO
86,85,3.705777143415028E-12,NO
87,107,3.744877769379051E-12,NO
88,250,3.899136513378732E-12,NO
89,237,4.318057109724833E-11,NO
90,692,9.146149826206647E-10,YES
91,47,3.666491557677345E-12,NO
92,1487,4.928373901032972E-12,YES
93,27,3.666491557677345E-12,NO
94,89,3.705777143415028E-12,NO
95,509,4.957933023457651E-11,YES
96,227,4.318057109724833E-11,NO
97,129,2.866272588739705E-8,YES
98,101,6.191465508655381E-7,YES
99,385,0.9999999999997021,NO
100,102,6.167523545517899E-7,YES
101,41,4.936135468102565E-11,NO
102,244,3.899136513378732E-12,NO
103,215,4.520779031122304E-11,NO
104,260,4.385010622653475E-11,NO
105,119,3.744877769379051E-12,NO
106,701,0.7283920452071178,NO
107,120,6.132967620081864E-10,YES
108,630,4.264589289868126E-12,YES
109,69,3.705777143415028E-12,NO
110,77,3.705777143415028E-12,NO
111,97,3.744877769379051E-12,NO
112,380,4.012165173749574E-12,NO
113,214,3.860922929974445E-12,NO
114,38,3.666491557677345E-12,NO
115,79,3.705777143415028E-12,NO
116,25,3.666491557677345E-12,NO
117,84,3.705777143415028E-12,NO
118,34,3.666491557677345E-12,NO
119,33,3.666491557677345E-12,NO
120,104,3.744877769379051E-12,NO
121,193,3.822465411109864E-12,NO
122,70,3.705777143415028E-12,NO
123,140,3.783778766896078E-12,NO
124,22,3.666491557677345E-12,NO
125,156,3.783778766896078E-12,NO
126,142,3.783778766896078E-12,NO
127,100,3.744877769379051E-12,YES
128,153,3.783778766896078E-12,NO
129,31,3.666491557677345E-12,NO
130,340,3.974772498639407E-12,NO
131,61,3.705777143415028E-12,NO
132,61,3.705777143415028E-12,NO
133,877,4.497103379982683E-12,NO
134,62,3.705777143415028E-12,NO
135,186,3.822465411109864E-12,NO
136,264,3.899136513378732E-12,NO
137,42,3.666491557677345E-12,NO
138,248,3.899136513378732E-12,NO
139,343,1.2214043739250695E-8,YES
140,199,3.822465411109864E-12,YES
141,330,3.974772498639407E-12,YES
142,346,3.974772498639407E-12,YES
143,89,3.705777143415028E-12,NO
144,193,3.822465411109864E-12,YES
145,406,4.049254478949211E-12,YES
146,82,3.705777143415028E-12,NO
147,53,3.666491557677345E-12,NO
148,148,3.783778766896078E-12,NO
149,4774,3.851570423543767E-12,YES
150,4088,4.489395659919369E-12,NO
151,93,3.744877769379051E-12,NO
152,78,3.705777143415028E-12,NO
153,78,4.144542025683544E-11,NO
154,995,5.181334686073049E-11,YES
155,37,3.666491557677345E-12,NO
156,59,3.705777143415028E-12,NO
157,140,4.2317790596618964E-11,NO
158,165,3.783778766896078E-12,NO
159,47,3.666491557677345E-12,NO
160,101,3.744877769379051E-12,NO
161,109,4.227878509351786E-11,NO
162,154,3.783778766896078E-12,NO
163,559,4.690885025635516E-11,YES
164,386,4.012165173749574E-12,NO
165,306,4.450798873818031E-11,YES
166,135,3.783778766896078E-12,NO
167,56,3.705777143415028E-12,NO
168,78,3.705777143415028E-12,NO
169,35,3.666491557677345E-12,NO
170,467,4.122463560511957E-12,YES
171,174,3.822465411109864E-12,NO
172,148,3.783778766896078E-12,NO
173,88,3.705777143415028E-12,NO
174,52,3.666491557677345E-12,NO
175,39,3.666491557677345E-12,NO
176,208,3.860922929974445E-12,YES
177,77,3.705777143415028E-12,NO
178,666,4.299140693398925E-12,NO
179,146,3.783778766896078E-12,NO
180,272,2.896761508230312E-8,YES
181,54,3.666491557677345E-12,NO
182,100,4.235782510894109E-11,NO
183,119,3.744877769379051E-12,NO
184,363,6.756442696686654E-5,NO
185,152,3.783778766896078E-12,NO
186,39,3.666491557677345E-12,NO
187,677,4.299140693398925E-12,NO
188,131,3.783778766896078E-12,NO
189,47,3.666491557677345E-12,NO
190,100,3.744877769379051E-12,NO
191,43,3.666491557677345E-12,NO
192,73,3.705777143415028E-12,NO
193,234,6.204901639964467E-10,NO
194,62,3.705777143415028E-12,NO
195,45,3.666491557677345E-12,NO
196,41,3.666491557677345E-12,NO
197,47,4.100605017389166E-11,NO
198,55,3.666491557677345E-12,NO
199,1279,1.0,NO
200,183,7.427875757963498E-11,NO
201,163,6.38225474902064E-10,NO
202,147,3.783778766896078E-12,NO
203,77,3.705777143415028E-12,NO
204,99,3.744877769379051E-12,NO
205,53,3.666491557677345E-12,NO
206,95,3.744877769379051E-12,NO
207,77,3.705777143415028E-12,NO
208,69,3.705777143415028E-12,NO
209,69,3.705777143415028E-12,NO
210,77,3.705777143415028E-12,NO
211,80,3.705777143415028E-12,NO
212,72,3.705777143415028E-12,NO
213,63,3.705777143415028E-12,NO
214,50,3.666491557677345E-12,NO
215,28,3.666491557677345E-12,NO
216,108,3.744877769379051E-12,NO
217,40,3.666491557677345E-12,NO
218,76,3.705777143415028E-12,NO
219,64,3.705777143415028E-12,NO
220,63,3.705777143415028E-12,NO
221,55,3.666491557677345E-12,NO
222,45,3.666491557677345E-12,NO
223,476,4.122463560511957E-12,NO
224,77,3.705777143415028E-12,NO
225,69,3.705777143415028E-12,NO
226,104,3.744877769379051E-12,NO
227,115,3.744877769379051E-12,NO
228,421,4.049254478949211E-12,NO
229,61,3.705777143415028E-12,NO
230,2009,5.161173303184224E-12,NO
231,179,3.822465411109864E-12,NO
232,106,3.744877769379051E-12,NO
233,33,3.666491557677345E-12,NO
234,657,4.299140693398925E-12,NO
235,295,3.937091322394367E-12,NO
236,872,4.497103379982683E-12,NO
237,444,4.086025554713264E-12,NO
238,168,3.822465411109864E-12,NO
239,752,4.366965589680106E-12,NO
240,135,3.783778766896078E-12,NO
241,1126,4.7048500032441705E-12,NO
242,163,3.783778766896078E-12,NO
243,184,3.822465411109864E-12,NO
244,51,3.666491557677345E-12,NO
245,25,3.666491557677345E-12,NO
246,180,3.822465411109864E-12,NO
247,64,3.705777143415028E-12,NO
248,101,3.744877769379051E-12,NO
249,512,4.158553684629102E-12,NO
250,187,3.822465411109864E-12,NO
251,56,3.705777143415028E-12,NO
252,39,3.666491557677345E-12,NO
253,261,3.899136513378732E-12,NO
254,73,3.705777143415028E-12,NO
255,65,3.705777143415028E-12,NO
256,329,3.974772498639407E-12,NO
257,64,3.705777143415028E-12,NO
258,164,3.783778766896078E-12,NO
259,624,4.264589289868126E-12,NO
260,74,3.705777143415028E-12,NO
261,117,3.744877769379051E-12,NO
262,84,3.705777143415028E-12,NO
263,226,3.860922929974445E-12,NO
264,76,3.705777143415028E-12,NO
265,323,3.974772498639407E-12,NO
266,72,3.705777143415028E-12,NO
267,42,3.666491557677345E-12,NO
268,48,3.666491557677345E-12,NO
269,89,3.705777143415028E-12,NO
270,380,4.012165173749574E-12,NO
271,144,4.2317790596618964E-11,NO
272,148,4.2317790596618964E-11,NO
273,191,3.822465411109864E-12,NO
274,46,3.666491557677345E-12,NO
275,165,3.783778766896078E-12,NO
276,171,4.2750462116155005E-11,NO
277,56,3.705777143415028E-12,NO
278,179,3.822465411109864E-12,NO
279,74,3.705777143415028E-12,NO
280,36,3.666491557677345E-12,NO
281,37,3.666491557677345E-12,NO
282,34,3.666491557677345E-12,NO
283,34,3.666491557677345E-12,NO
284,38,3.666491557677345E-12,NO
285,39,3.666491557677345E-12,NO
286,156,4.2317790596618964E-11,NO
287,78,4.1837348265963914E-11,NO
288,117,4.188272174923685E-11,NO
289,94,4.188272174923685E-11,NO
290,69,4.144542025683544E-11,NO
291,180,4.2750462116155005E-11,NO
292,80,4.144542025683544E-11,NO
293,183,4.2750462116155005E-11,NO
294,70,3.705777143415028E-12,NO
295,54,3.666491557677345E-12,NO
296,160,3.783778766896078E-12,NO
297,128,3.744877769379051E-12,NO
298,151,4.2317790596618964E-11,NO
299,422,4.528687158226687E-11,NO
300,221,3.860922929974445E-12,NO
301,50,3.666491557677345E-12,NO
302,42,3.666491557677345E-12,NO
303,622,4.7695176612130987E-11,NO
304,365,4.557553606493841E-11,NO
305,382,4.012165173749574E-12,NO
306,72,3.705777143415028E-12,NO
307,92,4.144542025683544E-11,NO
308,280,4.403243857654595E-11,NO
309,371,4.012165173749574E-12,NO
310,47,3.666491557677345E-12,NO
311,108,4.188272174923685E-11,NO
312,111,4.188272174923685E-11,NO
313,314,4.445386493996225E-11,NO
314,129,4.188272174923685E-11,NO
315,49,3.666491557677345E-12,NO
316,358,4.487206470600982E-11,NO
317,273,4.3607951903581804E-11,NO
318,47,4.100605017389166E-11,NO
319,89,3.705777143415028E-12,NO
320,41,3.666491557677345E-12,NO
321,66,3.705777143415028E-12,NO
322,63,3.705777143415028E-12,NO
323,24,3.666491557677345E-12,NO
324,50,3.666491557677345E-12,NO
325,72,3.705777143415028E-12,NO
326,47,3.666491557677345E-12,NO
327,47,3.666491557677345E-12,NO
328,183,3.822465411109864E-12,NO
329,49,3.666491557677345E-12,NO
330,50,3.666491557677345E-12,NO
331,98,4.188272174923685E-11,NO
332,143,3.783778766896078E-12,NO
333,43,3.666491557677345E-12,NO
334,42,3.666491557677345E-12,NO
335,56,3.705777143415028E-12,NO
336,44,3.666491557677345E-12,NO
337,26,3.666491557677345E-12,NO
338,254,3.899136513378732E-12,NO
339,16883,3.775644977229926E-12,NO
340,74,3.705777143415028E-12,NO
341,153,3.783778766896078E-12,NO
342,68,3.705777143415028E-12,NO
343,100,3.744877769379051E-12,NO
344,547,4.690885025635516E-11,NO
345,437,4.086025554713264E-12,NO
346,1038,4.619147281643809E-12,NO
347,104,3.744877769379051E-12,NO
348,332,3.974772498639407E-12,NO
349,123,4.188272174923685E-11,NO
350,106,4.188272174923685E-11,NO
351,107,5.791764499340211E-10,NO
352,94,3.744877769379051E-12,NO
353,101,4.188272174923685E-11,NO
354,38,3.666491557677345E-12,NO
355,666,4.299140693398925E-12,NO
356,32,4.100605017389166E-11,NO
357,111,3.744877769379051E-12,NO
358,35,3.666491557677345E-12,NO
359,90,3.705777143415028E-12,NO
360,27,3.666491557677345E-12,NO
361,28,3.666491557677345E-12,NO
362,92,3.705777143415028E-12,NO
363,978,5.1328339516433403E-11,NO
364,67,3.705777143415028E-12,NO
365,29,3.666491557677345E-12,NO
366,105,3.744877769379051E-12,NO
367,72,3.705777143415028E-12,NO
368,37,3.666491557677345E-12,NO
369,47,3.666491557677345E-12,NO
370,31,3.666491557677345E-12,NO
371,90,3.705777143415028E-12,NO
372,221,4.318057109724833E-11,NO
373,213,4.318057109724833E-11,NO
374,105,4.188272174923685E-11,NO
375,37,3.666491557677345E-12,NO
376,27,3.666491557677345E-12,NO
377,48,3.666491557677345E-12,NO
378,167,4.2750462116155005E-11,NO
379,213,4.318057109724833E-11,NO
380,867,4.4652932555034036E-12,NO
381,158,4.2317790596618964E-11,NO
382,93,4.227878509351786E-11,NO
383,96,3.744877769379051E-12,NO
384,840,4.9939850234052094E-11,NO
385,535,4.690885025635516E-11,NO
386,83,3.705777143415028E-12,NO
387,63,3.705777143415028E-12,NO
388,76,3.705777143415028E-12,NO
389,202,3.822465411109864E-12,NO
390,155,4.2317790596618964E-11,NO
391,1263,5.351735759018828E-11,NO
392,74,3.705777143415028E-12,NO
393,101,4.188272174923685E-11,NO
394,27,3.666491557677345E-12,NO
395,22,3.666491557677345E-12,NO
396,491,4.610564212200064E-11,NO
397,62,3.705777143415028E-12,NO
398,59,3.705777143415028E-12,NO
399,99,3.744877769379051E-12,NO
400,27,3.666491557677345E-12,NO
401,77,3.705777143415028E-12,NO
402,865,6.905946881623657E-10,NO
403,64,3.705777143415028E-12,NO
404,45,3.666491557677345E-12,NO
405,63,3.705777143415028E-12,NO
406,54,3.666491557677345E-12,NO
407,64,3.705777143415028E-12,NO
408,132,3.783778766896078E-12,NO
409,182,4.2750462116155005E-11,NO
410,70,4.144542025683544E-11,NO
411,36,3.666491557677345E-12,NO
412,58,4.144542025683544E-11,NO
413,62,3.705777143415028E-12,NO
414,132,4.2317790596618964E-11,NO
415,74,4.144542025683544E-11,NO
416,86,4.144542025683544E-11,NO
417,74,3.705777143415028E-12,NO
418,48,3.666491557677345E-12,NO
419,74,3.705777143415028E-12,NO
420,86,3.705777143415028E-12,NO
421,355,4.012165173749574E-12,NO
422,53,3.666491557677345E-12,NO
423,798,5.004741986559237E-11,NO
424,75,3.705777143415028E-12,NO
425,128,4.188272174923685E-11,NO
426,198,4.2750462116155005E-11,NO
427,138,4.2317790596618964E-11,NO
428,57,3.705777143415028E-12,NO
429,123,3.744877769379051E-12,NO
430,314,3.974772498639407E-12,NO
431,162,3.783778766896078E-12,NO
432,137,3.783778766896078E-12,NO
433,124,3.744877769379051E-12,NO
434,359,4.487206470600982E-11,NO
435,151,3.783778766896078E-12,NO
436,107,3.744877769379051E-12,NO
437,28,3.666491557677345E-12,NO
438,58,3.705777143415028E-12,NO
439,470,4.122463560511957E-12,NO
440,345,4.445386493996225E-11,NO
441,103,3.744877769379051E-12,NO
442,35,3.666491557677345E-12,NO
443,98,3.744877769379051E-12,NO
444,117,4.188272174923685E-11,NO
