ID, Size, Predicted, Actual
0,215,0.45,NO
1,274,1.0,YES
2,461,1.0,YES
3,138,0.35,NO
4,358,0.12,NO
5,1248,1.0,YES
6,51,0.0,NO
7,45,0.5085277777777777,NO
8,157,0.036571428571428574,NO
9,31,0.06397619047619049,NO
10,1008,0.81,YES
11,55,0.4,NO
12,204,0.75,NO
13,55,0.18513347763347768,NO
14,103,0.05383333333333333,NO
15,83,1.0,YES
16,262,0.35,NO
17,83,0.7040277777777777,NO
18,867,1.0,YES
19,40,0.0,NO
20,387,0.8,YES
21,390,0.5,NO
22,51,0.0,NO
23,637,1.0,YES
24,32,0.5715436507936508,NO
25,68,0.49,YES
26,547,0.97,NO
27,566,0.96,NO
28,314,1.0,YES
29,839,0.98,NO
30,211,0.6,NO
31,31,0.06397619047619049,NO
32,50,0.0,NO
33,27,0.0,NO
34,175,0.89,NO
35,50,0.26,NO
36,62,0.023136363636363642,NO
37,87,0.65,NO
38,52,0.0,NO
39,373,0.86,NO
40,224,0.81,NO
41,118,0.7186803751803752,YES
42,83,0.7040277777777777,NO
43,147,0.11598015873015875,NO
44,58,0.32799999999999996,NO
45,44,0.07541269841269843,NO
46,106,0.5489628427128427,NO
47,189,0.75,NO
48,151,0.11904761904761905,NO
49,352,0.05,YES
50,849,0.93,YES
51,877,0.93,YES
52,41,0.0,NO
53,319,0.25383333333333336,YES
54,27,0.0,NO
55,55,0.18513347763347768,NO
56,94,0.8014859503241857,NO
57,191,0.23,NO
58,90,0.5895238095238096,NO
59,90,0.5895238095238096,NO
60,271,0.38,YES
61,152,0.89,NO
62,90,0.5895238095238096,YES
63,82,0.72,NO
64,147,0.11598015873015875,NO
65,422,0.91,YES
66,1059,1.0,YES
67,530,0.92,NO
68,205,1.0,YES
69,190,1.0,YES
70,86,0.6,NO
71,207,1.0,YES
72,397,0.72,YES
73,573,0.52,NO
74,126,0.0,YES
75,167,1.0,YES
76,109,0.007142857142857144,NO
77,85,0.021952380952380945,NO
78,237,0.909547619047619,NO
79,424,1.0,YES
80,47,0.0,NO
81,1118,1.0,YES
82,27,0.0,NO
83,89,0.09033333333333333,NO
84,474,1.0,YES
85,166,0.2774163059163059,NO
86,92,0.4250293872793874,NO
87,476,1.0,YES
88,93,0.4454993535875888,NO
89,244,0.63,NO
90,204,1.0,YES
91,252,0.12,NO
92,109,0.007142857142857144,YES
93,618,1.0,YES
94,565,0.55,YES
95,69,0.641797619047619,NO
96,77,0.6118876123876125,NO
97,97,0.3903069985569986,NO
98,343,0.015,NO
99,214,0.0,NO
100,79,0.17,NO
101,25,0.0,NO
102,84,0.4950281385281387,NO
103,34,0.07833333333333332,NO
104,33,0.04321428571428572,NO
105,104,0.133,NO
106,172,0.0679047619047619,NO
107,70,0.0375,NO
108,140,0.09999999999999998,NO
109,156,0.17657142857142855,NO
110,142,0.26,NO
111,152,0.24932539682539687,NO
112,31,0.06397619047619049,NO
113,60,0.6208492063492064,NO
114,60,0.6208492063492064,NO
115,876,0.37,NO
116,61,0.006666666666666666,NO
117,185,0.02,NO
118,264,0.2,NO
119,43,0.5114676712176712,NO
120,248,0.31,NO
121,310,1.0,YES
122,199,0.39,NO
123,194,0.44,NO
124,346,0.015,NO
125,90,0.82,NO
126,335,0.1725,YES
127,372,1.0,YES
128,84,0.4950281385281387,NO
129,53,0.0,NO
130,148,1.0,YES
131,4088,0.05,NO
132,860,1.0,YES
133,47,0.0,NO
134,101,0.5996547619047619,NO
135,517,0.93,YES
136,327,0.8492380952380952,YES
137,275,0.32,YES
138,136,1.0,YES
139,56,0.5057511377511378,NO
140,74,0.0,YES
141,362,0.57,YES
142,174,0.55,NO
143,148,0.56,NO
144,92,0.34,NO
145,45,0.5085277777777777,NO
146,39,0.03666666666666666,NO
147,182,0.78,NO
148,77,0.6316428571428571,NO
149,666,0.68,NO
150,88,0.011666666666666667,YES
151,263,0.2,YES
152,54,0.009999999999999998,NO
153,76,0.09280050505050505,NO
154,132,0.19,NO
155,160,0.13183333333333333,YES
156,152,0.24932539682539687,NO
157,39,0.03666666666666666,NO
158,677,0.76,NO
159,131,0.0,NO
160,47,0.0,NO
161,129,0.0,NO
162,43,0.5114676712176712,NO
163,73,0.0,NO
164,257,0.07,NO
165,356,0.08,NO
166,62,0.023136363636363642,NO
167,45,0.5085277777777777,NO
168,97,0.3903069985569986,NO
169,131,1.0,YES
170,68,0.3304761904761905,YES
171,99,0.04235714285714286,NO
172,53,0.0,NO
173,81,0.99,NO
174,78,1.0,YES
175,69,0.641797619047619,NO
176,69,0.641797619047619,NO
177,77,0.6118876123876125,NO
178,72,0.0,NO
179,72,0.0,NO
180,63,0.4083762626262627,NO
181,50,0.0,NO
182,28,0.0,NO
183,96,0.8407380952380953,NO
184,40,0.0,NO
185,76,0.09280050505050505,NO
186,49,0.0,NO
187,63,0.4083762626262627,NO
188,55,0.18513347763347768,NO
189,45,0.5085277777777777,NO
190,476,0.11,NO
191,77,0.6118876123876125,NO
192,69,0.641797619047619,NO
193,104,0.133,NO
194,115,0.4303968253968254,NO
195,421,0.08,NO
196,61,0.006666666666666666,NO
197,2009,0.11,NO
198,179,0.08,NO
199,106,0.5489628427128427,NO
200,33,0.04321428571428572,NO
201,657,0.57,NO
202,295,0.52,NO
203,872,0.37,NO
204,444,0.04,NO
205,168,0.7233369408369409,NO
206,752,0.38,NO
207,135,0.23016666666666663,NO
208,1126,0.15,NO
209,163,0.07525000000000003,NO
210,184,0.04,NO
211,51,0.0,NO
212,25,0.0,NO
213,180,0.09,NO
214,64,0.5070346320346318,NO
215,101,0.5996547619047619,NO
216,512,0.5,NO
217,187,0.0,NO
218,56,0.5057511377511378,NO
219,39,0.03666666666666666,NO
220,261,0.2,NO
221,73,0.0,NO
222,65,0.04788095238095238,NO
223,329,0.35333333333333333,NO
224,64,0.5070346320346318,NO
225,164,0.039,NO
226,624,0.23,NO
227,74,0.0,NO
228,117,0.7186803751803752,NO
229,84,0.4950281385281387,NO
230,226,0.30716666666666664,NO
231,76,0.09280050505050505,NO
232,323,0.4631666666666667,NO
233,72,0.0,NO
234,42,0.020166666666666666,NO
235,48,0.0,NO
236,89,0.09033333333333333,NO
237,380,0.61,NO
238,141,0.08,NO
239,148,0.8066367521367522,NO
240,191,0.23,NO
241,46,0.0,NO
242,165,0.04466666666666667,NO
243,171,0.0809047619047619,NO
244,56,0.5057511377511378,NO
245,179,0.08,NO
246,74,0.0,NO
247,36,0.0,NO
248,37,0.013333333333333332,NO
249,34,0.07833333333333332,NO
250,34,0.07833333333333332,NO
251,38,0.6201785714285715,NO
252,39,0.03666666666666666,NO
253,156,0.17657142857142855,NO
254,84,0.4950281385281387,NO
255,117,0.7186803751803752,NO
256,94,0.8014859503241857,NO
257,71,0.0,NO
258,183,0.06,NO
259,85,0.021952380952380945,NO
260,183,0.06,NO
261,70,0.0375,NO
262,54,0.009999999999999998,NO
263,160,0.13183333333333333,NO
264,128,0.0,NO
265,151,0.11904761904761905,NO
266,422,0.06,NO
267,221,0.05,NO
268,50,0.0,NO
269,42,0.020166666666666666,NO
270,624,0.23,NO
271,377,0.42,NO
272,382,0.94,NO
273,72,0.0,NO
274,92,0.4250293872793874,NO
275,282,0.75,NO
276,371,0.45,NO
277,47,0.0,NO
278,108,0.03535714285714285,NO
279,111,0.007142857142857144,NO
280,319,0.25383333333333336,NO
281,129,0.0,NO
282,49,0.0,NO
283,358,0.12,NO
284,277,0.17,NO
285,49,0.0,NO
286,89,0.09033333333333333,NO
287,41,0.0,NO
288,66,0.005,NO
289,63,0.4083762626262627,NO
290,24,0.0,NO
291,50,0.0,NO
292,72,0.0,NO
293,47,0.0,NO
294,47,0.0,NO
295,183,0.06,NO
296,49,0.0,NO
297,50,0.0,NO
298,98,0.5128308080808082,NO
299,143,0.43,NO
300,43,0.5114676712176712,NO
301,42,0.020166666666666666,NO
302,56,0.5057511377511378,NO
303,44,0.07541269841269843,NO
304,26,0.0,NO
305,254,0.07,NO
306,16883,0.05,NO
307,74,0.0,NO
308,153,0.6904444444444444,NO
309,68,0.3304761904761905,NO
310,100,0.17611904761904765,NO
311,550,0.53,NO
312,437,0.04,NO
313,1038,0.21,NO
314,104,0.133,NO
315,332,0.21333333333333335,NO
316,123,0.014166666666666666,NO
317,106,0.5489628427128427,NO
318,106,0.5489628427128427,NO
319,94,0.8014859503241857,NO
320,101,0.5996547619047619,NO
321,38,0.6201785714285715,NO
322,628,0.23,YES
323,32,0.5715436507936508,NO
324,111,0.007142857142857144,NO
325,35,0.5677128427128426,NO
326,90,0.5895238095238096,NO
327,27,0.0,NO
328,28,0.0,NO
329,92,0.4250293872793874,NO
330,979,0.28,NO
331,67,0.029166666666666664,NO
332,29,0.025,NO
333,105,0.8785974025974026,NO
334,72,0.0,NO
335,37,0.013333333333333332,NO
336,47,0.0,NO
337,31,0.06397619047619049,NO
338,90,0.5895238095238096,NO
339,223,0.06,NO
340,214,0.0,NO
341,107,0.10327380952380953,NO
342,37,0.013333333333333332,NO
343,27,0.0,NO
344,48,0.0,NO
345,167,0.5485036075036074,NO
346,213,0.0,NO
347,867,0.75,NO
348,159,0.10250000000000001,NO
349,100,0.17611904761904765,NO
350,96,0.8407380952380953,NO
351,842,0.77,NO
352,535,0.73,NO
353,83,0.7040277777777777,NO
354,63,0.4083762626262627,NO
355,76,0.09280050505050505,NO
356,202,0.14,NO
357,155,0.26157142857142857,NO
358,1263,0.15,NO
359,74,0.0,NO
360,101,0.5996547619047619,NO
361,27,0.0,NO
362,22,0.0,NO
363,491,0.2,NO
364,62,0.023136363636363642,NO
365,59,0.38366666666666654,NO
366,99,0.04235714285714286,NO
367,27,0.0,NO
368,77,0.6118876123876125,NO
369,863,1.0,NO
370,64,0.5070346320346318,NO
371,45,0.5085277777777777,NO
372,63,0.4083762626262627,NO
373,54,0.009999999999999998,NO
374,64,0.5070346320346318,NO
375,132,0.0,NO
376,182,0.92,NO
377,70,0.0375,NO
378,36,0.0,NO
379,58,0.4190436507936508,NO
380,62,0.023136363636363642,NO
381,132,0.0,NO
382,74,0.0,NO
383,86,0.004285714285714285,NO
384,74,0.0,NO
385,48,0.0,NO
386,74,0.0,NO
387,86,0.004285714285714285,NO
388,355,0.06,NO
389,53,0.0,NO
390,804,0.5,NO
391,75,0.008666666666666668,NO
392,125,0.0,NO
393,200,0.21,NO
394,134,0.03333333333333333,NO
395,57,0.1334642857142857,NO
396,123,0.014166666666666666,NO
397,266,0.78,YES
398,162,0.7029007936507936,NO
399,130,0.0,YES
400,108,0.03535714285714285,YES
401,354,0.06,YES
402,88,0.011666666666666667,YES
403,28,0.0,NO
404,58,0.4190436507936508,NO
405,308,0.10550000000000001,YES
406,343,0.015,YES
407,103,0.05383333333333333,NO
408,35,0.5677128427128426,NO
409,98,0.5128308080808082,NO
410,117,0.7186803751803752,NO
