ID, Size, Predicted, Actual
0,212,0.2917322611004764,NO
1,274,0.295265132044102,NO
2,461,0.4527094127996429,NO
3,138,0.2876711532587783,NO
4,358,0.2970173274351944,NO
5,93,0.8554896527671422,NO
6,1371,0.9999999999995152,NO
7,51,0.2490819810693954,NO
8,45,0.24848724432373068,NO
9,157,0.2535416160055734,NO
10,31,0.24495131104646706,NO
11,1708,0.9999927040542976,YES
12,55,0.23411696779047003,NO
13,204,0.24016882413904794,NO
14,55,0.2330081467648979,NO
15,103,0.23616285814063953,NO
16,34,0.2330081467648979,NO
17,83,0.2339953842397136,NO
18,488,0.9963388199166398,NO
19,83,0.22961098000872462,NO
20,129,0.23120003392167454,NO
21,885,1.0,YES
22,440,0.8405839323678833,NO
23,40,0.21912775872223192,NO
24,391,0.3635064938376026,NO
25,393,0.8365484076454341,NO
26,51,0.21606269455056584,NO
27,709,0.9998514803219023,YES
28,32,0.21354713631251032,NO
29,68,0.2149964051577452,NO
30,564,0.3673156460375776,NO
31,588,0.36831810870477266,NO
32,381,0.8307797616563614,NO
33,977,0.9999970730289803,YES
34,275,0.21420659916834447,NO
35,31,0.20477668702538301,NO
36,50,0.20335764600463543,NO
37,27,0.20335764600463543,NO
38,183,0.3293345931992593,NO
39,50,0.20148424376082402,NO
40,62,0.20287276426264178,NO
41,87,0.20240533330795507,NO
42,52,0.20101920525874473,NO
43,419,0.3413395627388678,NO
44,224,0.2067052118715191,NO
45,118,0.20152613948222942,NO
46,83,0.19871325063985948,NO
47,147,0.20163939164606884,NO
48,120,0.318864210388216,NO
49,58,0.1968928834813064,NO
50,44,0.1968928834813064,NO
51,106,0.19968593036001944,NO
52,238,0.2034334479546083,NO
53,43,0.19599022688924947,NO
54,195,1.0,YES
55,189,0.2004399487618332,NO
56,151,0.18094982054136702,NO
57,364,0.1879377494331834,NO
58,910,0.21675136392794472,NO
59,911,0.8204753644803967,NO
60,43,0.16932853481938115,NO
61,325,0.17751466816025338,NO
62,27,0.16711439183520244,NO
63,55,0.16674918974877412,NO
64,93,0.16758247188299097,NO
65,191,0.17114510774187566,NO
66,90,0.1668533062695686,NO
67,89,0.16649034515310718,NO
68,273,0.279088759090152,NO
69,153,0.27256543710987174,NO
70,92,0.7679624218747988,NO
71,82,0.16327185239011208,NO
72,148,0.16578408075768375,NO
73,433,0.9979072346657175,YES
74,1231,1.0,YES
75,528,0.9978624583572447,YES
76,205,0.7615402932800783,NO
77,190,0.15813085405449073,NO
78,86,0.1541202386537221,NO
79,213,0.2585944942633855,NO
80,408,0.767163836525093,NO
81,572,0.17031757259912111,NO
82,132,0.1492462967315572,NO
83,168,0.15012219509160946,NO
84,107,0.9974214951142366,YES
85,85,0.14568388986274036,NO
86,107,0.14560311339968088,NO
87,250,0.7479735368158545,NO
88,237,0.14478679971438327,NO
89,622,0.9997373736597017,YES
90,47,0.13607294094563832,NO
91,1487,1.0,YES
92,27,0.12927995615651927,NO
93,89,0.13025204994676956,NO
94,481,0.2362249612022384,NO
95,227,0.22310131181583942,NO
96,166,0.13056409566314603,NO
97,92,0.1285033642532003,YES
98,476,0.14025837639095917,NO
99,93,0.12776544855507038,YES
100,244,0.1318052151834019,NO
101,204,0.13041382649758257,NO
102,252,0.13105558327644173,NO
103,119,0.12730232435655456,NO
104,733,0.14820567590823588,NO
105,630,0.2346440725103887,NO
106,69,0.12233072208716049,NO
107,77,0.12165009598838881,NO
108,97,0.12165009598838881,NO
109,380,0.13040069570183965,NO
110,214,0.12420794412955687,NO
111,38,0.12028599266578688,NO
112,79,0.1211998717274881,NO
113,25,0.12028599266578688,NO
114,84,0.12097581151677934,NO
115,34,0.1200633911091475,NO
116,33,0.1200633911091475,NO
117,104,0.12193203477187188,NO
118,193,0.12375098144526042,NO
119,70,0.12075244992202581,NO
120,140,0.12270638550187415,NO
121,22,0.11984148447229531,NO
122,156,0.12248061942192472,NO
123,142,0.20705849268092624,NO
124,100,0.12125948622730841,NO
125,153,0.2063717047804285,NO
126,31,0.11917991424545726,NO
127,340,0.2146450646845655,NO
128,61,0.20305608424556904,NO
129,61,0.20305608424556904,NO
130,877,0.24468254732477956,NO
131,62,0.20104592889290068,NO
132,186,0.20523482110950736,NO
133,264,0.20824139528770252,NO
134,42,0.19900758031443572,NO
135,248,0.12169786174608618,NO
136,358,0.21049068944789198,NO
137,199,0.119120982187141,NO
138,330,0.2059780122637224,NO
139,346,0.1225287795749118,NO
140,89,0.19521405630820032,NO
141,193,0.6919800066764915,NO
142,406,0.701207548005965,NO
143,82,0.11316030617714065,NO
144,53,0.11229930105420628,NO
145,148,0.11480576623367143,NO
146,4774,0.8894997565336562,NO
147,4088,0.6390365649532243,NO
148,93,0.17441142508743912,NO
149,78,0.6547951865990282,NO
150,74,0.6547951865990282,NO
151,978,0.7160977194806001,NO
152,37,0.09741620079599339,NO
153,59,0.16776123898909248,NO
154,135,0.6497484904195002,NO
155,165,0.6514786987738255,NO
156,47,0.0966712656615696,NO
157,101,0.0980668390228461,NO
158,103,0.6478150128816976,NO
159,154,0.9999905380577967,YES
160,556,0.10825073376772064,NO
161,386,0.17535855561571623,NO
162,296,0.17074148235071426,NO
163,135,0.09461865584736856,NO
164,56,0.09312420419458727,NO
165,78,0.09371688183702354,NO
166,35,0.16093555385363856,NO
167,467,0.6596137685825264,NO
168,174,0.09182646291959637,NO
169,148,0.09182646291959637,NO
170,88,0.0895693936762592,NO
171,52,0.9952757675422035,YES
172,39,0.0859474612739269,NO
173,208,0.15412281147803056,NO
174,77,0.08628953765702156,NO
175,666,0.10055241291539187,NO
176,146,0.15195316458767089,NO
177,302,0.15672853467343806,NO
178,54,0.08463111052384759,NO
179,87,0.14855003594841426,NO
180,119,0.08600219100491377,NO
181,200,0.0873956206424705,NO
182,152,0.08630084260496915,NO
183,39,0.08420434108598852,NO
184,677,0.09893170637986727,NO
185,131,0.0853548831703973,NO
186,47,0.08399317398540437,NO
187,100,0.08524830634737175,NO
188,43,0.08378347510538425,NO
189,73,0.08444664619687231,NO
190,257,0.08815073522236822,NO
191,62,0.0825124776086806,NO
192,45,0.0818631376755293,NO
193,41,0.14280345569180108,NO
194,47,0.14280345569180108,NO
195,55,0.14280345569180108,NO
196,1046,0.1888634883210727,NO
197,133,0.14417080862085707,NO
198,147,0.14516515372522756,NO
199,147,1.0,YES
200,77,0.6003229186812286,NO
201,99,0.08221937771444643,NO
202,53,0.07997732074724923,NO
203,95,0.1407731763503039,NO
204,77,0.9994358917469444,YES
205,69,0.0805215965820735,NO
206,69,0.08043050983955201,NO
207,77,0.08043050983955201,NO
208,80,0.14062435638787765,NO
209,72,0.08043050983955201,NO
210,63,0.08043050983955201,NO
211,50,0.07970602776103529,NO
212,28,0.07970602776103529,NO
213,108,0.14141285616116106,NO
214,40,0.07961625485143316,NO
215,76,0.08024933021953494,NO
216,64,0.14032827466389602,NO
217,63,0.08024933021953494,NO
218,55,0.07952680964339842,NO
219,45,0.07952680964339842,NO
220,476,0.08658209540649205,NO
221,77,0.07859305253532141,NO
222,69,0.07859305253532141,NO
223,104,0.07924447257704195,NO
224,115,0.07915986139043119,NO
225,421,0.08544539780988473,NO
226,61,0.07842541705873683,NO
227,2009,0.16589846308741182,NO
228,179,0.07996188463749417,NO
229,106,0.07857640873220244,NO
230,33,0.07731369898403759,NO
231,657,0.0909949320700177,NO
232,295,0.08122173547531002,NO
233,872,0.09708197473417403,NO
234,444,0.08429994357870443,NO
235,168,0.07868082020273988,NO
236,752,0.09275107032110907,NO
237,135,0.07776932357693554,NO
238,1126,0.10723431866122062,NO
239,163,0.07820201618273162,NO
240,184,0.07882244700327537,NO
241,51,0.07620887159843806,NO
242,25,0.07620887159843806,NO
243,180,0.07882244700327537,NO
244,64,0.07681711419985367,NO
245,101,0.07737723948484093,NO
246,512,0.08544519793589592,NO
247,187,0.07858615686111219,NO
248,56,0.07597977007959547,NO
249,39,0.07597977007959547,NO
250,261,0.07999634606583761,NO
251,73,0.07651000528879831,NO
252,65,0.07651000528879831,NO
253,329,0.08070958162363272,NO
254,64,0.07643397153671763,NO
255,164,0.07765725889141926,NO
256,624,0.08815778734725534,NO
257,74,0.07628279149018875,NO
258,117,0.07684094124501892,NO
259,84,0.07620764386017784,NO
260,226,0.07884658148810404,NO
261,76,0.07613279027328197,NO
262,323,0.08031464949577546,NO
263,72,0.0760582300685827,NO
264,42,0.07545550522688495,NO
265,48,0.07545550522688495,NO
266,89,0.0760582300685827,NO
267,380,0.08183486817434264,NO
268,141,0.07720202394619474,NO
269,148,0.07720202394619474,NO
270,191,0.07781818990762462,NO
271,46,0.07523519379688158,NO
272,165,0.07705265210639942,NO
273,171,0.07705265210639942,NO
274,56,0.07516233499836984,NO
275,179,0.07766818682185399,NO
276,74,0.07568980683961136,NO
277,36,0.07508976429735445,NO
278,37,0.07508976429735445,NO
279,34,0.07508976429735445,NO
280,34,0.07508976429735445,NO
281,38,0.07501748105294366,NO
282,39,0.07501748105294366,NO
283,156,0.07690445805023945,NO
284,84,0.07561699320313121,NO
285,117,0.07617270911820144,NO
286,94,0.07554446839923767,NO
287,71,0.07554446839923767,NO
288,183,0.07729834940974133,NO
289,85,0.07532862060539622,NO
290,183,0.07729834940974133,NO
291,70,0.07525724476760853,NO
292,54,0.07466035443663503,NO
293,160,0.07646689073519705,NO
294,128,0.07574031392669923,NO
295,151,0.07632335618210523,NO
296,422,0.08156200451395347,NO
297,221,0.07743471863974666,NO
298,50,0.07410367068759446,NO
299,42,0.07410367068759446,NO
300,624,0.08619079983690002,NO
301,377,0.08031456867248364,NO
302,382,0.0802417255378809,NO
303,72,0.07442283942948229,NO
304,92,0.07435512917034733,NO
305,282,0.07775154549699341,NO
306,371,0.07925840066274553,NO
307,47,0.07369788328115597,NO
308,108,0.07483866328639678,NO
309,111,0.07483866328639678,NO
310,319,0.07831253125393808,NO
311,129,0.07463732423212094,NO
312,49,0.07343287018427022,NO
313,358,0.07890500005846454,NO
314,277,0.07719754947241321,NO
315,49,0.07323697751121253,NO
316,89,0.07382339616638978,NO
317,41,0.07317222301064905,NO
318,66,0.07375816443319606,NO
319,63,0.07375816443319606,NO
320,24,0.07317222301064905,NO
321,50,0.07317222301064905,NO
322,72,0.07375816443319606,NO
323,47,0.07317222301064905,NO
324,47,0.07310773908981283,NO
325,183,0.07562366777755036,NO
326,49,0.07310773908981283,NO
327,50,0.07310773908981283,NO
328,98,0.07362851790196859,NO
329,143,0.0748848694076747,NO
330,43,0.0730435251831256,NO
331,42,0.0730435251831256,NO
332,56,0.0730435251831256,NO
333,44,0.07297958072758186,NO
334,26,0.07297958072758186,NO
335,254,0.07619388239567264,NO
336,16883,0.07845938792924516,NO
337,74,0.0689405472823234,NO
338,153,0.07012296130802534,NO
339,68,0.0689405472823234,NO
340,100,0.06947519592180347,NO
341,550,0.07768730331858537,NO
342,437,0.07499824585248929,NO
343,1038,0.09153514040658098,NO
344,104,0.06918205609792173,NO
345,332,0.0724365834195534,NO
346,123,0.06914110017168573,NO
347,106,0.06914110017168573,NO
348,105,0.06910037348255167,NO
349,94,0.06852613575451595,NO
350,101,0.0690598756820369,NO
351,38,0.06793881919167852,NO
352,666,0.08018001295449118,NO
353,32,0.06785971752823532,NO
354,111,0.06897956536300448,NO
355,35,0.06785971752823532,NO
356,90,0.06836675119494691,NO
357,27,0.06782050358638256,NO
358,28,0.06782050358638256,NO
359,92,0.06836675119494691,NO
360,979,0.08956327145837045,NO
361,67,0.06821097932466338,NO
362,29,0.0676658859291954,NO
363,105,0.06878277110991952,NO
364,72,0.06821097932466338,NO
365,37,0.0676277893860435,NO
366,47,0.0676277893860435,NO
367,31,0.0676277893860435,NO
368,90,0.06817259832880912,NO
369,223,0.0705849100318418,NO
370,214,0.06989142228390287,NO
371,107,0.06866741132336779,NO
372,37,0.06755226345378225,NO
373,27,0.06755226345378225,NO
374,48,0.06755226345378225,NO
375,167,0.06922721422868694,NO
376,213,0.06981439270936779,NO
377,867,0.08531047031436872,NO
378,159,0.06911364625618392,NO
379,100,0.0684796444900024,NO
380,96,0.06791018883255898,NO
381,842,0.08391766322609179,NO
382,535,0.07651449856942868,NO
383,83,0.06776512906551256,NO
384,63,0.06772941651070655,NO
385,76,0.06772941651070655,NO
386,202,0.06951537622578394,NO
387,155,0.06885653846705356,NO
388,1263,0.09949399146834266,NO
389,74,0.06751975783346671,NO
390,101,0.06808617871188585,NO
391,27,0.06697979112253855,NO
392,22,0.06697979112253855,NO
393,491,0.07439957861016092,NO
394,62,0.06745162318928287,NO
395,59,0.06691216226306466,NO
396,99,0.06798351153224459,NO
397,27,0.06687867253830992,NO
398,77,0.06741788297110744,NO
399,863,0.08453526174410522,NO
400,64,0.06731796728689247,NO
401,45,0.06677949875970295,NO
402,63,0.06731796728689247,NO
403,54,0.0667468716920464,NO
404,64,0.06728509610312707,NO
405,132,0.06784969165073754,NO
406,182,0.06902675506256623,NO
407,70,0.06725244147327222,NO
408,36,0.06671445958828875,NO
409,58,0.06671445958828875,NO
410,62,0.06725244147327222,NO
411,132,0.06778409216023153,NO
412,74,0.06722000311933155,NO
413,86,0.06722000311933155,NO
414,74,0.06722000311933155,NO
415,48,0.0666502791690266,NO
416,74,0.06718778076504613,NO
417,86,0.06718778076504613,NO
418,355,0.07168622474829636,NO
419,53,0.06661851030638795,NO
420,804,0.08185840662360325,NO
421,75,0.06706104588692294,NO
422,125,0.06759250880535538,NO
423,200,0.0687987748052022,NO
424,134,0.06756133593003527,NO
425,57,0.06646286868882503,NO
426,123,0.06756133593003527,NO
427,314,0.07072282731010378,NO
428,162,0.0680575478351471,NO
429,137,0.06746911086735828,NO
430,124,0.06743879949749627,NO
431,359,0.07135875933630885,NO
432,151,0.0679966513870759,NO
433,107,0.06740870285619177,NO
434,28,0.06631254076076144,NO
435,58,0.06631254076076144,NO
436,470,0.07367346241382353,NO
437,347,0.07123411527458617,NO
438,103,0.0672904584956089,NO
439,35,0.06619608273939998,NO
440,98,0.06673018334369532,NO
441,117,0.06726143170277166,NO
