ID, Size, Predicted, Actual
0,212,0.0013990020770167355,NO
1,274,0.0013990020770167355,NO
2,461,0.9998597466056763,YES
3,138,4.672055209979382E-4,NO
4,358,4.672055209979382E-4,NO
5,93,0.9998597466056763,NO
6,1371,0.9998597466056763,YES
7,51,2.3371195201327296E-4,NO
8,45,7.004810129003261E-4,NO
9,157,4.672055209979382E-4,NO
10,31,2.3371195201327296E-4,NO
11,1708,0.9998597466056763,YES
12,55,7.004810129003261E-4,NO
13,204,7.004810129003261E-4,NO
14,55,7.004810129003261E-4,NO
15,103,7.004810129003261E-4,NO
16,34,0.0013990020770167355,NO
17,83,0.9089865857240771,NO
18,488,0.9998597466056763,NO
19,83,7.004810129003261E-4,NO
20,129,0.0013990020770167355,NO
21,885,0.9998597466056763,YES
22,440,7.004810129003261E-4,NO
23,40,2.8042812665397566E-4,NO
24,391,0.9998597466056763,YES
25,393,7.004810129003261E-4,NO
26,51,2.8042812665397566E-4,NO
27,709,0.9998597466056763,YES
28,32,2.3371195201327296E-4,NO
29,68,7.004810129003261E-4,YES
30,564,0.9998597466056763,YES
31,588,0.9998597466056763,NO
32,381,7.004810129003261E-4,YES
33,977,0.9998597466056763,YES
34,275,0.0013990020770167355,NO
35,31,7.004810129003261E-4,NO
36,50,3.5048601524913215E-4,NO
37,27,2.3371195201327296E-4,NO
38,183,0.9998597466056763,NO
39,50,7.004810129003261E-4,NO
40,62,3.5048601524913215E-4,NO
41,87,3.5048601524913215E-4,NO
42,52,3.5048601524913215E-4,NO
43,419,0.9998597466056763,NO
44,224,7.004810129003261E-4,NO
45,118,4.672055209979382E-4,YES
46,83,4.672055209979382E-4,NO
47,147,2.0033790782952E-4,NO
48,120,0.769172672348113,NO
49,58,2.3371195201327296E-4,NO
50,44,2.3371195201327296E-4,NO
51,106,0.769172672348113,NO
52,238,0.0013990020770167355,NO
53,43,0.0013990020770167355,NO
54,195,0.9998597466056763,YES
55,189,7.004810129003261E-4,NO
56,151,4.672055209979382E-4,NO
57,364,0.9998597466056763,NO
58,910,0.9998597466056763,NO
59,911,0.9998597466056763,NO
60,43,0.0013990020770167355,NO
61,325,0.9089865857240771,NO
62,27,4.672055209979382E-4,NO
63,55,2.3371195201327296E-4,NO
64,93,0.0013990020770167355,NO
65,191,2.8042812665397566E-4,NO
66,90,2.8042812665397566E-4,NO
67,89,0.0013990020770167355,NO
68,273,0.9089865857240771,NO
69,153,7.004810129003261E-4,NO
70,92,0.9998597466056763,YES
71,82,2.8042812665397566E-4,NO
72,148,0.0013990020770167355,NO
73,433,0.9998597466056763,YES
74,1231,0.9998597466056763,YES
75,528,0.9998597466056763,YES
76,205,0.9998597466056763,YES
77,190,0.0013990020770167355,NO
78,86,4.672055209979382E-4,NO
79,213,0.0013990020770167355,NO
80,408,0.9998597466056763,NO
81,572,0.0013990020770167355,NO
82,132,0.0013990020770167355,NO
83,168,0.0013990020770167355,NO
84,107,0.9998597466056763,YES
85,85,2.0033790782952E-4,NO
86,107,0.0013990020770167355,NO
87,250,0.9998597466056763,NO
88,237,4.672055209979382E-4,NO
89,622,0.9998597466056763,YES
90,47,4.672055209979382E-4,NO
91,1487,0.9998597466056763,YES
92,27,2.3371195201327296E-4,NO
93,89,3.5048601524913215E-4,NO
94,481,0.9998597466056763,YES
95,227,0.9998597466056763,YES
96,166,7.004810129003261E-4,NO
97,92,0.0013990020770167355,YES
98,476,0.0013990020770167355,NO
99,93,0.0013990020770167355,YES
100,244,2.8042812665397566E-4,NO
101,204,0.0013990020770167355,NO
102,252,4.672055209979382E-4,NO
103,119,7.004810129003261E-4,NO
104,733,0.0013990020770167355,NO
105,630,0.0013990020770167355,NO
106,69,3.5048601524913215E-4,NO
107,77,2.8042812665397566E-4,NO
108,97,7.004810129003261E-4,NO
109,380,0.0013990020770167355,NO
110,214,2.8042812665397566E-4,NO
111,38,0.0013990020770167355,NO
112,79,2.8042812665397566E-4,NO
113,25,2.8042812665397566E-4,NO
114,84,2.8042812665397566E-4,NO
115,34,2.8042812665397566E-4,NO
116,33,2.8042812665397566E-4,NO
117,104,2.8042812665397566E-4,NO
118,193,0.0013990020770167355,NO
119,70,2.8042812665397566E-4,NO
120,140,2.8042812665397566E-4,NO
121,22,0.0013990020770167355,NO
122,156,4.672055209979382E-4,NO
123,142,4.672055209979382E-4,NO
124,100,0.0013990020770167355,YES
125,153,4.672055209979382E-4,NO
126,31,4.672055209979382E-4,NO
127,340,7.004810129003261E-4,NO
128,61,4.672055209979382E-4,NO
129,61,4.672055209979382E-4,NO
130,877,4.672055209979382E-4,NO
131,62,4.672055209979382E-4,NO
132,186,4.672055209979382E-4,NO
133,264,4.672055209979382E-4,NO
134,42,7.004810129003261E-4,NO
135,248,3.5048601524913215E-4,NO
136,358,0.9998597466056763,NO
137,199,0.0013990020770167355,NO
138,330,0.0013990020770167355,NO
139,346,3.5048601524913215E-4,NO
140,89,0.0013990020770167355,NO
141,193,4.672055209979382E-4,NO
142,406,0.9998597466056763,NO
143,82,0.0013990020770167355,NO
144,53,4.672055209979382E-4,NO
145,148,0.0013990020770167355,NO
146,4774,0.9998597466056763,NO
147,4088,3.5048601524913215E-4,NO
148,93,0.0013990020770167355,NO
149,78,3.5048601524913215E-4,NO
150,74,3.5048601524913215E-4,NO
151,978,0.9998597466056763,NO
152,37,0.0013990020770167355,NO
153,59,0.0013990020770167355,NO
154,135,3.5048601524913215E-4,NO
155,165,3.5048601524913215E-4,NO
156,47,3.5048601524913215E-4,NO
157,101,4.672055209979382E-4,NO
158,103,3.5048601524913215E-4,NO
159,154,0.9998597466056763,YES
160,556,0.9998597466056763,NO
161,386,0.9089865857240771,NO
162,296,0.9998597466056763,YES
163,135,0.0013990020770167355,NO
164,56,2.8042812665397566E-4,NO
165,78,2.8042812665397566E-4,NO
166,35,2.8042812665397566E-4,NO
167,467,0.9998597466056763,YES
168,174,7.004810129003261E-4,NO
169,148,7.004810129003261E-4,NO
170,88,0.0013990020770167355,NO
171,52,0.9998597466056763,YES
172,39,7.004810129003261E-4,NO
173,208,7.004810129003261E-4,NO
174,77,2.3371195201327296E-4,NO
175,666,4.672055209979382E-4,NO
176,146,0.9998597466056763,YES
177,302,0.9998597466056763,YES
178,54,2.0033790782952E-4,NO
179,87,7.004810129003261E-4,NO
180,119,0.0013990020770167355,NO
181,200,0.9089865857240771,NO
182,152,2.8042812665397566E-4,NO
183,39,2.0033790782952E-4,NO
184,677,4.672055209979382E-4,NO
185,131,2.8042812665397566E-4,NO
186,47,2.3371195201327296E-4,NO
187,100,0.0013990020770167355,NO
188,43,2.3371195201327296E-4,NO
189,73,7.004810129003261E-4,NO
190,257,7.004810129003261E-4,NO
191,62,3.5048601524913215E-4,NO
192,45,2.8042812665397566E-4,NO
193,41,2.8042812665397566E-4,NO
194,47,2.8042812665397566E-4,NO
195,55,2.8042812665397566E-4,NO
196,1046,4.672055209979382E-4,NO
197,133,4.672055209979382E-4,NO
198,147,4.672055209979382E-4,NO
199,147,0.9998597466056763,YES
200,77,0.9998597466056763,YES
201,99,7.004810129003261E-4,NO
202,53,7.004810129003261E-4,NO
203,95,7.004810129003261E-4,NO
204,77,0.9998597466056763,YES
205,69,7.004810129003261E-4,NO
206,69,7.004810129003261E-4,NO
207,77,7.004810129003261E-4,NO
208,80,7.004810129003261E-4,NO
209,72,7.004810129003261E-4,NO
210,63,7.004810129003261E-4,NO
211,50,7.004810129003261E-4,NO
212,28,7.004810129003261E-4,NO
213,108,7.004810129003261E-4,NO
214,40,7.004810129003261E-4,NO
215,76,7.004810129003261E-4,NO
216,64,7.004810129003261E-4,NO
217,63,7.004810129003261E-4,NO
218,55,7.004810129003261E-4,NO
219,45,7.004810129003261E-4,NO
220,476,3.5048601524913215E-4,NO
221,77,3.5048601524913215E-4,NO
222,69,3.5048601524913215E-4,NO
223,104,3.5048601524913215E-4,NO
224,115,3.5048601524913215E-4,NO
225,421,3.5048601524913215E-4,NO
226,61,3.5048601524913215E-4,NO
227,2009,4.672055209979382E-4,NO
228,179,3.5048601524913215E-4,NO
229,106,3.5048601524913215E-4,NO
230,33,3.5048601524913215E-4,NO
231,657,3.5048601524913215E-4,NO
232,295,3.5048601524913215E-4,NO
233,872,3.5048601524913215E-4,NO
234,444,3.5048601524913215E-4,NO
235,168,3.5048601524913215E-4,NO
236,752,3.5048601524913215E-4,NO
237,135,3.5048601524913215E-4,NO
238,1126,3.5048601524913215E-4,NO
239,163,3.5048601524913215E-4,NO
240,184,3.5048601524913215E-4,NO
241,51,3.5048601524913215E-4,NO
242,25,3.5048601524913215E-4,NO
243,180,3.5048601524913215E-4,NO
244,64,3.5048601524913215E-4,NO
245,101,3.5048601524913215E-4,NO
246,512,3.5048601524913215E-4,NO
247,187,3.5048601524913215E-4,NO
248,56,3.5048601524913215E-4,NO
249,39,3.5048601524913215E-4,NO
250,261,3.5048601524913215E-4,NO
251,73,3.5048601524913215E-4,NO
252,65,3.5048601524913215E-4,NO
253,329,3.5048601524913215E-4,NO
254,64,3.5048601524913215E-4,NO
255,164,3.5048601524913215E-4,NO
256,624,4.672055209979382E-4,NO
257,74,3.5048601524913215E-4,NO
258,117,3.5048601524913215E-4,NO
259,84,3.5048601524913215E-4,NO
260,226,4.672055209979382E-4,NO
261,76,3.5048601524913215E-4,NO
262,323,3.5048601524913215E-4,NO
263,72,2.0033790782952E-4,NO
264,42,2.0033790782952E-4,NO
265,48,2.0033790782952E-4,NO
266,89,3.5048601524913215E-4,NO
267,380,3.5048601524913215E-4,NO
268,141,4.672055209979382E-4,NO
269,148,4.672055209979382E-4,NO
270,191,3.5048601524913215E-4,NO
271,46,2.0033790782952E-4,NO
272,165,2.3371195201327296E-4,NO
273,171,2.8042812665397566E-4,NO
274,56,2.8042812665397566E-4,NO
275,179,3.5048601524913215E-4,NO
276,74,2.0033790782952E-4,NO
277,36,2.8042812665397566E-4,NO
278,37,2.0033790782952E-4,NO
279,34,3.5048601524913215E-4,NO
280,34,3.5048601524913215E-4,NO
281,38,2.0033790782952E-4,NO
282,39,2.0033790782952E-4,NO
283,156,2.8042812665397566E-4,NO
284,84,2.8042812665397566E-4,NO
285,117,3.5048601524913215E-4,NO
286,94,2.8042812665397566E-4,NO
287,71,2.8042812665397566E-4,NO
288,183,3.5048601524913215E-4,NO
289,85,2.8042812665397566E-4,NO
290,183,3.5048601524913215E-4,NO
291,70,2.8042812665397566E-4,NO
292,54,2.8042812665397566E-4,NO
293,160,2.8042812665397566E-4,NO
294,128,4.672055209979382E-4,NO
295,151,3.5048601524913215E-4,NO
296,422,4.672055209979382E-4,NO
297,221,4.672055209979382E-4,NO
298,50,2.8042812665397566E-4,NO
299,42,3.5048601524913215E-4,NO
300,624,2.8042812665397566E-4,NO
301,377,3.5048601524913215E-4,NO
302,382,7.004810129003261E-4,NO
303,72,2.8042812665397566E-4,NO
304,92,2.8042812665397566E-4,NO
305,282,4.672055209979382E-4,NO
306,371,2.8042812665397566E-4,NO
307,47,2.8042812665397566E-4,NO
308,108,3.5048601524913215E-4,NO
309,111,2.8042812665397566E-4,NO
310,319,3.5048601524913215E-4,NO
311,129,3.5048601524913215E-4,NO
312,49,2.8042812665397566E-4,NO
313,358,3.5048601524913215E-4,NO
314,277,3.5048601524913215E-4,NO
315,49,2.8042812665397566E-4,NO
316,89,2.8042812665397566E-4,NO
317,41,2.0033790782952E-4,NO
318,66,2.0033790782952E-4,NO
319,63,2.3371195201327296E-4,NO
320,24,2.8042812665397566E-4,NO
321,50,2.8042812665397566E-4,NO
322,72,2.8042812665397566E-4,NO
323,47,2.8042812665397566E-4,NO
324,47,2.0033790782952E-4,NO
325,183,2.0033790782952E-4,NO
326,49,2.0033790782952E-4,NO
327,50,2.0033790782952E-4,NO
328,98,2.0033790782952E-4,NO
329,143,2.8042812665397566E-4,NO
330,43,2.0033790782952E-4,NO
331,42,2.0033790782952E-4,NO
332,56,0.6666354963312089,NO
333,44,2.8042812665397566E-4,NO
334,26,2.8042812665397566E-4,NO
335,254,3.5048601524913215E-4,NO
336,16883,3.5048601524913215E-4,NO
337,74,2.8042812665397566E-4,NO
338,153,2.0033790782952E-4,NO
339,68,2.8042812665397566E-4,NO
340,100,2.8042812665397566E-4,NO
341,550,4.672055209979382E-4,NO
342,437,3.5048601524913215E-4,NO
343,1038,4.672055209979382E-4,NO
344,104,4.672055209979382E-4,NO
345,332,4.672055209979382E-4,NO
346,123,2.3371195201327296E-4,NO
347,106,3.5048601524913215E-4,NO
348,105,0.0013990020770167355,NO
349,94,4.672055209979382E-4,NO
350,101,4.672055209979382E-4,NO
351,38,3.5048601524913215E-4,NO
352,666,4.672055209979382E-4,NO
353,32,2.8042812665397566E-4,NO
354,111,2.0033790782952E-4,NO
355,35,2.0033790782952E-4,NO
356,90,3.5048601524913215E-4,NO
357,27,2.0033790782952E-4,NO
358,28,2.0033790782952E-4,NO
359,92,3.5048601524913215E-4,NO
360,979,7.004810129003261E-4,NO
361,67,2.3371195201327296E-4,NO
362,29,2.0033790782952E-4,NO
363,105,2.8042812665397566E-4,NO
364,72,2.3371195201327296E-4,NO
365,37,2.0033790782952E-4,NO
366,47,2.8042812665397566E-4,NO
367,31,2.3371195201327296E-4,NO
368,90,3.5048601524913215E-4,NO
369,223,3.5048601524913215E-4,NO
370,214,2.8042812665397566E-4,NO
371,107,3.5048601524913215E-4,NO
372,37,2.3371195201327296E-4,NO
373,27,2.3371195201327296E-4,NO
374,48,2.3371195201327296E-4,NO
375,167,4.672055209979382E-4,NO
376,213,3.5048601524913215E-4,NO
377,867,4.672055209979382E-4,NO
378,159,2.8042812665397566E-4,NO
379,100,3.5048601524913215E-4,NO
380,96,3.5048601524913215E-4,NO
381,842,4.672055209979382E-4,NO
382,535,4.672055209979382E-4,NO
383,83,3.5048601524913215E-4,NO
384,63,2.3371195201327296E-4,NO
385,76,2.0033790782952E-4,NO
386,202,3.5048601524913215E-4,NO
387,155,4.672055209979382E-4,NO
388,1263,4.672055209979382E-4,NO
389,74,2.0033790782952E-4,NO
390,101,2.8042812665397566E-4,NO
391,27,2.8042812665397566E-4,NO
392,22,2.0033790782952E-4,NO
393,491,4.672055209979382E-4,NO
394,62,2.0033790782952E-4,NO
395,59,2.8042812665397566E-4,NO
396,99,2.8042812665397566E-4,NO
397,27,2.0033790782952E-4,NO
398,77,2.0033790782952E-4,NO
399,863,7.004810129003261E-4,NO
400,64,3.5048601524913215E-4,NO
401,45,2.3371195201327296E-4,NO
402,63,2.0033790782952E-4,NO
403,54,2.8042812665397566E-4,NO
404,64,2.0033790782952E-4,NO
405,132,2.8042812665397566E-4,NO
406,182,4.672055209979382E-4,NO
407,70,2.8042812665397566E-4,NO
408,36,2.8042812665397566E-4,NO
409,58,2.0033790782952E-4,NO
410,62,2.0033790782952E-4,NO
411,132,2.8042812665397566E-4,NO
412,74,2.8042812665397566E-4,NO
413,86,4.672055209979382E-4,NO
414,74,2.0033790782952E-4,NO
415,48,2.0033790782952E-4,NO
416,74,3.5048601524913215E-4,NO
417,86,2.3371195201327296E-4,NO
418,355,2.8042812665397566E-4,NO
419,53,2.0033790782952E-4,NO
420,804,4.672055209979382E-4,NO
421,75,2.8042812665397566E-4,NO
422,125,3.5048601524913215E-4,NO
423,200,3.5048601524913215E-4,NO
424,134,2.8042812665397566E-4,NO
425,57,2.0033790782952E-4,NO
426,123,2.8042812665397566E-4,NO
427,314,0.9523205168685589,NO
428,162,2.8042812665397566E-4,NO
429,137,2.8042812665397566E-4,NO
430,124,0.9090387407556997,NO
431,359,0.9523205168685589,NO
432,151,2.8042812665397566E-4,NO
433,107,0.9523205168685589,NO
434,28,2.0033790782952E-4,NO
435,58,3.5048601524913215E-4,NO
436,470,0.9523205168685589,NO
437,347,0.9998597466056763,NO
438,103,2.0033790782952E-4,NO
439,35,0.6666354963312089,NO
440,98,2.0033790782952E-4,NO
441,117,0.769172672348113,NO
