ID, Size, Predicted, Actual
0,237,5.425670046752645E-4,NO
1,272,5.425670046752645E-4,NO
2,470,5.425670046752645E-4,NO
3,299,0.9999456902595207,NO
4,23,2.714307717184202E-4,NO
5,56,2.0116094436617965E-5,NO
6,51,2.3614380415471E-5,NO
7,22,3.394497045647471E-5,NO
8,67,5.425670046752645E-4,NO
9,23,7.758173201868161E-5,NO
10,44,3.394497045647471E-5,NO
11,111,3.879387570540975E-5,NO
12,74,5.425670046752645E-4,NO
13,196,5.425670046752645E-4,NO
14,39,1.6973061378304398E-5,NO
15,124,1.0860768404836304E-4,NO
16,38,0.2857209364025853,NO
17,22,3.394497045647471E-5,NO
18,44,3.394497045647471E-5,NO
19,368,5.425670046752645E-4,NO
20,22,3.394497045647471E-5,NO
21,285,5.425670046752645E-4,NO
22,21,2.715634509371253E-5,NO
23,22,3.394497045647471E-5,NO
24,208,0.8333031607090668,NO
25,55,2.468770834481637E-5,NO
26,21,2.715634509371253E-5,NO
27,288,1.8098659803359677E-4,NO
28,109,5.425670046752645E-4,NO
29,142,5.425670046752645E-4,NO
30,47,1.0862892033218735E-5,NO
31,54,2.263049243191448E-5,NO
32,105,0.6666606318140562,NO
33,528,5.425670046752645E-4,NO
34,284,5.425670046752645E-4,NO
35,32,0.9090505130172815,NO
36,35,2.468770834481637E-5,NO
37,144,5.425670046752645E-4,NO
38,95,1.357522331926281E-4,NO
39,164,9.050968005588081E-5,NO
40,70,2.468770834481637E-5,NO
41,120,0.8333031607090668,NO
42,38,1.357522331926281E-4,NO
43,22,3.394497045647471E-5,NO
44,26,9.050968005588081E-5,NO
45,21,2.715634509371253E-5,NO
46,56,2.0116094436617965E-5,NO
47,102,1.8098659803359677E-4,NO
48,107,4.525893639979362E-5,NO
49,67,5.430974047931625E-5,NO
50,39,1.6973061378304398E-5,NO
51,52,6.788533218175873E-5,NO
52,20,3.394497045647471E-5,NO
53,42,1.6458743115644087E-5,NO
54,36,3.017353468125381E-5,NO
55,30,5.425670046752645E-4,NO
56,71,6.788533218175873E-5,NO
57,57,3.6207804610525316E-5,NO
58,31,1.7520560301633867E-5,NO
59,20,3.394497045647471E-5,NO
60,90,0.3225868621343006,NO
61,52,6.788533218175873E-5,NO
62,108,0.6451562037082996,NO
63,20,3.394497045647471E-5,NO
64,93,0.4761917077739378,NO
65,52,6.788533218175873E-5,NO
66,121,5.425670046752645E-4,NO
67,20,3.394497045647471E-5,NO
68,31,1.7520560301633867E-5,NO
69,109,0.6451562037082995,NO
70,44,3.394497045647471E-5,NO
71,72,1.5518272698894593E-5,NO
72,99,4.525893639979362E-5,NO
73,103,3.017353468125381E-5,NO
74,20,3.394497045647471E-5,NO
75,71,6.788533218175873E-5,NO
76,155,5.425670046752645E-4,NO
77,1468,0.9999456902595207,NO
78,45,0.3636390569206996,NO
79,302,5.425670046752645E-4,NO
80,3423,0.9999456902595207,NO
81,320,5.425670046752645E-4,NO
82,241,5.425670046752645E-4,NO
83,57,5.425670046752645E-4,NO
84,276,0.9999456902595207,NO
85,59,1.8098659803359677E-4,NO
86,107,5.425670046752645E-4,NO
87,35,5.425670046752645E-4,NO
88,93,0.9999456902595207,NO
89,122,5.425670046752645E-4,NO
90,49,5.425670046752645E-4,NO
91,60,0.3333393681859439,NO
92,456,5.425670046752645E-4,NO
93,87,6.788533218175873E-5,NO
94,130,0.8695477632840408,NO
95,49,2.3614380415471E-5,NO
96,122,5.425670046752645E-4,NO
97,99,5.425670046752645E-4,NO
98,1787,0.9999456902595207,NO
99,464,5.425670046752645E-4,NO
100,154,0.9999456902595207,NO
101,40,3.194833507495152E-5,NO
102,516,0.9999456902595207,NO
103,193,5.425670046752645E-4,NO
104,391,5.425670046752645E-4,NO
105,49,5.425670046752645E-4,NO
106,594,5.425670046752645E-4,NO
107,32,3.017353468125381E-5,NO
108,73,4.1777770648650224E-5,NO
109,633,5.425670046752645E-4,NO
110,694,0.9999456902595207,NO
111,442,5.425670046752645E-4,NO
112,1162,0.9999456902595207,NO
113,278,2.714307717184202E-4,NO
114,31,1.7520560301633867E-5,NO
115,73,5.425670046752645E-4,NO
116,59,5.425670046752645E-4,NO
117,172,5.425670046752645E-4,NO
118,87,5.425670046752645E-4,NO
119,166,5.425670046752645E-4,NO
120,53,2.0116094436617965E-5,NO
121,420,5.425670046752645E-4,NO
122,219,5.425670046752645E-4,NO
123,264,5.425670046752645E-4,NO
124,172,5.425670046752645E-4,NO
125,38,0.2857209364025853,NO
126,126,5.425670046752645E-4,NO
127,85,3.017353468125381E-5,NO
128,67,5.425670046752645E-4,NO
129,50,5.425670046752645E-4,NO
130,37,1.597467790183808E-5,NO
131,286,5.425670046752645E-4,NO
132,37,1.597467790183808E-5,NO
133,239,2.714307717184202E-4,NO
134,41,5.425670046752645E-4,NO
135,240,5.425670046752645E-4,NO
136,109,5.425670046752645E-4,NO
137,215,5.425670046752645E-4,NO
138,387,5.425670046752645E-4,NO
139,22,3.394497045647471E-5,NO
140,100,2.714307717184202E-4,NO
141,72,1.357522331926281E-4,NO
142,351,0.9999456902595207,NO
143,232,0.9090505130172815,NO
144,162,5.425670046752645E-4,NO
145,42,9.050968005588081E-5,NO
146,458,0.9999456902595207,NO
147,262,5.425670046752645E-4,NO
148,139,0.9999456902595207,NO
149,69,1.0860768404836304E-4,NO
150,67,1.357522331926281E-4,NO
151,197,5.425670046752645E-4,NO
152,930,0.9999456902595207,NO
153,156,5.425670046752645E-4,NO
154,303,0.9999456902595207,NO
155,25,2.714307717184202E-4,NO
156,304,5.425670046752645E-4,NO
157,414,5.425670046752645E-4,NO
158,1587,0.9999456902595207,NO
159,1653,5.425670046752645E-4,NO
160,83,5.425670046752645E-4,NO
161,444,5.425670046752645E-4,NO
162,274,5.425670046752645E-4,NO
163,47,9.050968005588081E-5,NO
164,35,2.468770834481637E-5,NO
165,208,5.425670046752645E-4,NO
166,111,5.425670046752645E-4,NO
167,227,5.425670046752645E-4,NO
168,351,5.425670046752645E-4,NO
169,161,5.425670046752645E-4,NO
170,136,0.9999456902595207,NO
171,422,5.425670046752645E-4,NO
172,439,5.425670046752645E-4,NO
173,153,5.425670046752645E-4,NO
174,112,5.425670046752645E-4,NO
175,224,5.425670046752645E-4,NO
176,458,5.425670046752645E-4,NO
177,2193,0.9999456902595207,NO
178,277,5.425670046752645E-4,NO
179,738,5.425670046752645E-4,NO
180,270,5.425670046752645E-4,NO
181,257,5.425670046752645E-4,NO
182,88,5.425670046752645E-4,NO
183,459,5.425670046752645E-4,NO
184,156,5.425670046752645E-4,NO
185,654,0.9999456902595207,NO
186,119,5.425670046752645E-4,NO
187,32,0.9090505130172815,NO
188,197,5.425670046752645E-4,NO
189,1105,5.425670046752645E-4,NO
190,628,0.9999456902595207,NO
191,138,5.425670046752645E-4,NO
192,204,5.425670046752645E-4,NO
193,550,5.425670046752645E-4,NO
194,399,5.425670046752645E-4,NO
195,42,5.425670046752645E-4,NO
196,42,5.425670046752645E-4,NO
197,312,5.425670046752645E-4,NO
198,85,5.425670046752645E-4,NO
199,478,5.425670046752645E-4,NO
200,105,5.425670046752645E-4,NO
201,252,5.425670046752645E-4,NO
202,163,5.425670046752645E-4,NO
203,348,5.425670046752645E-4,NO
204,77,5.425670046752645E-4,NO
205,98,5.425670046752645E-4,NO
206,45,5.425670046752645E-4,NO
207,102,5.425670046752645E-4,NO
208,44,5.425670046752645E-4,NO
209,51,5.425670046752645E-4,NO
210,73,5.425670046752645E-4,NO
211,55,0.9999456902595207,NO
212,57,5.425670046752645E-4,NO
213,103,5.425670046752645E-4,NO
214,121,0.8333031607090668,NO
215,46,5.425670046752645E-4,NO
216,75,5.425670046752645E-4,NO
217,226,5.425670046752645E-4,NO
218,136,5.425670046752645E-4,NO
219,70,1.357522331926281E-4,NO
220,160,5.425670046752645E-4,NO
221,27,1.1556252094787742E-5,NO
222,82,5.425670046752645E-4,NO
223,96,0.9999456902595207,NO
224,106,0.9999456902595207,NO
225,165,0.9999456902595207,NO
226,72,1.357522331926281E-4,NO
227,26,2.714307717184202E-4,NO
228,24,5.430974047931625E-5,NO
229,810,5.425670046752645E-4,NO
230,1804,5.425670046752645E-4,NO
231,48,2.1725312066998727E-5,NO
232,2747,0.9999456902595207,NO
233,69,1.0860768404836304E-4,NO
234,23,2.714307717184202E-4,NO
235,97,5.425670046752645E-4,NO
236,144,5.425670046752645E-4,NO
237,326,5.425670046752645E-4,NO
238,563,5.425670046752645E-4,NO
239,22,3.394497045647471E-5,NO
240,83,0.31250636489801686,NO
241,51,2.3614380415471E-5,NO
242,43,2.0116094436617965E-5,NO
243,54,2.263049243191448E-5,NO
244,43,2.0116094436617965E-5,NO
245,47,1.0862892033218735E-5,NO
246,33,3.194833507495152E-5,NO
247,224,5.425670046752645E-4,NO
248,595,5.425670046752645E-4,NO
249,345,0.9999456902595207,NO
250,237,5.425670046752645E-4,NO
251,137,5.425670046752645E-4,NO
252,90,5.425670046752645E-4,NO
253,126,5.425670046752645E-4,NO
254,47,5.425670046752645E-4,NO
255,69,1.0860768404836304E-4,NO
256,40,5.425670046752645E-4,NO
257,130,5.425670046752645E-4,NO
258,213,5.425670046752645E-4,NO
259,115,5.425670046752645E-4,NO
260,167,5.425670046752645E-4,NO
261,283,5.425670046752645E-4,NO
262,91,5.425670046752645E-4,NO
263,312,5.425670046752645E-4,NO
264,32,5.425670046752645E-4,NO
265,337,5.425670046752645E-4,NO
266,807,5.425670046752645E-4,NO
267,77,5.425670046752645E-4,NO
268,87,0.9999456902595207,NO
269,387,0.9999456902595207,NO
270,107,5.425670046752645E-4,NO
271,141,5.425670046752645E-4,NO
272,814,5.425670046752645E-4,NO
273,38,1.357522331926281E-4,NO
274,47,9.050968005588081E-5,NO
275,23,7.758173201868161E-5,NO
276,23,7.758173201868161E-5,NO
277,101,5.425670046752645E-4,NO
278,91,5.425670046752645E-4,NO
279,272,5.425670046752645E-4,NO
280,23,7.758173201868161E-5,NO
281,80,5.425670046752645E-4,NO
282,97,5.425670046752645E-4,NO
283,382,5.425670046752645E-4,NO
284,239,5.425670046752645E-4,NO
285,44,5.425670046752645E-4,NO
286,76,5.425670046752645E-4,NO
287,28,5.425670046752645E-4,NO
288,89,5.425670046752645E-4,NO
289,37,5.425670046752645E-4,NO
290,36,5.425670046752645E-4,NO
291,105,5.425670046752645E-4,NO
292,193,5.425670046752645E-4,NO
293,70,5.425670046752645E-4,NO
294,140,2.714307717184202E-4,NO
295,25,5.425670046752645E-4,NO
296,160,5.425670046752645E-4,NO
297,23,7.758173201868161E-5,NO
298,139,0.9999456902595207,NO
299,111,5.425670046752645E-4,NO
300,158,5.425670046752645E-4,NO
301,34,5.425670046752645E-4,NO
302,357,0.9999456902595207,NO
303,70,5.425670046752645E-4,NO
304,88,5.425670046752645E-4,NO
305,79,5.425670046752645E-4,NO
306,934,5.425670046752645E-4,NO
307,67,5.425670046752645E-4,NO
308,216,0.9999456902595207,NO
309,265,0.9999456902595207,NO
310,155,5.425670046752645E-4,NO
311,23,7.758173201868161E-5,NO
312,45,5.425670046752645E-4,NO
313,23,2.714307717184202E-4,NO
314,404,5.425670046752645E-4,NO
315,246,5.425670046752645E-4,NO
316,576,5.425670046752645E-4,NO
317,28,2.0116094436617965E-5,NO
318,467,0.9999456902595207,NO
319,508,5.425670046752645E-4,NO
320,526,5.425670046752645E-4,NO
321,82,5.425670046752645E-4,NO
322,532,0.9999456902595207,NO
323,266,5.425670046752645E-4,NO
324,274,5.425670046752645E-4,NO
325,28,2.714307717184202E-4,NO
326,69,5.425670046752645E-4,NO
327,139,5.425670046752645E-4,NO
328,103,5.425670046752645E-4,NO
329,46,5.425670046752645E-4,NO
330,220,5.425670046752645E-4,NO
331,89,5.425670046752645E-4,NO
332,98,5.425670046752645E-4,NO
333,2186,0.9999456902595207,NO
334,41,2.5863252694146735E-5,NO
335,85,5.425670046752645E-4,NO
336,169,5.425670046752645E-4,NO
337,346,5.425670046752645E-4,NO
338,131,5.425670046752645E-4,NO
339,66,2.8585544700864076E-5,NO
340,106,2.714307717184202E-4,NO
341,46,3.6207804610525316E-5,NO
342,157,0.9999456902595207,NO
343,185,5.425670046752645E-4,NO
344,126,5.425670046752645E-4,NO
345,66,0.9999456902595207,NO
346,67,5.425670046752645E-4,NO
347,289,5.425670046752645E-4,NO
348,94,0.8333031607090668,NO
349,44,5.425670046752645E-4,NO
350,95,5.425670046752645E-4,NO
351,44,1.0860768404836304E-4,NO
352,23,7.758173201868161E-5,NO
353,23,7.758173201868161E-5,NO
354,763,5.425670046752645E-4,NO
355,398,5.425670046752645E-4,NO
356,333,5.425670046752645E-4,NO
357,138,5.425670046752645E-4,NO
358,59,5.425670046752645E-4,NO
359,78,5.425670046752645E-4,NO
360,53,0.9999456902595207,NO
361,521,5.425670046752645E-4,NO
362,23,7.758173201868161E-5,NO
363,45,5.425670046752645E-4,NO
364,79,5.425670046752645E-4,NO
365,222,5.425670046752645E-4,NO
366,107,5.425670046752645E-4,NO
367,168,5.425670046752645E-4,NO
368,192,5.425670046752645E-4,NO
369,91,5.425670046752645E-4,NO
370,252,5.425670046752645E-4,NO
371,282,0.9999456902595207,NO
372,23,7.758173201868161E-5,NO
373,342,5.425670046752645E-4,NO
374,69,0.2857209364025853,NO
375,21,2.715634509371253E-5,NO
376,39,1.6973061378304398E-5,NO
377,22,3.394497045647471E-5,NO
378,217,0.9999456902595207,NO
379,22,4.937297887822742E-5,NO
380,76,5.425670046752645E-4,NO
381,111,0.9999456902595207,NO
382,81,5.425670046752645E-4,NO
383,106,5.425670046752645E-4,NO
384,112,5.425670046752645E-4,NO
385,87,5.425670046752645E-4,NO
386,132,5.425670046752645E-4,NO
387,97,5.425670046752645E-4,NO
388,133,5.425670046752645E-4,NO
389,177,5.425670046752645E-4,NO
390,148,5.425670046752645E-4,NO
391,104,0.9999456902595207,NO
392,120,5.425670046752645E-4,NO
393,137,5.425670046752645E-4,NO
394,76,5.425670046752645E-4,NO
395,89,0.9999456902595207,NO
396,23,7.758173201868161E-5,NO
397,24,5.430974047931625E-5,NO
398,62,1.6973061378304398E-5,NO
399,67,5.430974047931625E-5,NO
400,66,5.425670046752645E-4,NO
401,63,0.22727946045032077,NO
402,22,3.394497045647471E-5,NO
403,60,0.3333393681859439,NO
404,38,0.2857209364025853,NO
405,63,5.425670046752645E-4,NO
406,23,2.714307717184202E-4,NO
407,79,3.194833507495152E-5,NO
408,23,2.714307717184202E-4,NO
409,176,1.0860768404836304E-4,NO
410,149,1.8098659803359677E-4,NO
411,23,2.714307717184202E-4,NO
412,37,5.425670046752645E-4,NO
413,43,5.425670046752645E-4,NO
414,49,5.425670046752645E-4,NO
415,418,0.9999456902595207,NO
416,23,7.758173201868161E-5,NO
417,58,2.714307717184202E-4,NO
418,23,7.758173201868161E-5,NO
419,80,5.425670046752645E-4,NO
420,23,7.758173201868161E-5,NO
421,91,0.9999456902595207,NO
422,23,7.758173201868161E-5,NO
423,23,7.758173201868161E-5,NO
424,25,2.714307717184202E-4,NO
425,48,1.357522331926281E-4,NO
426,52,1.357522331926281E-4,NO
427,53,1.8098659803359677E-4,NO
428,57,5.425670046752645E-4,NO
429,24,1.357522331926281E-4,NO
430,26,1.8098659803359677E-4,NO
431,60,5.425670046752645E-4,NO
432,334,0.9999456902595207,NO
433,42,5.425670046752645E-4,NO
434,60,5.425670046752645E-4,NO
435,294,5.425670046752645E-4,NO
436,77,5.425670046752645E-4,NO
437,677,5.425670046752645E-4,NO
438,56,5.425670046752645E-4,NO
439,163,5.425670046752645E-4,NO
440,56,5.425670046752645E-4,NO
441,133,2.714307717184202E-4,NO
442,536,5.425670046752645E-4,NO
443,121,5.425670046752645E-4,NO
444,77,0.7142690883389834,NO
445,175,5.425670046752645E-4,NO
446,81,5.425670046752645E-4,NO
447,432,0.9999456902595207,NO
448,129,5.425670046752645E-4,NO
449,48,5.425670046752645E-4,NO
450,164,0.9999456902595207,NO
451,172,5.425670046752645E-4,NO
452,43,5.425670046752645E-4,NO
453,73,5.425670046752645E-4,NO
454,302,0.9999456902595207,NO
455,551,5.425670046752645E-4,NO
456,424,0.9999456902595207,NO
457,732,5.425670046752645E-4,NO
458,562,5.425670046752645E-4,NO
459,493,5.425670046752645E-4,NO
460,416,5.425670046752645E-4,NO
461,359,5.425670046752645E-4,NO
462,23,7.758173201868161E-5,NO
463,23,7.758173201868161E-5,NO
464,694,0.9999456902595207,NO
465,177,5.425670046752645E-4,NO
466,116,5.425670046752645E-4,NO
467,20,9.050968005588081E-5,NO
468,69,5.425670046752645E-4,NO
469,62,1.6973061378304398E-5,NO
470,34,1.597467790183808E-5,NO
471,23,2.714307717184202E-4,NO
472,41,2.5863252694146735E-5,NO
473,50,1.5518272698894593E-5,NO
474,55,2.468770834481637E-5,NO
475,1468,5.425670046752645E-4,NO
476,187,9.050968005588081E-5,NO
477,162,0.4545476988825768,NO
478,23,2.714307717184202E-4,NO
479,143,5.425670046752645E-4,NO
480,74,5.425670046752645E-4,NO
481,109,5.425670046752645E-4,NO
482,144,0.9999456902595207,NO
483,75,1.8098659803359677E-4,NO
484,112,0.9999456902595207,NO
485,33,1.8098659803359677E-4,NO
486,92,2.714307717184202E-4,NO
487,108,2.714307717184202E-4,NO
488,612,5.425670046752645E-4,NO
489,20,9.050968005588081E-5,NO
490,20,3.394497045647471E-5,NO
491,199,5.425670046752645E-4,NO
492,56,0.6666545973984632,NO
493,200,0.9999456902595207,NO
494,60,1.0860768404836304E-4,NO
495,75,5.425670046752645E-4,NO
496,150,0.9999456902595207,NO
497,40,1.8098659803359677E-4,NO
498,20,3.394497045647471E-5,NO
499,60,0.3333393681859439,NO
500,88,0.7142801720167958,NO
501,67,5.425670046752645E-4,NO
502,76,2.0889758051845907E-5,NO
503,21,2.715634509371253E-5,NO
504,53,2.0116094436617965E-5,NO
505,114,9.050968005588081E-5,NO
506,121,1.357522331926281E-4,NO
507,78,0.6896480683750004,NO
508,20,3.394497045647471E-5,NO
509,69,0.2857209364025853,NO
510,80,1.357522331926281E-4,NO
511,79,3.194833507495152E-5,NO
512,81,0.7142690883389834,NO
513,88,0.7142801720167958,NO
514,20,3.394497045647471E-5,NO
515,105,0.6666606318140562,NO
516,60,0.3333393681859439,NO
517,50,1.5518272698894593E-5,NO
518,28,2.0116094436617965E-5,NO
519,129,4.525893639979362E-5,NO
520,43,2.0116094436617965E-5,NO
521,76,2.0889758051845907E-5,NO
522,63,0.22727946045032077,NO
523,65,6.034342781348379E-5,NO
524,76,2.0889758051845907E-5,NO
525,45,0.3636390569206996,NO
526,20,3.394497045647471E-5,NO
527,212,5.425670046752645E-4,NO
528,95,5.425670046752645E-4,NO
529,34,1.8098659803359677E-4,NO
530,35,0.7142690883389834,NO
531,34,1.8098659803359677E-4,NO
532,32,0.9090505130172815,NO
533,188,5.425670046752645E-4,NO
534,53,1.8098659803359677E-4,NO
535,30,2.714307717184202E-4,NO
536,101,2.714307717184202E-4,NO
537,125,5.425670046752645E-4,NO
538,179,5.425670046752645E-4,NO
539,123,2.714307717184202E-4,NO
540,88,2.714307717184202E-4,NO
541,88,2.714307717184202E-4,NO
542,171,5.425670046752645E-4,NO
543,31,1.0860768404836304E-4,NO
544,30,2.714307717184202E-4,NO
545,31,1.0860768404836304E-4,NO
546,77,0.7142690883389834,NO
547,77,0.7142690883389834,NO
548,86,5.425670046752645E-4,NO
549,92,5.425670046752645E-4,NO
550,61,1.8098659803359677E-4,NO
551,64,0.8333031607090668,NO
552,64,0.8333031607090668,NO
553,103,2.714307717184202E-4,NO
554,46,9.050968005588081E-5,NO
555,48,1.357522331926281E-4,NO
556,48,1.357522331926281E-4,NO
557,49,1.357522331926281E-4,NO
558,49,5.425670046752645E-4,NO
559,130,5.425670046752645E-4,NO
560,82,0.8333031607090668,NO
561,25,2.714307717184202E-4,NO
562,193,0.9999456902595207,NO
563,114,5.425670046752645E-4,NO
564,114,5.425670046752645E-4,NO
565,132,2.714307717184202E-4,NO
566,79,1.8098659803359677E-4,NO
567,79,1.8098659803359677E-4,NO
568,34,1.8098659803359677E-4,NO
569,49,1.357522331926281E-4,NO
570,44,1.0860768404836304E-4,NO
571,58,2.714307717184202E-4,NO
572,92,2.714307717184202E-4,NO
573,92,2.714307717184202E-4,NO
574,109,5.425670046752645E-4,NO
575,80,0.8333031607090668,NO
576,22,4.937297887822742E-5,NO
577,22,4.937297887822742E-5,NO
578,205,5.425670046752645E-4,NO
579,73,1.8098659803359677E-4,NO
580,52,1.357522331926281E-4,NO
581,85,5.425670046752645E-4,NO
582,69,1.0860768404836304E-4,NO
583,21,1.357522331926281E-4,NO
584,104,1.8098659803359677E-4,NO
585,82,0.8333031607090668,NO
586,125,5.425670046752645E-4,NO
587,180,5.425670046752645E-4,NO
588,95,5.425670046752645E-4,NO
589,214,0.9090505130172815,NO
590,40,5.425670046752645E-4,NO
591,37,5.425670046752645E-4,NO
592,22,5.425670046752645E-4,NO
593,26,5.425670046752645E-4,NO
594,77,5.425670046752645E-4,NO
595,116,5.425670046752645E-4,NO
596,274,0.9999456902595207,NO
597,29,5.425670046752645E-4,NO
598,99,5.425670046752645E-4,NO
599,262,0.9999456902595207,NO
600,95,5.425670046752645E-4,NO
601,46,5.425670046752645E-4,NO
602,22,5.425670046752645E-4,NO
603,74,5.425670046752645E-4,NO
604,69,5.425670046752645E-4,NO
605,76,5.425670046752645E-4,NO
606,175,0.9999456902595207,NO
607,78,5.425670046752645E-4,NO
608,69,5.425670046752645E-4,NO
609,100,5.425670046752645E-4,NO
610,83,5.425670046752645E-4,NO
611,22,5.425670046752645E-4,NO
612,82,5.425670046752645E-4,NO
613,62,5.425670046752645E-4,NO
614,68,5.425670046752645E-4,NO
615,59,5.425670046752645E-4,NO
616,112,5.425670046752645E-4,NO
617,68,5.425670046752645E-4,NO
618,54,5.425670046752645E-4,NO
619,94,5.425670046752645E-4,NO
620,80,5.425670046752645E-4,NO
621,22,5.425670046752645E-4,NO
622,21,5.425670046752645E-4,NO
623,76,5.425670046752645E-4,NO
624,63,5.425670046752645E-4,NO
625,43,5.425670046752645E-4,NO
626,86,5.425670046752645E-4,NO
627,67,5.425670046752645E-4,NO
628,80,5.425670046752645E-4,NO
629,97,5.425670046752645E-4,NO
630,76,5.425670046752645E-4,NO
631,65,5.425670046752645E-4,NO
632,22,5.425670046752645E-4,NO
633,47,5.425670046752645E-4,NO
634,35,5.425670046752645E-4,NO
635,31,5.425670046752645E-4,NO
636,35,5.425670046752645E-4,NO
637,41,5.425670046752645E-4,NO
638,36,5.425670046752645E-4,NO
639,59,5.425670046752645E-4,NO
640,39,5.425670046752645E-4,NO
641,41,5.425670046752645E-4,NO
642,36,5.425670046752645E-4,NO
643,33,5.425670046752645E-4,NO
644,52,5.425670046752645E-4,NO
645,21,5.425670046752645E-4,NO
646,27,5.425670046752645E-4,NO
647,26,5.425670046752645E-4,NO
648,29,5.425670046752645E-4,NO
649,33,5.425670046752645E-4,NO
650,28,5.425670046752645E-4,NO
651,28,5.425670046752645E-4,NO
652,33,5.425670046752645E-4,NO
653,232,0.9999456902595207,NO
654,24,5.425670046752645E-4,NO
655,27,5.425670046752645E-4,NO
656,37,5.425670046752645E-4,NO
657,41,5.425670046752645E-4,NO
658,18,5.425670046752645E-4,NO
659,21,5.425670046752645E-4,NO
660,43,5.425670046752645E-4,NO
661,45,5.425670046752645E-4,NO
662,46,5.425670046752645E-4,NO
663,42,5.425670046752645E-4,NO
664,28,5.425670046752645E-4,NO
665,51,5.425670046752645E-4,NO
666,50,5.425670046752645E-4,NO
667,31,5.425670046752645E-4,NO
668,18,5.425670046752645E-4,NO
669,23,5.425670046752645E-4,NO
670,29,5.425670046752645E-4,NO
671,22,5.425670046752645E-4,NO
672,192,0.9999456902595207,NO
673,39,5.425670046752645E-4,NO
674,40,5.425670046752645E-4,NO
675,90,5.425670046752645E-4,NO
676,33,5.425670046752645E-4,NO
677,33,5.425670046752645E-4,NO
678,37,5.425670046752645E-4,NO
679,39,5.425670046752645E-4,NO
680,58,5.425670046752645E-4,NO
681,22,5.425670046752645E-4,NO
682,22,5.425670046752645E-4,NO
683,58,5.425670046752645E-4,NO
684,22,5.425670046752645E-4,NO
685,82,5.425670046752645E-4,NO
686,64,5.425670046752645E-4,NO
687,65,5.425670046752645E-4,NO
688,21,5.425670046752645E-4,NO
689,22,5.425670046752645E-4,NO
690,107,5.425670046752645E-4,NO
691,127,5.425670046752645E-4,NO
692,47,5.425670046752645E-4,NO
693,133,5.425670046752645E-4,NO
694,22,5.425670046752645E-4,NO
695,21,5.425670046752645E-4,NO
696,109,5.425670046752645E-4,NO
697,23,5.425670046752645E-4,NO
698,39,5.425670046752645E-4,NO
699,40,5.425670046752645E-4,NO
700,31,5.425670046752645E-4,NO
701,31,5.425670046752645E-4,NO
702,31,5.425670046752645E-4,NO
703,31,5.425670046752645E-4,NO
704,42,5.425670046752645E-4,NO
705,31,5.425670046752645E-4,NO
706,31,5.425670046752645E-4,NO
707,22,5.425670046752645E-4,NO
708,125,5.425670046752645E-4,NO
709,163,0.9999456902595207,NO
710,21,5.425670046752645E-4,NO
711,185,0.9999456902595207,NO
712,29,5.425670046752645E-4,NO
713,93,5.425670046752645E-4,NO
714,61,5.425670046752645E-4,NO
715,71,5.425670046752645E-4,NO
716,22,5.425670046752645E-4,NO
717,142,5.425670046752645E-4,NO
718,78,5.425670046752645E-4,NO
719,122,5.425670046752645E-4,NO
720,237,0.9999456902595207,NO
721,153,0.9999456902595207,NO
722,59,5.425670046752645E-4,NO
723,35,5.425670046752645E-4,NO
724,42,5.425670046752645E-4,NO
725,45,5.425670046752645E-4,NO
726,100,5.425670046752645E-4,NO
727,78,5.425670046752645E-4,NO
728,62,5.425670046752645E-4,NO
729,25,5.425670046752645E-4,NO
730,95,5.425670046752645E-4,NO
731,22,5.425670046752645E-4,NO
732,22,5.425670046752645E-4,NO
733,117,5.425670046752645E-4,NO
734,23,5.425670046752645E-4,NO
735,90,5.425670046752645E-4,NO
736,22,5.425670046752645E-4,NO
737,36,5.425670046752645E-4,NO
738,135,5.425670046752645E-4,NO
739,67,5.425670046752645E-4,NO
740,162,0.9999456902595207,NO
741,122,5.425670046752645E-4,NO
742,76,5.425670046752645E-4,NO
743,22,5.425670046752645E-4,NO
744,82,5.425670046752645E-4,NO
745,352,5.425670046752645E-4,NO
746,308,0.9999456902595207,NO
747,266,0.9999456902595207,NO
748,38,5.425670046752645E-4,NO
749,89,5.425670046752645E-4,NO
750,18,5.425670046752645E-4,NO
751,57,5.425670046752645E-4,NO
752,86,5.425670046752645E-4,NO
753,69,5.425670046752645E-4,NO
754,25,5.425670046752645E-4,NO
755,31,5.425670046752645E-4,NO
756,21,5.425670046752645E-4,NO
757,158,0.9999456902595207,NO
758,21,5.425670046752645E-4,NO
759,38,5.425670046752645E-4,NO
760,51,5.425670046752645E-4,NO
761,23,5.425670046752645E-4,NO
762,126,5.425670046752645E-4,NO
763,38,5.425670046752645E-4,NO
764,55,5.425670046752645E-4,NO
765,22,5.425670046752645E-4,NO
766,47,5.425670046752645E-4,NO
767,37,5.425670046752645E-4,NO
768,24,5.425670046752645E-4,NO
769,41,5.425670046752645E-4,NO
770,38,5.425670046752645E-4,NO
771,48,5.425670046752645E-4,NO
772,22,5.425670046752645E-4,NO
773,60,5.425670046752645E-4,NO
774,35,5.425670046752645E-4,NO
775,42,5.425670046752645E-4,NO
776,67,5.425670046752645E-4,NO
777,33,5.425670046752645E-4,NO
778,76,5.425670046752645E-4,NO
779,91,5.425670046752645E-4,NO
780,38,5.425670046752645E-4,NO
781,97,5.425670046752645E-4,NO
782,28,5.425670046752645E-4,NO
783,36,5.425670046752645E-4,NO
784,23,5.425670046752645E-4,NO
785,35,0.7142690883389834,NO
786,21,1.357522331926281E-4,NO
787,161,5.425670046752645E-4,NO
788,22,5.425670046752645E-4,NO
789,72,5.425670046752645E-4,NO
790,33,5.425670046752645E-4,NO
791,32,0.9090505130172815,NO
792,187,5.425670046752645E-4,NO
793,28,1.0860768404836304E-4,NO
794,39,7.758173201868161E-5,NO
795,21,1.357522331926281E-4,NO
796,31,1.0860768404836304E-4,NO
797,21,1.357522331926281E-4,NO
798,22,5.425670046752645E-4,NO
799,27,9.050968005588081E-5,NO
800,62,2.714307717184202E-4,NO
801,95,5.425670046752645E-4,NO
802,22,5.425670046752645E-4,NO
803,208,5.425670046752645E-4,NO
804,54,0.9999456902595207,NO
805,21,5.425670046752645E-4,NO
806,57,2.714307717184202E-4,NO
807,37,1.0860768404836304E-4,NO
808,36,5.425670046752645E-4,NO
809,28,1.0860768404836304E-4,NO
810,57,2.714307717184202E-4,NO
811,94,0.8333031607090668,NO
812,35,0.7142690883389834,NO
813,44,5.425670046752645E-4,NO
814,31,1.0860768404836304E-4,NO
815,31,1.0860768404836304E-4,NO
816,22,5.425670046752645E-4,NO
817,41,1.0860768404836304E-4,NO
818,185,5.425670046752645E-4,NO
819,48,5.425670046752645E-4,NO
820,46,5.425670046752645E-4,NO
821,34,1.8098659803359677E-4,NO
822,80,0.8333031607090668,NO
823,55,9.050968005588081E-5,NO
824,59,1.8098659803359677E-4,NO
825,88,2.714307717184202E-4,NO
826,21,1.357522331926281E-4,NO
827,40,1.8098659803359677E-4,NO
828,235,5.425670046752645E-4,NO
829,22,5.425670046752645E-4,NO
830,202,5.425670046752645E-4,NO
831,108,5.425670046752645E-4,NO
832,32,0.9090505130172815,NO
833,556,5.425670046752645E-4,NO
834,768,0.9999456902595207,NO
835,531,5.425670046752645E-4,NO
836,1078,0.9999456902595207,NO
837,347,5.425670046752645E-4,NO
838,724,5.425670046752645E-4,NO
839,409,5.425670046752645E-4,NO
840,1383,0.9999456902595207,NO
841,1336,0.9999456902595207,NO
842,291,0.9999456902595207,NO
843,113,5.425670046752645E-4,NO
844,89,0.9999456902595207,NO
845,292,5.425670046752645E-4,NO
846,218,5.425670046752645E-4,NO
847,3601,0.9999456902595207,NO
848,72,5.425670046752645E-4,NO
849,231,5.425670046752645E-4,NO
850,70,1.357522331926281E-4,NO
851,63,1.357522331926281E-4,NO
852,110,2.714307717184202E-4,NO
853,158,5.425670046752645E-4,NO
854,227,5.425670046752645E-4,NO
855,343,0.9999456902595207,NO
856,1157,0.9999456902595207,NO
857,73,1.8098659803359677E-4,NO
858,72,1.357522331926281E-4,NO
859,981,0.9999456902595207,NO
860,765,5.425670046752645E-4,NO
861,62,2.714307717184202E-4,NO
862,409,0.9999456902595207,NO
863,234,5.425670046752645E-4,NO
864,74,1.8098659803359677E-4,NO
865,58,2.714307717184202E-4,NO
866,21,1.357522331926281E-4,NO
867,931,5.425670046752645E-4,NO
868,21,1.357522331926281E-4,NO
869,77,0.7142690883389834,NO
870,85,5.425670046752645E-4,NO
871,427,0.9999456902595207,NO
872,198,5.425670046752645E-4,NO
873,79,1.8098659803359677E-4,NO
874,52,1.357522331926281E-4,NO
875,217,0.9090505130172815,NO
876,279,5.425670046752645E-4,NO
877,22,5.425670046752645E-4,NO
878,25,2.714307717184202E-4,NO
879,42,9.050968005588081E-5,NO
880,67,1.357522331926281E-4,NO
881,23,7.758173201868161E-5,NO
882,637,5.425670046752645E-4,NO
883,23,7.758173201868161E-5,NO
884,37,1.0860768404836304E-4,NO
885,35,0.7142690883389834,NO
886,35,5.425670046752645E-4,NO
887,84,0.9999456902595207,NO
888,449,0.9999456902595207,NO
889,58,2.714307717184202E-4,NO
890,92,2.714307717184202E-4,NO
891,32,0.9090505130172815,NO
892,521,0.9999456902595207,NO
893,24,1.357522331926281E-4,NO
894,42,5.425670046752645E-4,NO
895,42,5.425670046752645E-4,NO
896,36,5.425670046752645E-4,NO
897,21,1.357522331926281E-4,NO
898,94,5.425670046752645E-4,NO
899,388,0.9999456902595207,NO
900,21,1.357522331926281E-4,NO
901,53,1.8098659803359677E-4,NO
902,21,1.357522331926281E-4,NO
903,105,5.425670046752645E-4,NO
904,76,5.425670046752645E-4,NO
905,29,2.714307717184202E-4,NO
906,48,1.357522331926281E-4,NO
907,137,5.425670046752645E-4,NO
908,21,1.357522331926281E-4,NO
909,42,9.050968005588081E-5,NO
910,21,1.357522331926281E-4,NO
911,646,0.9999456902595207,NO
912,132,0.9999456902595207,NO
913,90,0.7692082735081123,NO
914,499,5.425670046752645E-4,NO
915,268,0.9999456902595207,NO
916,135,0.9999456902595207,NO
917,240,5.425670046752645E-4,NO
918,383,0.9999456902595207,NO
919,21,1.357522331926281E-4,NO
920,768,0.9999456902595207,NO
921,21,1.357522331926281E-4,NO
922,83,0.9999456902595207,NO
923,886,0.9999456902595207,NO
924,287,5.425670046752645E-4,NO
925,63,1.357522331926281E-4,NO
926,129,5.425670046752645E-4,NO
927,71,5.425670046752645E-4,NO
928,21,1.357522331926281E-4,NO
929,400,0.9999456902595207,NO
930,961,0.9999456902595207,NO
931,76,5.425670046752645E-4,NO
932,21,1.357522331926281E-4,NO
933,21,1.357522331926281E-4,NO
934,123,0.9999456902595207,NO
935,151,5.425670046752645E-4,NO
936,21,1.357522331926281E-4,NO
937,131,2.714307717184202E-4,NO
938,189,5.425670046752645E-4,NO
939,37,1.0860768404836304E-4,NO
940,61,5.425670046752645E-4,NO
941,21,1.357522331926281E-4,NO
942,81,0.8333031607090668,NO
943,74,5.425670046752645E-4,NO
944,58,2.714307717184202E-4,NO
945,51,1.357522331926281E-4,NO
946,26,1.8098659803359677E-4,NO
947,21,1.357522331926281E-4,NO
948,54,2.714307717184202E-4,NO
949,43,0.7142690883389834,NO
950,33,1.8098659803359677E-4,NO
951,36,5.425670046752645E-4,NO
952,37,1.0860768404836304E-4,NO
953,28,1.0860768404836304E-4,NO
954,34,1.8098659803359677E-4,NO
955,36,5.425670046752645E-4,NO
956,34,1.8098659803359677E-4,NO
957,99,5.425670046752645E-4,NO
958,52,0.9999456902595207,NO
959,128,5.425670046752645E-4,NO
960,38,1.357522331926281E-4,NO
961,525,0.9999456902595207,NO
962,1361,0.9999456902595207,NO
963,129,5.425670046752645E-4,NO
964,21,1.357522331926281E-4,NO
965,114,5.425670046752645E-4,NO
966,72,1.357522331926281E-4,NO
967,70,1.357522331926281E-4,NO
968,42,9.050968005588081E-5,NO
969,99,5.425670046752645E-4,NO
970,163,5.425670046752645E-4,NO
971,46,9.050968005588081E-5,NO
972,85,5.425670046752645E-4,NO
973,247,5.425670046752645E-4,NO
974,36,5.425670046752645E-4,NO
975,37,1.0860768404836304E-4,NO
976,49,1.357522331926281E-4,NO
977,21,1.357522331926281E-4,NO
978,39,7.758173201868161E-5,NO
979,227,5.425670046752645E-4,NO
980,55,0.9999456902595207,NO
981,175,5.425670046752645E-4,NO
982,102,5.425670046752645E-4,NO
983,64,0.8333031607090668,NO
984,67,1.357522331926281E-4,NO
985,180,5.425670046752645E-4,NO
986,127,5.425670046752645E-4,NO
987,51,1.357522331926281E-4,NO
988,120,0.8333031607090668,NO
989,21,1.357522331926281E-4,NO
990,138,5.425670046752645E-4,NO
991,181,5.425670046752645E-4,NO
992,61,1.8098659803359677E-4,NO
993,21,1.357522331926281E-4,NO
994,114,5.425670046752645E-4,NO
995,66,2.714307717184202E-4,NO
996,72,1.357522331926281E-4,NO
997,75,1.8098659803359677E-4,NO
998,33,1.8098659803359677E-4,NO
999,21,1.357522331926281E-4,NO
1000,46,9.050968005588081E-5,NO
1001,46,9.050968005588081E-5,NO
1002,51,1.357522331926281E-4,NO
1003,38,1.357522331926281E-4,NO
1004,40,1.8098659803359677E-4,NO
1005,21,1.357522331926281E-4,NO
1006,781,5.425670046752645E-4,NO
1007,1323,5.425670046752645E-4,NO
1008,21,1.357522331926281E-4,NO
1009,2645,0.9999456902595207,NO
1010,246,5.425670046752645E-4,NO
1011,21,1.357522331926281E-4,NO
1012,100,2.714307717184202E-4,NO
1013,57,2.714307717184202E-4,NO
1014,68,0.9999456902595207,NO
1015,372,0.9999456902595207,NO
1016,147,5.425670046752645E-4,NO
1017,45,9.050968005588081E-5,NO
1018,116,5.425670046752645E-4,NO
1019,40,1.8098659803359677E-4,NO
1020,97,2.714307717184202E-4,NO
1021,758,0.9999456902595207,NO
1022,21,1.357522331926281E-4,NO
1023,55,9.050968005588081E-5,NO
1024,199,5.425670046752645E-4,NO
1025,64,0.8333031607090668,NO
1026,103,5.425670046752645E-4,NO
1027,71,1.0860768404836304E-4,NO
1028,245,5.425670046752645E-4,NO
1029,21,1.357522331926281E-4,NO
1030,343,0.9999456902595207,NO
1031,244,5.425670046752645E-4,NO
1032,142,5.425670046752645E-4,NO
1033,22,5.425670046752645E-4,NO
1034,266,5.425670046752645E-4,NO
1035,126,5.425670046752645E-4,NO
1036,170,5.425670046752645E-4,NO
1037,648,5.425670046752645E-4,NO
1038,150,0.9999456902595207,NO
1039,65,5.425670046752645E-4,NO
1040,119,0.8333031607090668,NO
1041,42,9.050968005588081E-5,NO
1042,54,2.714307717184202E-4,NO
1043,32,0.9090505130172815,NO
1044,30,2.714307717184202E-4,NO
1045,40,1.8098659803359677E-4,NO
1046,30,2.714307717184202E-4,NO
1047,34,1.8098659803359677E-4,NO
1048,58,2.714307717184202E-4,NO
1049,34,1.8098659803359677E-4,NO
1050,34,1.8098659803359677E-4,NO
1051,30,2.714307717184202E-4,NO
1052,30,2.714307717184202E-4,NO
1053,49,1.357522331926281E-4,NO
1054,34,1.8098659803359677E-4,NO
1055,38,1.357522331926281E-4,NO
1056,30,2.714307717184202E-4,NO
1057,34,1.8098659803359677E-4,NO
1058,31,1.0860768404836304E-4,NO
1059,42,9.050968005588081E-5,NO
1060,30,2.714307717184202E-4,NO
1061,29,2.714307717184202E-4,NO
1062,30,2.714307717184202E-4,NO
1063,31,1.0860768404836304E-4,NO
1064,32,0.9090505130172815,NO
1065,31,1.0860768404836304E-4,NO
1066,30,2.714307717184202E-4,NO
1067,34,1.8098659803359677E-4,NO
1068,30,2.714307717184202E-4,NO
1069,37,1.0860768404836304E-4,NO
1070,38,1.357522331926281E-4,NO
1071,31,1.0860768404836304E-4,NO
1072,32,0.9090505130172815,NO
1073,31,1.0860768404836304E-4,NO
1074,34,1.8098659803359677E-4,NO
1075,30,2.714307717184202E-4,NO
1076,122,2.714307717184202E-4,NO
1077,30,2.714307717184202E-4,NO
1078,30,2.714307717184202E-4,NO
1079,30,2.714307717184202E-4,NO
1080,45,9.050968005588081E-5,NO
1081,38,1.357522331926281E-4,NO
1082,30,2.714307717184202E-4,NO
1083,43,0.7142690883389834,NO
1084,31,1.0860768404836304E-4,NO
1085,21,1.357522331926281E-4,NO
1086,21,1.357522331926281E-4,NO
1087,110,5.425670046752645E-4,NO
1088,59,5.425670046752645E-4,NO
1089,22,5.425670046752645E-4,NO
1090,354,5.425670046752645E-4,NO
1091,38,5.425670046752645E-4,NO
1092,22,5.425670046752645E-4,NO
1093,69,5.425670046752645E-4,NO
1094,324,0.9999456902595207,NO
1095,100,5.425670046752645E-4,NO
1096,18,5.425670046752645E-4,NO
1097,51,5.425670046752645E-4,NO
1098,247,0.9999456902595207,NO
1099,33,5.425670046752645E-4,NO
1100,34,5.425670046752645E-4,NO
1101,34,5.425670046752645E-4,NO
1102,18,5.425670046752645E-4,NO
1103,37,5.425670046752645E-4,NO
1104,18,5.425670046752645E-4,NO
1105,49,5.425670046752645E-4,NO
1106,138,5.425670046752645E-4,NO
1107,109,5.425670046752645E-4,NO
1108,79,5.425670046752645E-4,NO
1109,68,5.425670046752645E-4,NO
1110,73,5.425670046752645E-4,NO
1111,18,5.425670046752645E-4,NO
1112,53,5.425670046752645E-4,NO
1113,44,5.425670046752645E-4,NO
1114,22,5.425670046752645E-4,NO
1115,18,5.425670046752645E-4,NO
1116,85,5.425670046752645E-4,NO
1117,131,5.425670046752645E-4,NO
1118,53,5.425670046752645E-4,NO
1119,57,5.425670046752645E-4,NO
1120,64,5.425670046752645E-4,NO
1121,18,5.425670046752645E-4,NO
1122,75,5.425670046752645E-4,NO
1123,66,5.425670046752645E-4,NO
1124,74,5.425670046752645E-4,NO
1125,33,5.425670046752645E-4,NO
1126,54,5.425670046752645E-4,NO
1127,53,5.425670046752645E-4,NO
1128,23,5.425670046752645E-4,NO
1129,39,5.425670046752645E-4,NO
1130,50,5.425670046752645E-4,NO
1131,31,5.425670046752645E-4,NO
1132,39,5.425670046752645E-4,NO
1133,39,5.425670046752645E-4,NO
1134,22,5.425670046752645E-4,NO
1135,27,5.425670046752645E-4,NO
1136,28,5.425670046752645E-4,NO
1137,30,5.425670046752645E-4,NO
1138,34,5.425670046752645E-4,NO
1139,41,5.425670046752645E-4,NO
1140,59,5.425670046752645E-4,NO
1141,31,5.425670046752645E-4,NO
1142,51,5.425670046752645E-4,NO
1143,72,5.425670046752645E-4,NO
1144,23,5.425670046752645E-4,NO
1145,507,5.425670046752645E-4,NO
1146,48,5.425670046752645E-4,NO
1147,77,5.425670046752645E-4,NO
1148,43,5.425670046752645E-4,NO
1149,38,5.425670046752645E-4,NO
1150,47,5.425670046752645E-4,NO
1151,22,5.425670046752645E-4,NO
1152,22,5.425670046752645E-4,NO
1153,86,5.425670046752645E-4,NO
1154,43,5.425670046752645E-4,NO
1155,518,5.425670046752645E-4,NO
1156,37,5.425670046752645E-4,NO
1157,23,5.425670046752645E-4,NO
1158,97,5.425670046752645E-4,NO
1159,107,5.425670046752645E-4,NO
1160,177,0.9999456902595207,NO
1161,688,0.9999456902595207,NO
1162,23,5.425670046752645E-4,NO
1163,152,0.9999456902595207,NO
1164,139,5.425670046752645E-4,NO
1165,140,5.425670046752645E-4,NO
1166,129,5.425670046752645E-4,NO
1167,1046,5.425670046752645E-4,NO
1168,46,5.425670046752645E-4,NO
1169,271,0.9999456902595207,NO
1170,112,5.425670046752645E-4,NO
1171,95,5.425670046752645E-4,NO
1172,107,5.425670046752645E-4,NO
1173,143,5.425670046752645E-4,NO
1174,22,5.425670046752645E-4,NO
1175,22,5.425670046752645E-4,NO
1176,22,5.425670046752645E-4,NO
1177,44,5.425670046752645E-4,NO
1178,77,5.425670046752645E-4,NO
1179,168,0.9999456902595207,NO
1180,236,0.9999456902595207,NO
1181,131,5.425670046752645E-4,NO
1182,154,0.9999456902595207,NO
1183,232,0.9090505130172815,NO
1184,142,2.714307717184202E-4,NO
1185,23,7.758173201868161E-5,NO
1186,110,5.425670046752645E-4,NO
1187,21,5.425670046752645E-4,NO
1188,22,5.425670046752645E-4,NO
1189,22,5.425670046752645E-4,NO
1190,22,5.425670046752645E-4,NO
1191,42,5.425670046752645E-4,NO
1192,46,5.425670046752645E-4,NO
1193,18,5.425670046752645E-4,NO
1194,39,5.425670046752645E-4,NO
1195,22,5.425670046752645E-4,NO
1196,38,5.425670046752645E-4,NO
1197,25,5.425670046752645E-4,NO
1198,104,5.425670046752645E-4,NO
1199,22,5.425670046752645E-4,NO
1200,92,5.425670046752645E-4,NO
1201,22,5.425670046752645E-4,NO
1202,17,5.425670046752645E-4,NO
1203,58,5.425670046752645E-4,NO
1204,31,5.425670046752645E-4,NO
1205,27,5.425670046752645E-4,NO
1206,36,5.425670046752645E-4,NO
1207,58,5.425670046752645E-4,NO
1208,31,5.425670046752645E-4,NO
1209,22,5.425670046752645E-4,NO
1210,68,5.425670046752645E-4,NO
1211,17,5.425670046752645E-4,NO
1212,31,5.425670046752645E-4,NO
1213,28,5.425670046752645E-4,NO
1214,31,5.425670046752645E-4,NO
1215,36,5.425670046752645E-4,NO
1216,17,5.425670046752645E-4,NO
1217,17,5.425670046752645E-4,NO
1218,144,5.425670046752645E-4,NO
1219,123,5.425670046752645E-4,NO
1220,44,5.425670046752645E-4,NO
1221,70,5.425670046752645E-4,NO
1222,208,0.9999456902595207,NO
1223,106,5.425670046752645E-4,NO
1224,36,5.425670046752645E-4,NO
1225,338,5.425670046752645E-4,NO
1226,292,0.9999456902595207,NO
1227,22,5.425670046752645E-4,NO
1228,56,5.425670046752645E-4,NO
1229,56,5.425670046752645E-4,NO
1230,36,5.425670046752645E-4,NO
1231,145,5.425670046752645E-4,NO
1232,37,5.425670046752645E-4,NO
1233,662,0.9999456902595207,NO
1234,22,5.425670046752645E-4,NO
1235,475,5.425670046752645E-4,NO
1236,22,5.425670046752645E-4,NO
1237,22,5.425670046752645E-4,NO
1238,58,5.425670046752645E-4,NO
1239,164,5.425670046752645E-4,NO
1240,77,5.425670046752645E-4,NO
1241,348,5.425670046752645E-4,NO
1242,45,5.425670046752645E-4,NO
1243,139,5.425670046752645E-4,NO
1244,119,5.425670046752645E-4,NO
1245,113,5.425670046752645E-4,NO
1246,163,0.9999456902595207,NO
1247,117,5.425670046752645E-4,NO
1248,18,5.425670046752645E-4,NO
1249,22,5.425670046752645E-4,NO
1250,48,5.425670046752645E-4,NO
1251,266,0.9999456902595207,NO
1252,22,5.425670046752645E-4,NO
1253,18,5.425670046752645E-4,NO
1254,209,0.9999456902595207,NO
1255,43,0.7142690883389834,NO
1256,187,5.425670046752645E-4,NO
1257,41,1.0860768404836304E-4,NO
1258,188,5.425670046752645E-4,NO
1259,30,2.714307717184202E-4,NO
1260,66,2.714307717184202E-4,NO
1261,57,2.714307717184202E-4,NO
