ID, Size, Predicted, Actual
0,215,0.002086214575373292,NO
1,273,0.002086214575373292,YES
2,460,0.9995813596872898,YES
3,138,0.9995813596872898,NO
4,358,0.00415509232241649,NO
5,1154,0.9995813596872898,YES
6,51,8.365801730498988E-4,NO
7,157,0.002086214575373292,NO
8,31,6.973446057652378E-4,NO
9,1009,0.9995813596872898,YES
10,193,0.9995813596872898,NO
11,83,0.8331007229217958,YES
12,262,0.00415509232241649,NO
13,638,0.00415509232241649,YES
14,40,0.002086214575373292,NO
15,374,0.00415509232241649,NO
16,390,0.00415509232241649,NO
17,51,8.365801730498988E-4,NO
18,579,0.00415509232241649,YES
19,32,0.6665736095144144,NO
20,66,8.365801730498988E-4,NO
21,260,0.9995813596872898,YES
22,596,0.9995813596872898,NO
23,198,0.9995813596872898,NO
24,50,4.651126330339716E-4,NO
25,27,2.4634393765560854E-4,NO
26,926,0.9995813596872898,YES
27,60,0.7690573344069775,NO
28,62,4.1864031271020226E-4,NO
29,87,0.00415509232241649,NO
30,52,0.00415509232241649,NO
31,297,0.9995813596872898,YES
32,163,0.001392746762646219,NO
33,118,0.9995813596872898,NO
34,83,0.8331007229217958,NO
35,147,8.365801730498988E-4,NO
36,58,0.5263041881879751,NO
37,44,8.365801730498988E-4,NO
38,106,0.9995813596872898,YES
39,192,0.9995813596872898,YES
40,151,0.00415509232241649,NO
41,352,0.9995813596872898,YES
42,752,0.9995813596872898,YES
43,877,0.9995813596872898,YES
44,319,0.9995813596872898,NO
45,27,2.4634393765560854E-4,NO
46,55,0.001392746762646219,NO
47,94,0.7998994758247832,NO
48,191,0.001392746762646219,NO
49,90,0.7690573344069775,NO
50,90,0.7690573344069775,NO
51,271,0.9995813596872898,NO
52,138,0.9995813596872898,NO
53,79,0.0010452879827116417,NO
54,82,0.00415509232241649,NO
55,147,8.365801730498988E-4,NO
56,422,0.00415509232241649,NO
57,1026,0.9995813596872898,YES
58,530,0.9995813596872898,YES
59,189,0.00415509232241649,NO
60,167,0.9995813596872898,YES
61,86,0.002086214575373292,NO
62,195,0.9995813596872898,YES
63,374,0.9995813596872898,NO
64,573,0.00415509232241649,NO
65,126,0.00415509232241649,NO
66,106,0.9995813596872898,NO
67,109,0.0010452879827116417,NO
68,85,0.0010452879827116417,NO
69,237,0.9995813596872898,NO
70,345,0.002086214575373292,YES
71,47,3.806110732163134E-4,NO
72,781,0.00415509232241649,YES
73,27,2.4634393765560854E-4,NO
74,89,0.0010452879827116417,NO
75,300,0.9995813596872898,YES
76,166,0.9995813596872898,YES
77,92,0.5881918216580609,NO
78,497,0.9995813596872898,YES
79,93,0.00415509232241649,NO
80,244,0.00415509232241649,NO
81,183,0.9995813596872898,YES
82,252,0.00415509232241649,NO
83,109,0.0010452879827116417,NO
84,607,0.9995813596872898,YES
85,565,0.9995813596872898,YES
86,69,0.8331007229217958,NO
87,77,0.6896003856006714,NO
88,97,0.9995813596872898,YES
89,343,0.002086214575373292,NO
90,214,0.001392746762646219,NO
91,79,0.0010452879827116417,NO
92,25,0.001392746762646219,NO
93,84,0.5881918216580609,NO
94,34,0.0010452879827116417,NO
95,33,0.001392746762646219,NO
96,104,0.001392746762646219,NO
97,172,0.002086214575373292,NO
98,70,8.365801730498988E-4,NO
99,140,0.001392746762646219,NO
100,156,0.002086214575373292,NO
101,142,0.002086214575373292,NO
102,152,0.002086214575373292,NO
103,31,6.973446057652378E-4,NO
104,60,0.7690573344069775,NO
105,60,0.7690573344069775,NO
106,876,0.00415509232241649,NO
107,61,0.00415509232241649,NO
108,185,0.00415509232241649,NO
109,264,0.00415509232241649,NO
110,248,0.00415509232241649,NO
111,286,0.9995813596872898,YES
112,185,0.00415509232241649,NO
113,194,0.9995813596872898,NO
114,346,0.00415509232241649,NO
115,309,0.00415509232241649,NO
116,363,0.9995813596872898,YES
117,84,0.5881918216580609,NO
118,53,0.0010452879827116417,NO
119,132,8.365801730498988E-4,NO
120,4088,0.00415509232241649,NO
121,721,0.9995813596872898,YES
122,47,3.806110732163134E-4,NO
123,101,0.7690573344069775,NO
124,517,0.9995813596872898,YES
125,327,0.002086214575373292,NO
126,274,0.002086214575373292,NO
127,136,0.00415509232241649,NO
128,56,0.6249345669064411,NO
129,74,2.4634393765560854E-4,NO
130,361,0.9995813596872898,YES
131,174,0.001392746762646219,NO
132,148,0.8694306189991459,NO
133,92,0.5881918216580609,NO
134,45,0.5881918216580609,NO
135,168,0.8331007229217958,NO
136,77,0.6896003856006714,NO
137,666,0.9995813596872898,NO
138,88,0.0010452879827116417,NO
139,263,0.00415509232241649,NO
140,54,5.978430628373364E-4,NO
141,51,0.9087795000310047,NO
142,132,8.365801730498988E-4,NO
143,160,0.9995813596872898,NO
144,152,0.002086214575373292,NO
145,39,4.651126330339716E-4,NO
146,677,0.9995813596872898,NO
147,131,0.002086214575373292,NO
148,47,3.806110732163134E-4,NO
149,129,0.002086214575373292,NO
150,43,0.5881918216580609,NO
151,257,0.9995813596872898,YES
152,356,0.00415509232241649,NO
153,62,4.1864031271020226E-4,NO
154,45,0.5881918216580609,NO
155,97,0.5881918216580609,NO
156,476,0.00415509232241649,NO
157,77,0.6896003856006714,NO
158,69,0.8331007229217958,NO
159,104,0.001392746762646219,NO
160,115,0.00415509232241649,NO
161,421,0.00415509232241649,NO
162,61,0.00415509232241649,NO
163,2009,0.00415509232241649,NO
164,179,0.002086214575373292,NO
165,106,6.973446057652378E-4,NO
166,33,0.001392746762646219,NO
167,657,0.00415509232241649,NO
168,295,0.00415509232241649,NO
169,872,0.00415509232241649,NO
170,444,0.00415509232241649,NO
171,168,0.8331007229217958,NO
172,752,0.00415509232241649,NO
173,135,0.00415509232241649,NO
174,1126,0.00415509232241649,NO
175,163,0.001392746762646219,NO
176,184,0.00415509232241649,NO
177,51,8.365801730498988E-4,NO
178,25,0.001392746762646219,NO
179,180,0.0010452879827116417,NO
180,64,0.6249345669064411,NO
181,101,0.7690573344069775,NO
182,512,0.00415509232241649,NO
183,187,0.00415509232241649,NO
184,56,0.6249345669064411,NO
185,39,4.651126330339716E-4,NO
186,261,0.00415509232241649,NO
187,73,0.00415509232241649,NO
188,65,0.00415509232241649,NO
189,329,0.00415509232241649,NO
190,64,0.6249345669064411,NO
191,164,0.00415509232241649,NO
192,624,0.002086214575373292,NO
193,74,2.4634393765560854E-4,NO
194,117,0.8331007229217958,NO
195,84,0.5881918216580609,NO
196,226,0.00415509232241649,NO
197,76,0.0010452879827116417,NO
198,323,0.00415509232241649,NO
199,72,4.1864031271020226E-4,NO
200,42,4.651126330339716E-4,NO
201,48,4.1864031271020226E-4,NO
202,89,0.0010452879827116417,NO
203,380,0.00415509232241649,NO
204,141,0.001392746762646219,NO
205,148,0.8694306189991459,NO
206,191,0.001392746762646219,NO
207,46,0.001392746762646219,NO
208,165,0.002086214575373292,NO
209,171,0.00415509232241649,NO
210,56,0.6249345669064411,NO
211,179,0.002086214575373292,NO
212,74,2.4634393765560854E-4,NO
213,36,0.0010452879827116417,NO
214,37,3.4891561730621476E-4,NO
215,34,0.0010452879827116417,NO
216,34,0.0010452879827116417,NO
217,38,0.7141575284229347,NO
218,39,4.651126330339716E-4,NO
219,156,0.002086214575373292,NO
220,84,0.5881918216580609,NO
221,117,0.8331007229217958,NO
222,94,0.7998994758247832,NO
223,71,0.002086214575373292,NO
224,183,8.365801730498988E-4,NO
225,85,0.0010452879827116417,NO
226,183,8.365801730498988E-4,NO
227,70,8.365801730498988E-4,NO
228,54,5.978430628373364E-4,NO
229,160,0.001392746762646219,NO
230,128,0.9995813596872898,NO
231,151,0.00415509232241649,NO
232,422,0.00415509232241649,NO
233,221,0.00415509232241649,NO
234,50,4.651126330339716E-4,NO
235,42,4.651126330339716E-4,NO
236,624,0.002086214575373292,NO
237,377,0.00415509232241649,NO
238,382,0.9995813596872898,YES
239,72,4.1864031271020226E-4,NO
240,92,0.5881918216580609,NO
241,282,0.9995813596872898,NO
242,371,0.002086214575373292,NO
243,47,3.806110732163134E-4,NO
244,108,0.001392746762646219,NO
245,111,6.973446057652378E-4,NO
246,319,0.00415509232241649,NO
247,129,0.002086214575373292,NO
248,49,5.23190876491682E-4,NO
249,358,0.00415509232241649,NO
250,277,0.00415509232241649,NO
251,49,5.23190876491682E-4,NO
252,89,0.0010452879827116417,NO
253,41,8.365801730498988E-4,NO
254,66,8.365801730498988E-4,NO
255,63,0.5263041881879752,NO
256,24,0.002086214575373292,NO
257,50,4.651126330339716E-4,NO
258,72,4.1864031271020226E-4,NO
259,47,3.806110732163134E-4,NO
260,47,3.806110732163134E-4,NO
261,183,8.365801730498988E-4,NO
262,49,5.23190876491682E-4,NO
263,50,4.651126330339716E-4,NO
264,98,0.5881918216580609,NO
265,143,0.002086214575373292,NO
266,43,0.5881918216580609,NO
267,42,4.651126330339716E-4,NO
268,56,0.6249345669064411,NO
269,44,8.365801730498988E-4,NO
270,26,0.002086214575373292,NO
271,254,0.00415509232241649,NO
272,16883,0.00415509232241649,NO
273,74,2.4634393765560854E-4,NO
274,153,0.0010452879827116417,NO
275,68,0.00415509232241649,NO
276,100,0.001392746762646219,NO
277,550,0.9995813596872898,NO
278,437,0.00415509232241649,NO
279,1038,0.00415509232241649,NO
280,104,0.001392746762646219,NO
281,332,0.00415509232241649,NO
282,123,0.0010452879827116417,NO
283,106,6.973446057652378E-4,NO
284,106,0.9995813596872898,NO
285,94,0.7998994758247832,NO
286,101,0.7690573344069775,NO
287,38,0.7141575284229347,NO
288,628,0.002086214575373292,YES
289,32,0.6665736095144144,NO
290,111,6.973446057652378E-4,NO
291,35,0.6665736095144144,NO
292,90,0.7690573344069775,NO
293,27,2.4634393765560854E-4,NO
294,28,5.23190876491682E-4,NO
295,92,0.5881918216580609,NO
296,979,0.9995813596872898,YES
297,67,0.001392746762646219,NO
298,29,0.001392746762646219,NO
299,105,0.9089351452755241,NO
300,72,4.1864031271020226E-4,NO
301,37,3.4891561730621476E-4,NO
302,47,3.806110732163134E-4,NO
303,31,6.973446057652378E-4,NO
304,90,0.7690573344069775,NO
305,223,0.00415509232241649,NO
306,214,0.001392746762646219,NO
307,107,0.00415509232241649,NO
308,37,3.4891561730621476E-4,NO
309,27,2.4634393765560854E-4,NO
310,48,4.1864031271020226E-4,NO
311,167,0.8331007229217958,NO
312,213,0.00415509232241649,NO
313,867,0.9995813596872898,NO
314,159,0.00415509232241649,NO
315,100,0.001392746762646219,NO
316,96,0.9087795000310047,NO
317,842,0.00415509232241649,NO
318,535,0.9995813596872898,NO
319,83,0.8331007229217958,NO
320,63,0.5263041881879752,NO
321,76,0.0010452879827116417,NO
322,202,0.00415509232241649,NO
323,155,0.002086214575373292,NO
324,1263,0.00415509232241649,NO
325,74,2.4634393765560854E-4,NO
326,101,0.7690573344069775,NO
327,27,2.4634393765560854E-4,NO
328,22,0.0010452879827116417,NO
329,491,0.9995813596872898,NO
330,62,4.1864031271020226E-4,NO
331,59,0.00415509232241649,NO
332,99,0.002086214575373292,NO
333,27,2.4634393765560854E-4,NO
334,77,0.6896003856006714,NO
335,863,0.9995813596872898,YES
336,64,0.6249345669064411,NO
337,45,0.5881918216580609,NO
338,63,0.5263041881879752,NO
339,54,5.978430628373364E-4,NO
340,64,0.6249345669064411,NO
341,132,8.365801730498988E-4,NO
342,182,0.00415509232241649,NO
343,70,8.365801730498988E-4,NO
344,36,0.0010452879827116417,NO
345,58,0.5263041881879751,NO
346,62,4.1864031271020226E-4,NO
347,132,8.365801730498988E-4,NO
348,74,2.4634393765560854E-4,NO
349,86,0.002086214575373292,NO
350,74,2.4634393765560854E-4,NO
351,48,4.1864031271020226E-4,NO
352,74,2.4634393765560854E-4,NO
353,86,0.002086214575373292,NO
354,355,0.00415509232241649,NO
355,53,0.0010452879827116417,NO
356,804,0.00415509232241649,NO
357,75,0.00415509232241649,NO
358,125,0.002086214575373292,NO
359,200,0.00415509232241649,NO
360,134,0.00415509232241649,NO
361,57,0.0010452879827116417,NO
362,123,0.0010452879827116417,NO
363,266,0.00415509232241649,YES
364,162,0.7690573344069775,NO
365,130,0.00415509232241649,YES
366,108,0.001392746762646219,YES
367,354,0.00415509232241649,YES
368,88,0.0010452879827116417,YES
369,28,5.23190876491682E-4,NO
370,58,0.5263041881879751,NO
371,308,0.00415509232241649,YES
372,343,0.002086214575373292,YES
373,103,0.001392746762646219,NO
374,35,0.6665736095144144,NO
375,98,0.5881918216580609,NO
376,117,0.8331007229217958,NO
