ID, Size, Predicted, Actual
0,227,0.3302266274808268,NO
1,276,0.33193872913519357,NO
2,460,0.3461387615163731,NO
3,138,0.3255528658859046,NO
4,355,0.33754513019644433,NO
5,23,0.32038205331640646,NO
6,48,0.32156247124367493,NO
7,59,0.32156247124367493,NO
8,79,0.3228174560241982,NO
9,67,0.32156247124367493,NO
10,49,0.32156247124367493,NO
11,40,0.32038205331640646,NO
12,20,0.32038205331640646,NO
13,42,0.32038205331640646,NO
14,36,0.32038205331640646,NO
15,31,0.32038205331640646,NO
16,30,0.32038205331640646,NO
17,71,0.32156247124367493,NO
18,57,0.32156247124367493,NO
19,20,0.32038205331640646,NO
20,89,0.3228174560241982,NO
21,60,0.32156247124367493,NO
22,102,0.3241474374621883,NO
23,20,0.32038205331640646,NO
24,93,0.3228174560241982,NO
25,59,0.32156247124367493,NO
26,111,0.3241474374621883,NO
27,20,0.32038205331640646,NO
28,31,0.32038205331640646,NO
29,109,0.3241474374621883,NO
30,44,0.32156247124367493,NO
31,72,0.32156247124367493,NO
32,99,0.3228174560241982,NO
33,103,0.3241474374621883,NO
34,20,0.32038205331640646,NO
35,137,0.9980493170553723,YES
36,1699,0.5211004732679133,NO
37,45,0.32156247124367493,NO
38,200,0.32859196290461967,NO
39,2582,0.7291693416034933,NO
40,55,0.32156247124367493,NO
41,204,0.32859196290461967,NO
42,59,0.32156247124367493,NO
43,102,0.3241474374621883,NO
44,34,0.32038205331640646,NO
45,83,0.3228174560241982,NO
46,114,0.3241474374621883,NO
47,60,0.32156247124367493,NO
48,512,0.35092574507965046,NO
49,87,0.3228174560241982,NO
50,130,0.3241474374621883,NO
51,37,0.32038205331640646,NO
52,101,0.3228174560241982,NO
53,1185,0.43107904322907953,NO
54,455,0.3461387615163731,NO
55,40,0.32038205331640646,NO
56,518,0.35092574507965046,NO
57,382,0.3395725234071201,NO
58,49,0.32156247124367493,NO
59,585,0.3560461185256208,NO
60,32,0.32038205331640646,NO
61,73,0.3228174560241982,NO
62,633,0.3615048747997846,NO
63,681,0.3643626947709448,NO
64,470,0.3461387615163731,NO
65,1015,0.4055569235233261,NO
66,278,0.3337288079046368,NO
67,31,0.32038205331640646,NO
68,36,0.32038205331640646,NO
69,58,0.32156247124367493,NO
70,172,0.327034211371308,NO
71,86,0.3228174560241982,NO
72,162,0.327034211371308,NO
73,53,0.32156247124367493,NO
74,415,0.34168019048922754,NO
75,200,0.32859196290461967,NO
76,264,0.33193872913519357,NO
77,166,0.327034211371308,NO
78,38,0.32038205331640646,NO
79,117,0.3241474374621883,NO
80,85,0.3228174560241982,NO
81,66,0.32156247124367493,NO
82,60,0.32156247124367493,NO
83,37,0.32038205331640646,NO
84,233,0.3302266274808268,NO
85,37,0.32038205331640646,NO
86,239,0.3302266274808268,NO
87,40,0.32038205331640646,NO
88,208,0.32859196290461967,NO
89,189,0.327034211371308,NO
90,22,0.32038205331640646,NO
91,262,0.33193872913519357,NO
92,489,0.34849089174731585,NO
93,1418,0.47027324481992233,NO
94,1376,0.4599280975687996,NO
95,66,0.32156247124367493,NO
96,438,0.3438687332265283,NO
97,430,0.3438687332265283,NO
98,35,0.32038205331640646,NO
99,53,0.32156247124367493,NO
100,197,0.32859196290461967,NO
101,108,0.3241474374621883,NO
102,237,0.3302266274808268,NO
103,119,0.3241474374621883,NO
104,334,0.33559741871578624,NO
105,161,0.327034211371308,NO
106,136,0.3255528658859046,NO
107,281,0.3337288079046368,NO
108,203,0.32859196290461967,NO
109,97,0.3228174560241982,NO
110,107,0.3241474374621883,NO
111,148,0.3255528658859046,NO
112,462,0.3461387615163731,NO
113,1856,0.5584807850771338,NO
114,245,0.3302266274808268,NO
115,634,0.3615048747997846,NO
116,214,0.32859196290461967,NO
117,259,0.33193872913519357,NO
118,90,0.3228174560241982,NO
119,93,0.3228174560241982,NO
120,337,0.33754513019644433,NO
121,149,0.3255528658859046,NO
122,611,0.3587328879183027,NO
123,115,0.3241474374621883,NO
124,193,0.9980760157495322,YES
125,815,0.9984628305424585,YES
126,591,0.3560461185256208,NO
127,141,0.3255528658859046,NO
128,179,0.327034211371308,NO
129,606,0.9983163792700348,YES
130,141,0.3255528658859046,NO
131,42,0.32038205331640646,NO
132,42,0.32038205331640646,NO
133,85,0.3228174560241982,NO
134,69,0.32156247124367493,NO
135,471,0.3461387615163731,NO
136,106,0.3241474374621883,NO
137,250,0.33193872913519357,NO
138,162,0.327034211371308,NO
139,24,0.32038205331640646,NO
140,56,0.32156247124367493,NO
141,51,0.32156247124367493,NO
142,22,0.32038205331640646,NO
143,24,0.32038205331640646,NO
144,488,0.34849089174731585,NO
145,1624,0.5092277600906837,NO
146,47,0.32156247124367493,NO
147,2307,0.6600341274284662,NO
148,85,0.3228174560241982,NO
149,50,0.32156247124367493,NO
150,44,0.32156247124367493,NO
151,52,0.32156247124367493,NO
152,41,0.32038205331640646,NO
153,48,0.32156247124367493,NO
154,110,0.3241474374621883,NO
155,69,0.32156247124367493,NO
156,20,0.32038205331640646,NO
157,213,0.32859196290461967,NO
158,542,0.35344394562557263,NO
159,233,0.3302266274808268,NO
160,134,0.3255528658859046,NO
161,104,0.3241474374621883,NO
162,121,0.3241474374621883,NO
163,39,0.32038205331640646,NO
164,41,0.32038205331640646,NO
165,248,0.33193872913519357,NO
166,215,0.32859196290461967,NO
167,269,0.33193872913519357,NO
168,165,0.327034211371308,NO
169,277,0.3337288079046368,NO
170,100,0.3228174560241982,NO
171,358,0.33754513019644433,NO
172,29,0.32038205331640646,NO
173,339,0.33754513019644433,NO
174,719,0.37033825508148416,NO
175,141,0.3255528658859046,NO
176,801,0.3799601509611827,NO
177,77,0.3228174560241982,NO
178,97,0.3228174560241982,NO
179,380,0.3395725234071201,NO
180,214,0.32859196290461967,NO
181,38,0.32038205331640646,NO
182,79,0.3228174560241982,NO
183,25,0.32038205331640646,NO
184,84,0.3228174560241982,NO
185,34,0.32038205331640646,NO
186,33,0.32038205331640646,NO
187,104,0.3241474374621883,NO
188,193,0.32859196290461967,NO
189,70,0.32156247124367493,NO
190,140,0.3255528658859046,NO
191,22,0.32038205331640646,NO
192,158,0.3255528658859046,NO
193,142,0.3255528658859046,NO
194,109,0.3241474374621883,NO
195,158,0.9980493170553723,YES
196,31,0.32038205331640646,NO
197,344,0.33754513019644433,NO
198,71,0.9980134970473311,YES
199,84,0.9980248576705915,YES
200,79,0.9980248576705915,YES
201,881,0.9985067311525225,YES
202,64,0.32156247124367493,NO
203,199,0.32859196290461967,NO
204,261,0.9981048533151435,YES
205,155,0.3255528658859046,NO
206,42,0.32038205331640646,NO
207,405,0.34168019048922754,NO
208,248,0.33193872913519357,NO
209,541,0.35344394562557263,NO
210,28,0.32038205331640646,NO
211,452,0.3461387615163731,NO
212,474,0.3461387615163731,NO
213,379,0.3395725234071201,NO
214,83,0.3228174560241982,NO
215,393,0.3395725234071201,NO
216,458,0.3461387615163731,NO
217,248,0.33193872913519357,NO
218,28,0.32038205331640646,NO
219,69,0.32156247124367493,NO
220,116,0.3241474374621883,NO
221,100,0.3228174560241982,NO
222,46,0.32156247124367493,NO
223,226,0.3302266274808268,NO
224,79,0.3228174560241982,NO
225,93,0.3228174560241982,NO
226,2156,0.6253603912261648,NO
227,41,0.32038205331640646,NO
228,64,0.32156247124367493,NO
229,149,0.3255528658859046,NO
230,334,0.33559741871578624,NO
231,114,0.3241474374621883,NO
232,66,0.32156247124367493,NO
233,38,0.32038205331640646,NO
234,46,0.32156247124367493,NO
235,101,0.3228174560241982,NO
236,111,0.3241474374621883,NO
237,156,0.3255528658859046,NO
238,113,0.3241474374621883,NO
239,770,0.37345717774038206,NO
240,392,0.3395725234071201,NO
241,330,0.33559741871578624,NO
242,139,0.3255528658859046,NO
243,59,0.32156247124367493,NO
244,78,0.3228174560241982,NO
245,49,0.32156247124367493,NO
246,511,0.35092574507965046,NO
247,42,0.32038205331640646,NO
248,75,0.3228174560241982,NO
249,219,0.3302266274808268,NO
250,103,0.3241474374621883,NO
251,158,0.3255528658859046,NO
252,190,0.32859196290461967,NO
253,88,0.3228174560241982,NO
254,248,0.33193872913519357,NO
255,276,0.33193872913519357,NO
256,60,0.32156247124367493,NO
257,35,0.32038205331640646,NO
258,63,0.32156247124367493,NO
259,79,0.3228174560241982,NO
260,174,0.327034211371308,NO
261,148,0.3255528658859046,NO
262,34,0.32038205331640646,NO
263,35,0.32038205331640646,NO
264,45,0.32156247124367493,NO
265,293,0.3337288079046368,NO
266,57,0.32156247124367493,NO
267,39,0.32038205331640646,NO
268,57,0.32156247124367493,NO
269,277,0.3337288079046368,NO
270,468,0.3461387615163731,NO
271,75,0.3228174560241982,NO
272,666,0.3643626947709448,NO
273,53,0.32156247124367493,NO
274,145,0.3255528658859046,NO
275,53,0.32156247124367493,NO
276,397,0.34168019048922754,NO
277,54,0.32156247124367493,NO
278,104,0.3241474374621883,NO
279,119,0.3241474374621883,NO
280,514,0.35092574507965046,NO
281,152,0.3255528658859046,NO
282,95,0.3228174560241982,NO
283,415,0.34168019048922754,NO
284,131,0.3241474374621883,NO
285,45,0.32156247124367493,NO
286,156,0.3255528658859046,NO
287,166,0.327034211371308,NO
288,43,0.32038205331640646,NO
289,74,0.3228174560241982,NO
290,302,0.3337288079046368,NO
291,494,0.34849089174731585,NO
292,421,0.34168019048922754,NO
293,723,0.37033825508148416,NO
294,550,0.35344394562557263,NO
295,493,0.34849089174731585,NO
296,416,0.34168019048922754,NO
297,359,0.33754513019644433,NO
298,66,0.32156247124367493,NO
299,62,0.32156247124367493,NO
300,45,0.32156247124367493,NO
301,41,0.32038205331640646,NO
302,47,0.32156247124367493,NO
303,55,0.32156247124367493,NO
304,1456,0.47557967998741957,NO
305,187,0.327034211371308,NO
306,163,0.327034211371308,NO
307,142,0.3255528658859046,NO
308,73,0.3228174560241982,NO
309,108,0.3241474374621883,NO
310,20,0.32038205331640646,NO
311,60,0.32156247124367493,NO
312,84,0.3228174560241982,NO
313,82,0.3228174560241982,NO
314,86,0.3228174560241982,NO
315,67,0.32156247124367493,NO
316,20,0.32038205331640646,NO
317,60,0.32156247124367493,NO
318,88,0.3228174560241982,NO
319,47,0.32156247124367493,NO
320,76,0.3228174560241982,NO
321,21,0.32038205331640646,NO
322,53,0.32156247124367493,NO
323,114,0.3241474374621883,NO
324,121,0.3241474374621883,NO
325,78,0.3228174560241982,NO
326,20,0.32038205331640646,NO
327,69,0.32156247124367493,NO
328,80,0.3228174560241982,NO
329,79,0.3228174560241982,NO
330,81,0.3228174560241982,NO
331,88,0.3228174560241982,NO
332,20,0.32038205331640646,NO
333,105,0.3241474374621883,NO
334,60,0.32156247124367493,NO
335,50,0.32156247124367493,NO
336,28,0.32038205331640646,NO
337,129,0.3241474374621883,NO
338,43,0.32038205331640646,NO
339,76,0.3228174560241982,NO
340,63,0.32156247124367493,NO
341,65,0.32156247124367493,NO
342,76,0.3228174560241982,NO
343,45,0.32156247124367493,NO
344,20,0.32038205331640646,NO
345,126,0.3241474374621883,NO
