ID, Size, Predicted, Actual
0,227,0.0,NO
1,276,0.05142857142857143,NO
2,460,0.35,NO
3,138,0.074,NO
4,355,0.2865,NO
5,23,0.0,NO
6,48,0.0,NO
7,59,0.02,NO
8,79,0.22349999999999995,NO
9,67,0.38,NO
10,49,0.01,NO
11,40,0.01,NO
12,20,0.01,NO
13,42,0.01,NO
14,36,0.02,NO
15,31,0.01,NO
16,30,0.01,NO
17,71,0.23199999999999998,NO
18,57,0.02,NO
19,20,0.01,NO
20,89,0.38,NO
21,60,0.06,NO
22,102,0.55,NO
23,20,0.01,NO
24,93,0.41,NO
25,59,0.03,NO
26,111,0.3758333333333333,NO
27,20,0.0,NO
28,31,0.01,NO
29,109,0.07316666666666666,NO
30,44,0.01,NO
31,72,0.212,NO
32,99,0.14,NO
33,103,0.15,NO
34,20,0.0,NO
35,137,1.0,YES
36,1699,0.69,NO
37,45,0.0,NO
38,200,0.05,NO
39,2582,0.38,NO
40,55,0.0,NO
41,204,0.06,NO
42,59,0.02,NO
43,102,0.01,NO
44,34,0.0,NO
45,83,0.01,NO
46,114,0.2,NO
47,60,0.02,NO
48,512,0.25916666666666666,NO
49,87,0.13,NO
50,130,0.18,NO
51,37,0.01,NO
52,101,0.017666666666666667,NO
53,1185,0.27,NO
54,455,0.29,NO
55,40,0.0,NO
56,518,0.09333333333333334,NO
57,382,0.26,NO
58,49,0.0,NO
59,585,0.33,NO
60,32,0.0,NO
61,73,0.534,NO
62,633,0.14,NO
63,681,0.23,NO
64,470,0.09,NO
65,1015,0.25,NO
66,278,0.08333333333333333,NO
67,31,0.0,NO
68,36,0.01,NO
69,58,0.02,NO
70,172,0.13,NO
71,86,0.135,NO
72,162,0.03,NO
73,53,0.0,NO
74,415,0.11,NO
75,200,0.03,NO
76,264,0.24,NO
77,166,0.13,NO
78,38,0.14,NO
79,117,0.1325,NO
80,85,0.05,NO
81,66,0.022000000000000002,NO
82,60,0.19,NO
83,37,0.03,NO
84,233,0.14,NO
85,37,0.03,NO
86,239,0.01,NO
87,40,0.0,NO
88,208,0.47,NO
89,189,0.29,NO
90,22,0.0,NO
91,262,0.14,NO
92,489,0.16333333333333336,NO
93,1418,0.77,NO
94,1376,0.85,NO
95,66,0.03,NO
96,438,0.22,NO
97,430,0.4275,NO
98,35,0.0,NO
99,53,0.0,NO
100,197,0.17,NO
101,108,0.039,NO
102,237,0.0,NO
103,119,0.046388888888888896,NO
104,334,0.15333333333333335,NO
105,161,0.09,NO
106,136,0.0025,NO
107,281,0.18,NO
108,203,0.0175,NO
109,97,0.03,NO
110,107,0.2,NO
111,148,0.0,NO
112,462,0.1,NO
113,1856,0.27,NO
114,245,0.4,NO
115,634,0.78,NO
116,214,0.13,NO
117,259,0.09,NO
118,90,0.544,NO
119,93,0.0,NO
120,337,0.1725,NO
121,149,0.22,NO
122,611,0.4798333333333333,NO
123,115,0.005,NO
124,193,1.0,YES
125,815,1.0,YES
126,591,0.04,NO
127,141,0.0325,NO
128,179,0.06,NO
129,606,1.0,YES
130,141,0.0125,NO
131,42,0.0,NO
132,42,0.0,NO
133,85,0.0,NO
134,69,0.31,NO
135,471,0.23,NO
136,106,0.06778571428571428,NO
137,250,0.01,NO
138,162,0.02,NO
139,24,0.0,NO
140,56,0.0,NO
141,51,0.01,NO
142,22,0.0,NO
143,24,0.0,NO
144,488,0.365,NO
145,1624,0.63,NO
146,47,0.0,NO
147,2307,0.05,NO
148,85,0.0,NO
149,50,0.0,NO
150,44,0.008285714285714287,NO
151,52,0.03,NO
152,41,0.0,NO
153,48,0.0,NO
154,110,0.19583333333333333,NO
155,69,0.07395238095238094,NO
156,20,0.0,NO
157,213,0.0,NO
158,542,0.73,NO
159,233,0.12,NO
160,134,0.31,NO
161,104,0.25916666666666666,NO
162,121,0.20011904761904764,NO
163,39,0.0,NO
164,41,0.0,NO
165,248,0.15,NO
166,215,0.0,NO
167,269,0.1,NO
168,165,0.14,NO
169,277,0.02,NO
170,100,0.057,NO
171,358,0.12,NO
172,29,0.0,NO
173,339,0.22416666666666665,NO
174,719,0.24,NO
175,141,0.0425,NO
176,801,0.7458333333333333,NO
177,77,0.0,NO
178,97,0.0,NO
179,380,0.0,NO
180,214,0.0,NO
181,38,0.0,NO
182,79,0.0,NO
183,25,0.0,NO
184,84,0.0,NO
185,34,0.0,NO
186,33,0.0,NO
187,104,0.0,NO
188,193,0.0,NO
189,70,0.0,NO
190,140,0.0,NO
191,22,0.0,NO
192,158,0.0,NO
193,142,0.0,NO
194,109,0.23904761904761906,NO
195,158,1.0,YES
196,31,0.0,NO
197,344,0.0,NO
198,71,1.0,YES
199,84,1.0,YES
200,79,1.0,YES
201,881,1.0,YES
202,64,0.0,NO
203,199,0.06399999999999999,NO
204,261,1.0,YES
205,155,0.08,NO
206,42,0.0,NO
207,405,0.6001666666666666,NO
208,248,0.01,NO
209,541,0.672,NO
210,28,0.08,NO
211,452,0.27,NO
212,474,0.12666666666666668,NO
213,379,0.06666666666666665,NO
214,83,0.04750000000000001,NO
215,393,0.5375,NO
216,458,0.18333333333333335,NO
217,248,0.04,NO
218,28,0.02,NO
219,69,0.24400000000000005,NO
220,116,0.0,NO
221,100,0.006,NO
222,46,0.0,NO
223,226,0.10583333333333333,NO
224,79,0.01,NO
225,93,0.09,NO
226,2156,0.51,NO
227,41,0.0,NO
228,64,0.06,NO
229,149,0.04,NO
230,334,0.2,NO
231,114,0.06358333333333334,NO
232,66,0.03,NO
233,38,0.0,NO
234,46,0.0,NO
235,101,0.0,NO
236,111,0.06,NO
237,156,0.01,NO
238,113,0.043750000000000004,NO
239,770,0.7758333333333334,NO
240,392,0.15666666666666668,NO
241,330,0.43,NO
242,139,0.02,NO
243,59,0.0,NO
244,78,0.01,NO
245,49,0.0,NO
246,511,0.4733333333333334,NO
247,42,0.0,NO
248,75,0.07046428571428573,NO
249,219,0.028333333333333332,NO
250,103,0.21933333333333332,NO
251,158,0.03166666666666666,NO
252,190,0.02,NO
253,88,0.0,NO
254,248,0.04,NO
255,276,0.02,NO
256,60,0.01,NO
257,35,0.0,NO
258,63,0.02,NO
259,79,0.0,NO
260,174,0.0,NO
261,148,0.01,NO
262,34,0.0,NO
263,35,0.0,NO
264,45,0.0,NO
265,293,0.275,NO
266,57,0.0,NO
267,39,0.0,NO
268,57,0.0,NO
269,277,0.03,NO
270,468,0.02,NO
271,75,0.03,NO
272,666,0.0,NO
273,53,0.23042135642135642,NO
274,145,0.03,NO
275,53,0.019142857142857142,NO
276,397,0.19333333333333333,NO
277,54,0.0,NO
278,104,0.07,NO
279,119,0.0,NO
280,514,0.35833333333333334,NO
281,152,0.0,NO
282,95,0.02,NO
283,415,0.0,NO
284,131,0.0,NO
285,45,0.0,NO
286,156,0.01,NO
287,166,0.23416666666666663,NO
288,43,0.0,NO
289,74,0.09,NO
290,302,0.06174242424242423,NO
291,494,0.07,NO
292,421,0.08666666666666664,NO
293,723,0.19833333333333336,NO
294,550,0.12833333333333335,NO
295,493,0.11,NO
296,416,0.09916666666666665,NO
297,359,0.0,NO
298,66,0.22,NO
299,62,0.0,NO
300,45,0.0,NO
301,41,0.0,NO
302,47,0.0,NO
303,55,0.0,NO
304,1456,0.01,NO
305,187,0.06,NO
306,163,0.01,NO
307,142,0.05,NO
308,73,0.0033333333333333335,NO
309,108,0.3770531135531136,NO
310,20,0.0,NO
311,60,0.0,NO
312,84,0.0,NO
313,82,0.04,NO
314,86,0.05,NO
315,67,0.21,NO
316,20,0.0,NO
317,60,0.01,NO
318,88,0.41,NO
319,47,0.0,NO
320,76,0.0,NO
321,21,0.0,NO
322,53,0.0,NO
323,114,0.22166666666666665,NO
324,121,0.26666666666666666,NO
325,78,0.35,NO
326,20,0.0,NO
327,69,0.050666666666666665,NO
328,80,0.01,NO
329,79,0.03666666666666667,NO
330,81,0.05,NO
331,88,0.3,NO
332,20,0.0,NO
333,105,0.58,NO
334,60,0.0,NO
335,50,0.0,NO
336,28,0.0,NO
337,129,0.57,NO
338,43,0.0,NO
339,76,0.0,NO
340,63,0.0,NO
341,65,0.03833333333333333,NO
342,76,0.0,NO
343,45,0.0,NO
344,20,0.0,NO
345,126,0.0,NO
