ID, Size, Predicted, Actual
0,215,0.17,NO
1,273,1.0,YES
2,460,1.0,YES
3,138,1.0,YES
4,358,1.0,YES
5,1248,1.0,YES
6,51,0.45199999999999996,NO
7,157,1.0,YES
8,31,0.21453896103896106,NO
9,981,0.56,NO
10,180,0.5399999999999999,NO
11,262,1.0,YES
12,553,1.0,YES
13,40,0.006666666666666666,NO
14,369,1.0,YES
15,390,1.0,YES
16,51,0.45199999999999996,NO
17,577,0.81,NO
18,32,0.851911976911977,NO
19,66,0.1080079365079365,NO
20,188,1.0,YES
21,582,0.95,NO
22,160,1.0,YES
23,50,0.03,NO
24,27,0.0,NO
25,923,1.0,YES
26,60,0.6956190476190477,NO
27,62,0.07629761904761904,NO
28,87,0.424047619047619,NO
29,52,0.7746666666666667,NO
30,268,0.7959761904761906,YES
31,163,0.7958077200577199,NO
32,109,0.01,NO
33,147,0.28902380952380946,NO
34,58,0.024642857142857143,NO
35,44,0.36619047619047623,NO
36,106,0.05607142857142858,NO
37,139,0.5529047619047619,NO
38,326,0.06,YES
39,648,0.52,YES
40,792,1.0,YES
41,319,1.0,YES
42,55,0.3873809523809524,NO
43,191,0.4183333333333333,NO
44,90,0.7648333333333334,NO
45,273,0.6387380952380952,NO
46,137,0.8721782106782107,NO
47,79,0.410781746031746,NO
48,82,0.34189285714285716,NO
49,147,0.28902380952380946,NO
50,422,1.0,NO
51,979,1.0,YES
52,495,1.0,YES
53,189,0.4183333333333333,NO
54,167,1.0,YES
55,86,1.0,YES
56,182,0.7491825396825397,YES
57,361,1.0,YES
58,126,0.43983333333333335,NO
59,106,0.05607142857142858,NO
60,109,0.01,NO
61,85,0.0,NO
62,236,0.79,NO
63,315,1.0,YES
64,695,1.0,YES
65,27,0.0,NO
66,89,0.6408333333333334,NO
67,301,1.0,YES
68,153,0.3072619047619048,YES
69,92,0.01,NO
70,466,1.0,YES
71,93,0.01,NO
72,244,0.35,NO
73,192,0.4183333333333333,NO
74,252,1.0,YES
75,109,0.01,NO
76,601,0.75,YES
77,565,1.0,YES
78,69,0.86,NO
79,77,0.1430833333333333,NO
80,94,0.12,NO
81,337,0.06,NO
82,214,0.17,NO
83,79,0.410781746031746,NO
84,25,0.0,NO
85,84,0.01,NO
86,34,0.6255595238095238,NO
87,33,0.5552579365079364,NO
88,104,0.8654761904761905,NO
89,172,0.79,NO
90,70,0.18,NO
91,140,0.395404761904762,NO
92,156,1.0,YES
93,248,0.35,NO
94,277,1.0,YES
95,189,0.4183333333333333,NO
96,194,0.30833333333333335,NO
97,346,0.14,NO
98,304,0.5085714285714286,NO
99,356,1.0,YES
100,84,1.0,YES
101,53,1.0,YES
102,132,0.3275,NO
103,4088,0.96,NO
104,691,1.0,YES
105,47,0.0,NO
106,101,1.0,YES
107,510,1.0,YES
108,328,1.0,YES
109,273,0.6387380952380952,NO
110,136,0.8721782106782107,NO
111,56,0.6401309523809523,NO
112,74,0.4483952991452992,NO
113,359,1.0,YES
114,174,0.36,NO
115,148,0.6272738095238096,NO
116,92,0.01,NO
117,45,0.6332857142857141,NO
118,168,0.985,NO
119,77,0.1430833333333333,NO
120,666,1.0,YES
121,88,0.725047619047619,NO
122,262,1.0,YES
123,54,0.05,NO
124,48,0.0,NO
125,140,0.395404761904762,NO
126,152,0.257452380952381,NO
127,39,0.0,NO
128,131,0.24583333333333335,NO
129,47,0.0,NO
130,129,0.8905714285714287,NO
131,43,0.67525,NO
132,243,0.48,YES
133,62,0.07629761904761904,NO
134,45,0.6332857142857141,NO
135,97,1.0,YES
136,476,0.31,NO
137,77,0.1430833333333333,NO
138,69,0.86,NO
139,104,0.8654761904761905,NO
140,115,0.85,NO
141,421,1.0,NO
142,61,0.07166666666666667,NO
143,2009,1.0,YES
144,179,0.657,NO
145,106,0.05607142857142858,NO
146,33,0.5552579365079364,NO
147,657,0.61,NO
148,295,0.9485714285714286,NO
149,872,0.75,NO
150,444,0.67,NO
151,168,0.985,NO
152,752,1.0,NO
153,135,0.6588170995670996,NO
154,1126,0.56,NO
155,163,0.7958077200577199,NO
156,184,0.9633333333333333,NO
157,51,0.45199999999999996,NO
158,25,0.0,NO
159,180,0.5399999999999999,NO
160,64,0.7973272005772006,NO
161,101,0.0825,NO
162,512,0.82,NO
163,187,0.7733333333333334,NO
164,56,0.6401309523809523,NO
165,39,0.0,NO
166,261,0.6491428571428571,NO
167,73,0.4483952991452992,NO
168,65,0.19773809523809527,NO
169,329,0.06,NO
170,64,0.7973272005772006,NO
171,164,0.8500833333333333,NO
172,624,1.0,YES
173,74,0.4483952991452992,NO
174,117,0.7135,NO
175,84,0.01,NO
176,226,1.0,YES
177,76,0.0575,NO
178,323,0.07,NO
179,72,0.02666666666666666,NO
180,42,0.1735833333333333,NO
181,48,0.0,NO
182,89,0.6408333333333334,NO
183,380,0.46,NO
184,141,1.0,YES
185,148,1.0,YES
186,191,0.4183333333333333,NO
187,46,0.03216666666666666,NO
188,165,0.8570833333333333,NO
189,171,0.72,NO
190,56,0.6401309523809523,NO
191,179,0.657,NO
192,74,0.4483952991452992,NO
193,36,0.8055317460317462,NO
194,37,0.05,NO
195,34,0.6255595238095238,NO
196,34,0.6255595238095238,NO
197,38,0.01,NO
198,39,0.0,NO
199,156,0.7308333333333334,NO
200,84,0.01,NO
201,117,0.7135,NO
202,94,0.12,NO
203,71,0.02,NO
204,183,0.7491825396825397,NO
205,85,0.0,NO
206,183,0.7491825396825397,NO
207,70,0.18,NO
208,54,0.05,NO
209,160,0.8452976190476191,NO
210,125,0.43983333333333335,NO
211,151,0.6500714285714285,NO
212,422,1.0,YES
213,221,1.0,YES
214,50,0.03,NO
215,42,0.1735833333333333,NO
216,624,0.65,NO
217,377,0.61,NO
218,383,0.46,NO
219,72,0.02666666666666666,NO
220,92,0.01,NO
221,282,1.0,YES
222,371,0.76,NO
223,47,0.0,NO
224,108,0.005,NO
225,111,0.2,NO
226,319,0.19,NO
227,129,0.8905714285714287,NO
228,49,0.0,NO
229,358,0.28,NO
230,277,0.6487380952380952,NO
231,49,0.0,NO
232,89,0.6408333333333334,NO
233,41,0.05425000000000001,NO
234,66,0.1080079365079365,NO
235,63,0.5682261904761904,NO
236,24,0.0,NO
237,50,0.03,NO
238,72,0.02666666666666666,NO
239,47,0.0,NO
240,47,0.0,NO
241,183,0.7491825396825397,NO
242,49,0.0,NO
243,50,0.03,NO
244,98,0.59125,NO
245,143,0.07100000000000001,NO
246,43,0.67525,NO
247,42,0.1735833333333333,NO
248,56,0.6401309523809523,NO
249,44,0.36619047619047623,NO
250,26,0.0,NO
251,254,0.2544047619047619,NO
252,16883,0.96,NO
253,74,0.4483952991452992,NO
254,153,0.3072619047619048,NO
255,68,0.53,NO
256,100,0.205,NO
257,550,1.0,YES
258,437,0.79,NO
259,1038,1.0,YES
260,104,1.0,YES
261,332,1.0,YES
262,123,0.7353333333333334,NO
263,106,0.05607142857142858,NO
264,106,0.05607142857142858,NO
265,94,1.0,YES
266,101,1.0,YES
267,38,0.01,NO
268,628,1.0,YES
269,32,0.851911976911977,NO
270,111,0.2,NO
271,35,0.7792261904761906,NO
272,90,0.7648333333333334,NO
273,27,0.0,NO
274,28,0.1472142857142857,NO
275,92,0.01,NO
276,956,1.0,YES
277,67,0.13,NO
278,29,0.7590476190476191,NO
279,105,0.15607142857142858,NO
280,72,0.02666666666666666,NO
281,37,0.05,NO
282,47,0.0,NO
283,31,0.21453896103896106,NO
284,90,0.7648333333333334,NO
285,223,0.53,NO
286,214,0.17,NO
287,107,0.015,NO
288,37,0.05,NO
289,27,0.0,NO
290,48,0.0,NO
291,167,1.0,YES
292,213,0.17,NO
293,867,1.0,YES
294,159,0.5383333333333334,NO
295,100,0.205,NO
296,96,0.9198333333333333,NO
297,842,1.0,YES
298,525,0.99,NO
299,83,0.02,NO
300,63,0.5682261904761904,NO
301,76,0.0575,NO
302,202,0.11,NO
303,155,1.0,YES
304,1263,1.0,YES
305,74,0.4483952991452992,NO
306,101,0.0825,NO
307,27,0.0,NO
308,22,0.0,NO
309,491,1.0,YES
310,62,0.07629761904761904,NO
311,59,0.582642857142857,NO
312,99,0.8784722222222223,NO
313,27,0.0,NO
314,77,0.1430833333333333,NO
315,846,0.77,NO
316,64,0.7973272005772006,NO
317,45,0.6332857142857141,NO
318,63,0.5682261904761904,NO
319,54,0.05,NO
320,64,0.7973272005772006,NO
321,132,0.3275,NO
322,177,0.9041666666666667,NO
323,70,0.18,NO
324,36,0.8055317460317462,NO
325,58,0.024642857142857143,NO
326,62,0.07629761904761904,NO
327,132,0.3275,NO
328,74,0.4483952991452992,NO
329,86,1.0,YES
330,74,0.4483952991452992,NO
331,48,0.0,NO
332,74,0.4483952991452992,NO
333,86,0.03666666666666666,NO
334,355,0.28,NO
335,53,0.11083333333333335,NO
336,804,1.0,YES
337,75,0.8479047619047618,NO
338,125,0.43983333333333335,NO
339,200,0.11,NO
340,134,0.69,NO
341,57,0.018333333333333337,NO
342,123,0.7353333333333334,NO
343,266,0.7959761904761906,NO
344,162,0.9161688311688312,NO
345,130,0.8905714285714287,NO
346,108,0.005,NO
347,354,0.28,NO
348,88,0.725047619047619,NO
349,28,0.1472142857142857,NO
350,58,0.024642857142857143,NO
351,308,1.0,YES
352,343,1.0,YES
353,103,0.5035714285714286,NO
354,35,0.7792261904761906,NO
355,98,0.59125,NO
356,117,1.0,YES
