ID, Size, Predicted, Actual
0,227,0.9995747502094483,NO
1,276,0.9995699723765432,NO
2,460,0.9997394011153519,NO
3,138,0.9991569577324234,NO
4,355,0.999178772262738,NO
5,23,0.9990874095828227,NO
6,48,0.9994623815363852,NO
7,59,0.9994606364898236,NO
8,79,0.9994572685814614,NO
9,67,0.9994479751858693,NO
10,49,0.9994439220931378,NO
11,40,0.999437709509447,NO
12,20,0.999437709509447,NO
13,42,0.9994368295908759,NO
14,36,0.9994358811109677,NO
15,31,0.9994297155979289,NO
16,30,0.9994286254708897,NO
17,71,0.9994317024839281,NO
18,57,0.9994317024839281,NO
19,20,0.9994273913837469,NO
20,89,0.9994256967380833,NO
21,60,0.9994180630194782,NO
22,102,0.9994240243304343,NO
23,20,0.9994093430493377,NO
24,93,0.9994161996599933,NO
25,59,0.9994097849416383,NO
26,111,0.9994143973282875,NO
27,20,0.9993971662812371,NO
28,31,0.9985763741713379,NO
29,109,0.9986809900467377,NO
30,44,0.9985005225506512,NO
31,72,0.998495103270032,NO
32,99,0.9986630374766058,NO
33,103,0.9986697823001588,NO
34,20,0.9984712559350282,NO
35,137,0.9999994964797144,YES
36,1699,0.9991471985207997,NO
37,45,0.9944942974748526,NO
38,200,0.9966120374349803,NO
39,2582,0.9989007988518661,NO
40,55,0.9857518178546658,NO
41,204,0.991205937226246,NO
42,59,0.9907601020047244,NO
43,102,0.9853626525695075,NO
44,34,0.984945382174721,NO
45,83,0.9850535138174846,NO
46,114,0.993024816627838,NO
47,60,0.9947911595074536,NO
48,512,0.995246416352492,NO
49,87,0.9895458768724641,NO
50,130,0.9895489431319131,NO
51,37,0.9893080771613454,NO
52,101,0.9811401507777529,NO
53,1185,0.9944320444315842,NO
54,455,0.9905148090015357,NO
55,40,0.9728690583533023,NO
56,518,0.9917709263347573,NO
57,382,0.9901461692733526,NO
58,49,0.9698054205073116,NO
59,585,0.9905091845663008,NO
60,32,0.9880772897133574,NO
61,73,0.9657146282349299,NO
62,633,0.9889449163352708,NO
63,681,0.991021843242944,NO
64,470,0.9897059990142485,NO
65,1015,0.9910605168962092,NO
66,278,0.9825143915567623,NO
67,31,0.9471702846619638,NO
68,36,0.9810822050444726,NO
69,58,0.9837534252129106,NO
70,172,0.9848131732747116,NO
71,86,0.9831058936114092,NO
72,162,0.9850709522467486,NO
73,53,0.9314260217194374,NO
74,415,0.9850110976542205,NO
75,200,0.9802423455472951,NO
76,264,0.9771703477563647,NO
77,166,0.983729128633438,NO
78,38,0.9671633118585817,NO
79,117,0.9827690507147185,NO
80,85,0.9669868159427449,NO
81,66,0.9197107661925163,NO
82,60,0.9662162254534813,NO
83,37,0.9181496766970405,NO
84,233,0.9756412759737975,NO
85,37,0.9155117218961336,NO
86,239,0.9191498381409031,NO
87,40,0.9143441931987385,NO
88,208,0.9816906892401983,NO
89,189,0.9736186801293869,NO
90,22,0.9596531634898305,NO
91,262,0.9560390756062586,NO
92,489,0.9706095689269618,NO
93,1418,0.9440087477174814,NO
94,1376,0.9775484333745966,NO
95,66,0.9591695026126441,NO
96,438,0.960050597597511,NO
97,430,0.9558927146974562,NO
98,35,0.6850267920792064,NO
99,53,0.6858902200555735,NO
100,197,0.9539033524050535,NO
101,108,0.929227326050063,NO
102,237,0.93051113796201,NO
103,119,0.673479336323951,NO
104,334,0.9535637410827831,NO
105,161,0.9396248053957117,NO
106,136,0.8874798193166634,NO
107,281,0.8515297666262452,NO
108,203,0.9373699008018536,NO
109,97,0.6300283472888477,NO
110,107,0.9418836194840629,NO
111,148,0.8322743866906847,NO
112,462,0.924175923038934,NO
113,1856,0.8794876581651874,NO
114,245,0.762392983841276,NO
115,634,0.9394045856982257,NO
116,214,0.4841585631165742,NO
117,259,0.7290017809183871,NO
118,90,0.7164924147724218,NO
119,93,0.8801658219709768,NO
120,337,0.9085508790403457,NO
121,149,0.9015271793028663,NO
122,611,0.7127463459088216,NO
123,115,0.8675624746504347,NO
124,193,0.9995745627995587,YES
125,815,0.99963124657456,YES
126,591,0.8650500207040944,NO
127,141,0.8467814147964705,NO
128,179,0.8785350066375648,NO
129,606,0.9995002984011815,YES
130,141,0.31843390720153447,NO
131,42,0.8301633547802052,NO
132,42,0.7342578104090796,NO
133,85,0.7342388252907163,NO
134,69,0.8291008166252198,NO
135,471,0.7516764335292612,NO
136,106,0.7278808774594488,NO
137,250,0.7338302304620503,NO
138,162,0.8623161947402939,NO
139,24,0.4769648445910206,NO
140,56,0.2366917104943621,NO
141,51,0.23631551941796747,NO
142,22,0.234953582022155,NO
143,24,0.4755131326078117,NO
144,488,0.9933951010619708,NO
145,1624,0.9461909196215992,NO
146,47,0.20126899225431574,NO
147,2307,0.62738121547153,NO
148,85,0.14877902257988884,NO
149,50,0.14739708488586603,NO
150,44,0.14714482925399508,NO
151,52,0.14687784379280594,NO
152,41,0.1457408089021649,NO
153,48,0.1459279291923713,NO
154,110,0.3354929675839131,NO
155,69,0.3315810710680697,NO
156,20,0.31354703560971536,NO
157,213,0.1378008284776764,NO
158,542,0.3322735632463615,NO
159,233,0.12633609757160322,NO
160,134,0.12095452416671702,NO
161,104,0.5516770596655085,NO
162,121,0.7964417876610055,NO
163,39,0.5282061846979238,NO
164,41,0.10531283418174783,NO
165,248,0.7664071926618206,NO
166,215,0.1044836568795544,NO
167,269,0.6918483237309535,NO
168,165,0.0950205769322318,NO
169,277,0.5153399373464127,NO
170,100,0.09065007280589511,NO
171,358,0.682197951897088,NO
172,29,0.4877011325455427,NO
173,339,0.6773553256325552,NO
174,719,0.6964217254580986,NO
175,141,0.718539923186953,NO
176,801,0.814146476741073,NO
177,77,0.06566295921437205,NO
178,97,0.06519982204124558,NO
179,380,0.06938715496543404,NO
180,214,0.0655784959793641,NO
181,38,0.06232300486772655,NO
182,79,0.06308041722760686,NO
183,25,0.06218580654389423,NO
184,84,0.06276528154191344,NO
185,34,0.06166794968244839,NO
186,33,0.06154811490698449,NO
187,104,0.06289177119543979,NO
188,193,0.06355878190202363,NO
189,70,0.061120084554296676,NO
190,140,0.06196228728375126,NO
191,22,0.0601884617730222,NO
192,158,0.42993986612451707,NO
193,142,0.060851412535658754,NO
194,109,0.42485489552163597,NO
195,158,0.9955536745552365,YES
196,31,0.057589326488647646,NO
197,344,0.06187232488963993,NO
198,71,0.9953470890148349,YES
199,84,0.9953544238451504,YES
200,79,0.9948348040795648,YES
201,881,0.9957999925321063,YES
202,64,0.04849880134661202,NO
203,199,0.050106946097913496,NO
204,261,0.994672406572693,YES
205,155,0.38784632663262536,NO
206,42,0.04650478452249005,NO
207,405,0.7947882824964516,NO
208,248,0.047215612224315924,NO
209,541,0.7860393265289519,NO
210,28,0.03749069545863223,NO
211,452,0.7935860123340416,NO
212,474,0.10674357967555839,NO
213,379,0.0996116916371924,NO
214,83,0.3193121762126494,NO
215,393,0.7566538191757842,NO
216,458,0.0812070961948136,NO
217,248,0.7036583976203917,NO
218,28,0.001128410575939685,NO
219,69,0.022693202348675442,NO
220,116,0.017841540201171683,NO
221,100,0.08700550989651502,NO
222,46,0.017301009562290724,NO
223,226,7.658748148893605E-4,NO
224,79,0.016887887022386753,NO
225,93,0.042445843320862243,NO
226,2156,0.3004740676156537,NO
227,41,4.4294188941886405E-4,NO
228,64,4.440398596641363E-4,NO
229,149,0.05377437508401967,NO
230,334,0.07213297794072505,NO
231,114,0.052162917456444254,NO
232,66,4.1470039719961846E-4,NO
233,38,4.049505602562331E-4,NO
234,46,0.011794259003093138,NO
235,101,4.0412644620921144E-4,NO
236,111,0.01183849300191461,NO
237,156,0.03190318088612843,NO
238,113,0.050202040275277506,NO
239,770,0.11015304153524931,NO
240,392,0.04362459298524682,NO
241,330,6.932792119410403E-4,NO
242,139,2.1751657191196037E-4,NO
243,59,2.1190783376275193E-4,NO
244,78,2.122219845180341E-4,NO
245,49,0.007781256205473257,NO
246,511,0.05537558059052336,NO
247,42,1.899300638558464E-4,NO
248,75,0.021668561006613483,NO
249,219,0.022366131708933423,NO
250,103,0.021639759842208377,NO
251,158,0.02177984848935659,NO
252,190,0.007481208552723273,NO
253,88,1.8532267933385149E-4,NO
254,248,0.0075205706150929565,NO
255,276,0.0074763175603931534,NO
256,60,1.3117464567328457E-4,NO
257,35,1.3018661489915432E-4,NO
258,63,1.3056804234448294E-4,NO
259,79,1.310663920442047E-4,NO
260,174,1.3306305742656087E-4,NO
261,148,1.3085348251607598E-4,NO
262,34,1.2547479416608203E-4,NO
263,35,1.2547479416608203E-4,NO
264,45,1.253336034036367E-4,NO
265,293,1.3206095628871475E-4,NO
266,57,0.013092281379630711,NO
267,39,7.033453219832998E-5,NO
268,57,7.070251767854508E-5,NO
269,277,0.0041825393572179626,NO
270,468,2.2541411892011107E-4,NO
271,75,6.823586373669575E-5,NO
272,666,7.833441811115265E-5,NO
273,53,0.0037417796445861767,NO
274,145,6.50665478834358E-5,NO
275,53,1.855609303674542E-4,NO
276,397,1.9265109205866533E-4,NO
277,54,1.6587848458893034E-4,NO
278,104,5.693734966931035E-5,NO
279,119,5.636818466140456E-5,NO
280,514,0.038903948777564874,NO
281,152,0.0033344445221091708,NO
282,95,5.125314833012313E-5,NO
283,415,5.345874994037266E-5,NO
284,131,4.853604203587478E-5,NO
285,45,4.77911351827824E-5,NO
286,156,0.003156506092187398,NO
287,166,4.804981523701933E-5,NO
288,43,1.3589056333516682E-4,NO
289,74,4.668681426903313E-5,NO
290,302,0.010962226144292937,NO
291,494,0.003371672841416303,NO
292,421,0.0032116504244472377,NO
293,723,0.0034775462932301973,NO
294,550,0.0031982177126377567,NO
295,493,0.0030847768108646814,NO
296,416,0.002951152998325581,NO
297,359,3.908087276101985E-5,NO
298,66,9.943159423762572E-5,NO
299,62,0.0025126426292227514,NO
300,45,3.3522097389509396E-5,NO
301,41,3.301843709744822E-5,NO
302,47,3.314830253104308E-5,NO
303,55,3.30249240272346E-5,NO
304,1456,5.031444323517412E-5,NO
305,187,0.0024194524722493944,NO
306,163,3.0593998999705046E-5,NO
307,142,0.027150971241363536,NO
308,73,0.002285007056291583,NO
309,108,0.01511666609197149,NO
310,20,0.002169141728875546,NO
311,60,0.014500608814067412,NO
312,84,0.014568525749658173,NO
313,82,0.020698198332499737,NO
314,86,0.025952246195254818,NO
315,67,2.6109545466555154E-5,NO
316,20,0.0021457025456645836,NO
317,60,7.084979441331937E-5,NO
318,88,0.013941281825383558,NO
319,47,0.002052921921519692,NO
320,76,0.0020594954786319806,NO
321,21,0.0020258172758160875,NO
322,53,2.3555910031822628E-5,NO
323,114,0.002055035347993427,NO
324,121,0.0139054417070826,NO
325,78,2.342142224828777E-5,NO
326,20,0.001997155071666351,NO
327,69,0.0020097115638685326,NO
328,80,0.0020209103591562042,NO
329,79,0.007403100189962518,NO
330,81,2.30152091397105E-5,NO
331,88,0.0073850610509063,NO
332,20,0.00197701111220758,NO
333,105,0.007424482355972163,NO
334,60,0.01350258306279533,NO
335,50,2.2393263804569966E-5,NO
336,28,2.2195609900866698E-5,NO
337,129,0.007375004386654938,NO
338,43,0.0019484294648559589,NO
339,76,2.2288209379181616E-5,NO
340,63,2.2089538676926522E-5,NO
341,65,0.007209548945812189,NO
342,76,0.0019631467647680317,NO
343,45,2.1846279136254977E-5,NO
344,20,0.0019124848139952955,NO
345,126,4.786396920636352E-11,NO
