ID, Size, Predicted, Actual
0,237,0.4614596626902033,NO
1,272,0.463133835793439,NO
2,470,0.4801143140147907,NO
3,299,0.464650873811152,NO
4,23,0.4489499436443361,NO
5,56,0.44819159976491824,NO
6,51,0.44819159976491824,NO
7,22,0.44724687422282416,NO
8,67,0.4490448706788088,NO
9,23,0.4458191278138982,NO
10,44,0.44676327507023894,NO
11,111,0.4490285781056968,NO
12,74,0.4475463137899893,NO
13,196,0.452796609178841,NO
14,39,0.44524586945377553,NO
15,124,0.4532030906967578,NO
16,38,0.44524586945377553,NO
17,22,0.44495877872085604,NO
18,44,0.4459025699807624,NO
19,368,0.4643230977448426,NO
20,22,0.4446713807104755,NO
21,285,0.45741062605177163,NO
22,21,0.4435187223164973,NO
23,22,0.4429405578435498,NO
24,208,0.4521825489914506,NO
25,55,0.4438834917906813,NO
26,21,0.4429405578435498,NO
27,288,0.4577478118897777,NO
28,109,0.4455657446436697,NO
29,142,0.45235047630595215,NO
30,47,0.44330385542141854,NO
31,54,0.4430135793891645,NO
32,105,0.44527517217624335,NO
33,528,0.4824671364403214,NO
34,284,0.4622835279942198,NO
35,32,0.44003148831642097,NO
36,35,0.44003148831642097,NO
37,144,0.4494880679810622,NO
38,95,0.4414540979520039,NO
39,164,0.4454078351675008,NO
40,70,0.44116063876382333,NO
41,120,0.44205870891845206,NO
42,38,0.4388593955095111,NO
43,22,0.4388593955095111,NO
44,26,0.4388593955095111,NO
45,21,0.4388593955095111,NO
46,56,0.4398005006654463,NO
47,102,0.4417644785959726,NO
48,107,0.4417644785959726,NO
49,67,0.4392123774178258,NO
50,39,0.43827154617407227,NO
51,52,0.4392123774178258,NO
52,20,0.4379771719976496,NO
53,42,0.43891786508292047,NO
54,36,0.4379771719976496,NO
55,30,0.4379771719976496,NO
56,71,0.43998378243392133,NO
57,57,0.43891786508292047,NO
58,31,0.4379771719976496,NO
59,20,0.43768249861887504,NO
60,90,0.43939354738425646,NO
61,52,0.4383279407466644,NO
62,108,0.44028879458930015,NO
63,20,0.43709225567420507,NO
64,93,0.4390979793638926,NO
65,52,0.43773681921363833,NO
66,121,0.43999275374626284,NO
67,20,0.4367966868215818,NO
68,31,0.4458191278138982,NO
69,109,0.45131230506420006,NO
70,44,0.44446190504312016,NO
71,72,0.4455305951773693,NO
72,99,0.45131230506420006,NO
73,103,0.45131230506420006,NO
74,20,0.4435187223164973,NO
75,71,0.438505944099352,NO
76,155,0.45179769397697733,NO
77,1468,0.6674370353085146,NO
78,45,0.42872832739296085,NO
79,302,0.4421710624989226,NO
80,3423,0.9842236349657838,NO
81,320,0.45966223283911056,NO
82,241,0.45049658543765103,NO
83,57,0.41663272501347187,NO
84,276,0.4521512659465805,NO
85,59,0.41600112897906777,NO
86,107,0.4182283679534425,NO
87,35,0.4147572191563471,NO
88,93,0.41673632886224665,NO
89,122,0.4179116841948209,NO
90,49,0.4338655466843022,NO
91,60,0.41568492668182017,NO
92,456,0.443332264599069,NO
93,87,0.4337268286861954,NO
94,130,0.43592560933653285,NO
95,49,0.4125081922976496,NO
96,122,0.4144103704065212,NO
97,99,0.4131291538154539,NO
98,1787,0.7421512862079419,NO
99,464,0.4657817680413147,NO
100,154,0.409362309226629,NO
101,40,0.403531933410912,NO
102,516,0.47154545752046884,NO
103,193,0.44253268218217134,NO
104,391,0.45674601999784487,NO
105,49,0.40216760261291806,NO
106,594,0.4899252829955212,NO
107,32,0.3986258782365406,NO
108,73,0.4005807001499441,NO
109,633,0.4462959998301367,NO
110,694,0.49492657334252993,NO
111,442,0.47267457086228853,NO
112,1162,0.5950117634906976,NO
113,278,0.44437678299359684,NO
114,31,0.38999392807214256,NO
115,73,0.39159827443331385,NO
116,59,0.38922388084097836,NO
117,172,0.3917006446016289,NO
118,87,0.42145419381466626,NO
119,166,0.44423003097419156,NO
120,53,0.3858483059616524,NO
121,420,0.46262010988742097,NO
122,219,0.43879751169510317,NO
123,264,0.39541654448993624,NO
124,172,0.4439348175548711,NO
125,38,0.41790506311424475,NO
126,126,0.4335021942975504,NO
127,85,0.3838143481289007,NO
128,67,0.4185210112865944,NO
129,50,0.38210983264331927,NO
130,37,0.38120817115364425,NO
131,286,0.45067234513687976,NO
132,37,0.38052627703407976,NO
133,239,0.3907842300002,NO
134,41,0.381085745880375,NO
135,240,0.4484277136724252,NO
136,109,0.4198077034031289,NO
137,215,0.44630998686869633,NO
138,387,0.450055398723209,NO
139,22,0.4150732170575374,NO
140,100,0.37462325107442634,NO
141,72,0.3734915247435893,NO
142,351,0.4640333024841441,NO
143,232,0.37649848243234235,NO
144,162,0.37305124388738503,NO
145,42,0.3683047773549471,NO
146,458,0.454757736676936,NO
147,262,0.37831402312937995,NO
148,139,0.36922778570099407,NO
149,69,0.36651071939696855,NO
150,67,0.3655066258077236,NO
151,197,0.37101433742321643,NO
152,930,0.45811576296029727,NO
153,156,0.36741314802502256,NO
154,303,0.42319710021075285,NO
155,25,0.3614626031499407,NO
156,304,0.42287224912742905,NO
157,414,0.4319876045547353,NO
158,1587,0.6925289654050393,NO
159,1653,0.7051744882846717,NO
160,83,0.44262490483043704,NO
161,444,0.4547196372022746,NO
162,274,0.4401054087972673,NO
163,47,0.3477710784984248,NO
164,35,0.3469049534678972,NO
165,208,0.4276550569428373,NO
166,111,0.4216938622926626,NO
167,227,0.3536087177623703,NO
168,351,0.43730537890108906,NO
169,161,0.4237955571327537,NO
170,136,0.3474583653538025,NO
171,422,0.4419894649798969,NO
172,439,0.4580971626616777,NO
173,153,0.40476378653839024,NO
174,112,0.4020715145068549,NO
175,224,0.407619823557932,NO
176,458,0.46062704022084605,NO
177,2193,0.8384784747984309,NO
178,277,0.4482899776748989,NO
179,738,0.5042371839457287,NO
180,270,0.4413317946478968,NO
181,257,0.4335299911168433,NO
182,88,0.32770898106165747,NO
183,459,0.4714328212501521,NO
184,156,0.4180875440474115,NO
185,654,0.9990321296955503,NO
186,119,0.393086554670953,NO
187,32,0.3215287639568305,NO
188,197,0.4287948677507661,NO
189,1105,0.5641505562053462,NO
190,628,0.9989792923310961,NO
191,138,0.4248744070446739,NO
192,204,0.4380197161909778,NO
193,550,0.4589730875725559,NO
194,399,0.33412722862773664,NO
195,42,0.3128031376741383,NO
196,42,0.3128031376741383,NO
197,312,0.4343911616168981,NO
198,85,0.3133648141905439,NO
199,478,0.41452631537151,NO
200,105,0.42232037388015303,NO
201,252,0.41891121309359397,NO
202,163,0.31422031514822624,NO
203,348,0.44451954211454064,NO
204,77,0.3085594770683541,NO
205,98,0.38666212731217675,NO
206,45,0.30763704767585903,NO
207,102,0.41023102061171707,NO
208,44,0.3072676350005544,NO
209,51,0.4080165015575079,NO
210,73,0.40906208633538266,NO
211,55,0.38415224464160186,NO
212,57,0.41914826053214316,NO
213,103,0.40990770146257494,NO
214,121,0.3084793871851534,NO
215,46,0.3065286624626807,NO
216,75,0.3074492442261414,NO
217,226,0.441523689382277,NO
218,136,0.42268273611318247,NO
219,70,0.30670884339348087,NO
220,160,0.4237955571327537,NO
221,27,0.3049790404101333,NO
222,82,0.3063385720156481,NO
223,96,0.38529936858542085,NO
224,106,0.38529936858542085,NO
225,165,0.38795220167391153,NO
226,72,0.3055978918779908,NO
227,26,0.30387160828579207,NO
228,24,0.30387160828579207,NO
229,810,0.5209023487676883,NO
230,1804,0.7430566651269533,NO
231,48,0.29949996358540487,NO
232,2747,0.9348960956160214,NO
233,69,0.2948418304843482,NO
234,23,0.2931506560690156,NO
235,97,0.4185447801034953,NO
236,144,0.4270523332042648,NO
237,326,0.43971299793766994,NO
238,563,0.48201742629097627,NO
239,22,0.29018993339347265,NO
240,83,0.2918710802839024,NO
241,51,0.2909775454725793,NO
242,43,0.2906068167031845,NO
243,54,0.2906068167031845,NO
244,43,0.2906068167031845,NO
245,47,0.2906068167031845,NO
246,33,0.2898197979225341,NO
247,224,0.4102621024894691,NO
248,595,0.4764258606009806,NO
249,345,0.44606695049527895,NO
250,237,0.293835855331162,NO
251,137,0.4050021661161695,NO
252,90,0.4282606802566691,NO
253,126,0.3762230684612591,NO
254,47,0.40085683498239943,NO
255,69,0.2836996173136631,NO
256,40,0.2816767185591236,NO
257,130,0.3758751526618867,NO
258,213,0.38000694527402606,NO
259,115,0.43521547273596367,NO
260,167,0.4044334325917908,NO
261,283,0.4250249667037915,NO
262,91,0.41419519988914716,NO
263,312,0.4130018651189822,NO
264,32,0.27686736879173607,NO
265,337,0.4151575679547166,NO
266,807,0.5073201030758601,NO
267,77,0.39959125849311916,NO
268,87,0.3703595212148806,NO
269,387,0.4188438906288692,NO
270,107,0.27575575018251286,NO
271,141,0.2764509628921012,NO
272,814,0.48909096689288317,NO
273,38,0.27058514895685454,NO
274,47,0.2713398917704224,NO
275,23,0.27058514895685454,NO
276,23,0.27058514895685454,NO
277,101,0.3693881830798523,NO
278,91,0.39826860384682095,NO
279,272,0.4373286803152254,NO
280,23,0.26984677205210783,NO
281,80,0.2714551366881926,NO
282,97,0.27204079099162926,NO
283,382,0.28700434897581806,NO
284,239,0.2776234211614295,NO
285,44,0.26949103493095933,NO
286,76,0.2703437467854545,NO
287,28,0.2687395381020531,NO
288,89,0.26997337152749307,NO
289,37,0.2683705522789328,NO
290,36,0.2683705522789328,NO
291,105,0.2709270694632325,NO
292,193,0.27403131981620416,NO
293,70,0.26960304187563666,NO
294,140,0.27161109108541265,NO
295,25,0.26800161411324386,NO
296,160,0.27239628419655093,NO
297,23,0.26763272455125026,NO
298,139,0.27086710231601385,NO
299,111,0.3679849703063929,NO
300,158,0.27165039550939507,NO
301,34,0.2668950950240899,NO
302,357,0.3831760397542167,NO
303,70,0.2677521109858332,NO
304,88,0.2677521109858332,NO
305,79,0.2659024628766898,NO
306,934,0.3461828542795237,NO
307,67,0.2635829633460697,NO
308,216,0.27014858259142854,NO
309,265,0.37476277629073795,NO
310,155,0.36812050253783507,NO
311,23,0.2621058570817385,NO
312,45,0.2628454713821781,NO
313,23,0.2621058570817385,NO
314,404,0.28104505480075825,NO
315,246,0.2697245490292696,NO
316,576,0.4750903168080482,NO
317,28,0.2573273912863817,NO
318,467,0.4597078438077182,NO
319,508,0.47154545752046884,NO
320,526,0.4582926128854623,NO
321,82,0.25447052337401393,NO
322,532,0.4654549275715662,NO
323,266,0.43421551973784744,NO
324,274,0.25774874944253623,NO
325,28,0.22971534408926086,NO
326,69,0.2311602408816885,NO
327,139,0.4040152021012813,NO
328,103,0.22232488925269298,NO
329,46,0.22039003676856425,NO
330,220,0.38937626279930954,NO
331,89,0.3429899010945784,NO
332,98,0.3440799630174472,NO
333,2186,0.8365770378976727,NO
334,41,0.20947314400297942,NO
335,85,0.3985996300373376,NO
336,169,0.4212696419184046,NO
337,346,0.3955491569824848,NO
338,131,0.3810726581375234,NO
339,66,0.2080777875260459,NO
340,106,0.33790996509664695,NO
341,46,0.2073813096567102,NO
342,157,0.4303407401162319,NO
343,185,0.4318988316560368,NO
344,126,0.4003772761380307,NO
345,66,0.3769705952332382,NO
346,67,0.3769705952332382,NO
347,289,0.4106648331140224,NO
348,94,0.2060036284345029,NO
349,44,0.33477426479477645,NO
350,95,0.3357386060511426,NO
351,44,0.20495005236496508,NO
352,23,0.20432819219429063,NO
353,23,0.20432819219429063,NO
354,763,0.49658081332111015,NO
355,398,0.3968905457070913,NO
356,333,0.4101264876751887,NO
357,138,0.19693250441067334,NO
358,59,0.19430940389442755,NO
359,78,0.19498772603250336,NO
360,53,0.19430940389442755,NO
361,521,0.4589220465071518,NO
362,23,0.19168235728964453,NO
363,45,0.1922750310306074,NO
364,79,0.1929479520647118,NO
365,222,0.3352902760229855,NO
366,107,0.1933616048819929,NO
367,168,0.33198420321716965,NO
368,192,0.19576843721907683,NO
369,91,0.19226991492026416,NO
370,252,0.1976714916071106,NO
371,282,0.3379521129747813,NO
372,23,0.19033402926478288,NO
373,342,0.4237375394483014,NO
374,69,0.1899043371258651,NO
375,21,0.18865403950854576,NO
376,39,0.18865403950854576,NO
377,22,0.18831877173213635,NO
378,217,0.4216255219045002,NO
379,22,0.1879837490793505,NO
380,76,0.37175344791069714,NO
381,111,0.32730708138801085,NO
382,81,0.32624372715418726,NO
383,106,0.39476348935147365,NO
384,112,0.37288304220083374,NO
385,87,0.37175344791069714,NO
386,132,0.3957047764415131,NO
387,97,0.3269399161558647,NO
388,133,0.3281160755616563,NO
389,177,0.37515299981871053,NO
390,148,0.3957047764415131,NO
391,104,0.32657265647164113,NO
392,120,0.32657265647164113,NO
393,137,0.37343421782638514,NO
394,76,0.3251437982978695,NO
395,89,0.3247769716502315,NO
396,23,0.1843148880340886,NO
397,24,0.1843148880340886,NO
398,62,0.32382876643311276,NO
399,67,0.3915733909179157,NO
400,66,0.18455716676177258,NO
401,63,0.3234624074371443,NO
402,22,0.1839828639653248,NO
403,60,0.18455716676177258,NO
404,38,0.18365109448129727,NO
405,63,0.18422459546083994,NO
406,23,0.18365109448129727,NO
407,79,0.1848757904847115,NO
408,23,0.18365109448129727,NO
409,176,0.1869655686427922,NO
410,149,0.1860784737618029,NO
411,23,0.1833195802969241,NO
412,37,0.18298832212516675,NO
413,43,0.1835602187960772,NO
414,49,0.3230959601886817,NO
415,418,0.44167119664664706,NO
416,23,0.18166586375781288,NO
417,58,0.3205284309820738,NO
418,23,0.17576683243826483,NO
419,80,0.3192642070218497,NO
420,23,0.17414367696643482,NO
421,91,0.17499305787251151,NO
422,23,0.17381986880196543,NO
423,23,0.1728501019944129,NO
424,25,0.1728501019944129,NO
425,48,0.17307352983954427,NO
426,52,0.17307352983954427,NO
427,53,0.17307352983954427,NO
428,57,0.31722150905808527,NO
429,24,0.1722049787079668,NO
430,26,0.1722049787079668,NO
431,60,0.3168536943631117,NO
432,334,0.3309464796082728,NO
433,42,0.17178228656221575,NO
434,60,0.17178228656221575,NO
435,294,0.32860657149547395,NO
436,77,0.365808545662546,NO
437,677,0.36646288913549424,NO
438,56,0.16953345122125216,NO
439,163,0.17241746774483982,NO
440,56,0.16921332548579104,NO
441,133,0.17093871646754014,NO
442,536,0.46276490231815576,NO
443,121,0.31551524660061814,NO
444,77,0.16726451342814608,NO
445,175,0.168222168387445,NO
446,81,0.1656752028128154,NO
447,432,0.33541101908835735,NO
448,129,0.16612971277222321,NO
449,48,0.16413062940025827,NO
450,164,0.3160790439931994,NO
451,172,0.16630250486640383,NO
452,43,0.16350056519247183,NO
453,73,0.16409324040635873,NO
454,302,0.375299226701979,NO
455,551,0.3451872351636931,NO
456,424,0.1765970766634965,NO
457,732,0.1992880605359981,NO
458,562,0.1840736004687441,NO
459,493,0.17763771969107198,NO
460,416,0.1720270581372727,NO
461,359,0.16882829793365214,NO
462,23,0.1576853072473651,NO
463,23,0.15737666351651988,NO
464,694,0.1898390511979879,NO
465,177,0.3123600437689984,NO
466,116,0.15817344726789007,NO
467,20,0.1564525766375775,NO
468,69,0.15753089671172074,NO
469,62,0.15695747299657523,NO
470,34,0.1564525766375775,NO
471,23,0.1564525766375775,NO
472,41,0.15664925276743777,NO
473,50,0.15664925276743777,NO
474,55,0.15664925276743777,NO
475,1468,0.31034990582545613,NO
476,187,0.15833221813263545,NO
477,162,0.1571770836019355,NO
478,23,0.1540019640734098,NO
479,143,0.1554786702592586,NO
480,74,0.1541475007849135,NO
481,109,0.15477878628631164,NO
482,144,0.1551708105817041,NO
483,75,0.15384179677253743,NO
484,112,0.3073666451825342,NO
485,33,0.15248048182610296,NO
486,92,0.15353640792998188,NO
487,108,0.15416564693294507,NO
488,612,0.1774985117213809,NO
489,20,0.15187409323056303,NO
490,20,0.3042407954499103,NO
491,199,0.15522928340117823,NO
492,56,0.1517601479042675,NO
493,200,0.4039748185352463,NO
494,60,0.15115468307903637,NO
495,75,0.1517107220800332,NO
496,150,0.15271933391793382,NO
497,40,0.15006253733423436,NO
498,20,0.15006253733423436,NO
499,60,0.15024887622340363,NO
500,88,0.383473279160373,NO
501,67,0.35704429619483613,NO
502,76,0.3044865418631396,NO
503,21,0.3027637989518116,NO
504,53,0.1499475800089331,NO
505,114,0.30551113708459254,NO
506,121,0.38461668330998044,NO
507,78,0.1501980772989027,NO
508,20,0.3027637989518116,NO
509,69,0.3041160075537893,NO
510,80,0.3041160075537893,NO
511,79,0.35768311550867476,NO
512,81,0.1498965099436977,NO
513,88,0.35768311550867476,NO
514,20,0.3023944495904906,NO
515,105,0.3587943730039238,NO
516,60,0.38210983264331927,NO
517,50,0.14904561639484043,NO
518,28,0.1485616857390911,NO
519,129,0.36002383020513445,NO
520,43,0.30283109162466587,NO
521,76,0.1492943407379159,NO
522,63,0.1487456051406296,NO
523,65,0.35633471945263356,NO
524,76,0.3037454326129318,NO
525,45,0.1484459163260899,NO
526,20,0.30165563695544806,NO
527,212,0.15243193723604687,NO
528,95,0.14869346208553935,NO
529,34,0.14766503235913833,NO
530,35,0.1473667936727285,NO
531,34,0.1473667936727285,NO
532,32,0.1473667936727285,NO
533,188,0.1512431504983311,NO
534,53,0.147847507914358,NO
535,30,0.1473667936727285,NO
536,101,0.14870473018118263,NO
537,125,0.14938200252153605,NO
538,179,0.15063474772756594,NO
539,123,0.14908054917143648,NO
540,88,0.14779457224784062,NO
541,88,0.14779457224784062,NO
542,171,0.14952136557394285,NO
543,31,0.14647402147135044,NO
544,30,0.14647402147135044,NO
545,31,0.14647402147135044,NO
546,77,0.14749559169649484,NO
547,77,0.14719693662315236,NO
548,86,0.3026334731411196,NO
549,92,0.30226274481752474,NO
550,61,0.14635716254991749,NO
551,64,0.1460600701592772,NO
552,64,0.1460600701592772,NO
553,103,0.14720636206158547,NO
554,46,0.1460600701592772,NO
555,48,0.1460600701592772,NO
556,48,0.1460600701592772,NO
557,49,0.14576330439937024,NO
558,49,0.30098080689923,NO
559,130,0.14757817446997115,NO
560,82,0.1463029289078677,NO
561,25,0.1452882113937825,NO
562,193,0.14881738020577168,NO
563,114,0.14660930139333087,NO
564,114,0.14631126289376345,NO
565,132,0.1469795163411174,NO
566,79,0.14570855961317716,NO
567,79,0.14570855961317716,NO
568,34,0.1444022843654475,NO
569,49,0.1448749714296748,NO
570,44,0.1448749714296748,NO
571,58,0.1448749714296748,NO
572,92,0.1454118670864385,NO
573,92,0.1454118670864385,NO
574,109,0.1457161718502486,NO
575,80,0.14511550324162933,NO
576,22,0.14410763117624278,NO
577,22,0.14410763117624278,NO
578,205,0.1484775308693851,NO
579,73,0.14481946852685124,NO
580,52,0.1442843908592028,NO
581,85,0.14481946852685124,NO
582,69,0.14452376338789133,NO
583,21,0.14351931117663125,NO
584,104,0.14512239843503164,NO
585,82,0.07151537973917442,NO
586,125,0.07219386891949837,NO
587,180,0.24873683139507538,NO
588,95,0.2445795969078379,NO
589,214,0.07290840362471333,NO
590,40,0.31492493606709215,NO
591,37,0.31492493606709215,NO
592,22,0.31492493606709215,NO
593,26,0.31492493606709215,NO
594,77,0.3166854469247022,NO
595,116,0.3177323388048894,NO
596,274,0.32601157954751936,NO
597,29,0.31455735596501583,NO
598,99,0.31699358921293014,NO
599,262,0.32563690413527246,NO
600,95,0.31557917829305066,NO
601,46,0.31464531318312966,NO
602,22,0.313821992929893,NO
603,74,0.31557917829305066,NO
604,69,0.31557917829305066,NO
605,76,0.31557917829305066,NO
606,175,0.318678458905576,NO
607,78,0.3152102838014224,NO
608,69,0.3152102838014224,NO
609,100,0.3158849354621579,NO
610,83,0.3148413216475413,NO
611,22,0.3130863653521172,NO
612,82,0.3148413216475413,NO
613,62,0.3139086385637628,NO
614,68,0.31354020257346743,NO
615,59,0.31354020257346743,NO
616,112,0.31551524660061814,NO
617,68,0.31354020257346743,NO
618,54,0.31354020257346743,NO
619,94,0.3141031979073623,NO
620,80,0.3141031979073623,NO
621,22,0.31235048032299034,NO
622,21,0.31235048032299034,NO
623,76,0.3141031979073623,NO
624,63,0.31317170198047806,NO
625,43,0.31317170198047806,NO
626,86,0.3137340381005527,NO
627,67,0.3128031376741383,NO
628,80,0.3137340381005527,NO
629,97,0.31477566780019944,NO
630,76,0.3133648141905439,NO
631,65,0.31243451054485066,NO
632,22,0.311614344948261,NO
633,47,0.31243451054485066,NO
634,35,0.311614344948261,NO
635,31,0.311614344948261,NO
636,35,0.311614344948261,NO
637,41,0.31243451054485066,NO
638,36,0.311614344948261,NO
639,59,0.3120658214837768,NO
640,39,0.3112461856057939,NO
641,41,0.3120658214837768,NO
642,36,0.3112461856057939,NO
643,33,0.3112461856057939,NO
644,52,0.3120658214837768,NO
645,21,0.3112461856057939,NO
646,27,0.3112461856057939,NO
647,26,0.3112461856057939,NO
648,29,0.3108779663480376,NO
649,33,0.3108779663480376,NO
650,28,0.3108779663480376,NO
651,28,0.3108779663480376,NO
652,33,0.3108779663480376,NO
653,232,0.318568693971186,NO
654,24,0.3105096880672583,NO
655,27,0.3105096880672583,NO
656,37,0.3105096880672583,NO
657,41,0.3113282611355501,NO
658,18,0.3105096880672583,NO
659,21,0.3105096880672583,NO
660,43,0.3113282611355501,NO
661,45,0.3113282611355501,NO
662,46,0.3113282611355501,NO
663,42,0.3113282611355501,NO
664,28,0.31014135165654927,NO
665,51,0.3109593916353257,NO
666,50,0.3109593916353257,NO
667,31,0.31014135165654927,NO
668,18,0.31014135165654927,NO
669,23,0.31014135165654927,NO
670,29,0.31014135165654927,NO
671,22,0.31014135165654927,NO
672,192,0.3163363271079153,NO
673,39,0.3097729580098331,NO
674,40,0.3097729580098331,NO
675,90,0.3115177643451641,NO
676,33,0.30940450802194985,NO
677,33,0.30940450802194985,NO
678,37,0.30940450802194985,NO
679,39,0.30940450802194985,NO
680,58,0.310221478456362,NO
681,22,0.30940450802194985,NO
682,22,0.30940450802194985,NO
683,58,0.310221478456362,NO
684,22,0.30940450802194985,NO
685,82,0.31077852697538266,NO
686,64,0.30985243656971534,NO
687,65,0.30985243656971534,NO
688,21,0.30903600258851555,NO
689,22,0.30903600258851555,NO
690,107,0.3114444223185383,NO
691,127,0.31259072664857246,NO
692,47,0.30948333901451297,NO
693,133,0.31221954373113514,NO
694,22,0.30829882897203253,NO
695,21,0.30829882897203253,NO
696,109,0.3110739845985868,NO
697,23,0.30829882897203253,NO
698,39,0.3079301625844604,NO
699,40,0.3079301625844604,NO
700,31,0.3079301625844604,NO
701,31,0.3079301625844604,NO
702,31,0.3079301625844604,NO
703,31,0.3079301625844604,NO
704,42,0.30874498049195676,NO
705,31,0.3079301625844604,NO
706,31,0.3079301625844604,NO
707,22,0.3079301625844604,NO
708,125,0.31147700433903514,NO
709,163,0.31273221603018925,NO
710,21,0.3075614443424151,NO
711,185,0.3137262230793372,NO
712,29,0.3071926751457426,NO
713,93,0.3089294528198296,NO
714,61,0.30763704767585903,NO
715,71,0.3085594770683541,NO
716,22,0.3068238558950362,NO
717,142,0.31073423956200935,NO
718,78,0.3085594770683541,NO
719,122,0.3092209655104173,NO
720,237,0.31604680019084813,NO
721,153,0.3112431875222729,NO
722,59,0.3068981729614776,NO
723,35,0.3060860708382377,NO
724,42,0.3068981729614776,NO
725,45,0.3065286624626807,NO
726,100,0.3084793871851534,NO
727,78,0.3074492442261414,NO
728,62,0.3065286624626807,NO
729,25,0.30571710683743,NO
730,95,0.3070790677661281,NO
731,22,0.30534809639319765,NO
732,22,0.30534809639319765,NO
733,117,0.3081085222118132,NO
734,23,0.30534809639319765,NO
735,90,0.3070790677661281,NO
736,22,0.3049790404101333,NO
737,36,0.3049790404101333,NO
738,135,0.3088763891177374,NO
739,67,0.305789499705694,NO
740,162,0.30975328769429433,NO
741,122,0.3073666451825342,NO
742,76,0.3059682545408269,NO
743,22,0.3042407954499103,NO
744,82,0.3059682545408269,NO
745,352,0.3208965052601744,NO
746,308,0.3165488051825857,NO
747,266,0.3143621212804347,NO
748,38,0.3031331091279427,NO
749,89,0.3044865418631396,NO
750,18,0.3027637989518116,NO
751,57,0.30357094265830253,NO
752,86,0.3044865418631396,NO
753,69,0.3044865418631396,NO
754,25,0.3023944495904906,NO
755,31,0.3023944495904906,NO
756,21,0.3023944495904906,NO
757,158,0.30677110745132796,NO
758,21,0.30165563695544806,NO
759,38,0.30165563695544806,NO
760,51,0.302461107954502,NO
761,23,0.30165563695544806,NO
762,126,0.3051570527572979,NO
763,38,0.3012861755051674,NO
764,55,0.3020910867326637,NO
765,22,0.3012861755051674,NO
766,47,0.3020910867326637,NO
767,37,0.3012861755051674,NO
768,24,0.3009166785165081,NO
769,41,0.3017210288730197,NO
770,38,0.3009166785165081,NO
771,48,0.3017210288730197,NO
772,22,0.3009166785165081,NO
773,60,0.3017210288730197,NO
774,35,0.3009166785165081,NO
775,42,0.3017210288730197,NO
776,67,0.30135093529011525,NO
777,33,0.3005471469029313,NO
778,76,0.30226274481752474,NO
779,91,0.30226274481752474,NO
780,38,0.3005471469029313,NO
781,97,0.3029116473840251,NO
782,28,0.3001775815786208,NO
783,36,0.3001775815786208,NO
784,23,0.3001775815786208,NO
785,35,0.04852236482364187,NO
786,21,0.04852236482364187,NO
787,161,0.2224713782331851,NO
788,22,0.2183189202801663,NO
789,72,0.21971258070337724,NO
790,33,0.2183189202801663,NO
791,32,0.04838379763693137,NO
792,187,0.049666476637243356,NO
793,28,0.048245542128761136,NO
794,39,0.048245542128761136,NO
795,21,0.048245542128761136,NO
796,31,0.048245542128761136,NO
797,21,0.048245542128761136,NO
798,22,0.21796551599949143,NO
799,27,0.048245542128761136,NO
800,62,0.04842128266486686,NO
801,95,0.2193575535141398,NO
802,22,0.21796551599949143,NO
803,208,0.049848565712572616,NO
804,54,0.2186174768521981,NO
805,21,0.21796551599949143,NO
806,57,0.048144752103114995,NO
807,37,0.04796996461441177,NO
808,36,0.04796996461441177,NO
809,28,0.04796996461441177,NO
810,57,0.048144752103114995,NO
811,94,0.04820510105889703,NO
812,35,0.047832641839642705,NO
813,44,0.2182634865309084,NO
814,31,0.047832641839642705,NO
815,31,0.047832641839642705,NO
816,22,0.2176122873475515,NO
817,41,0.048006954198421804,NO
818,185,0.22285344425644443,NO
819,48,0.2182634865309084,NO
820,46,0.2182634865309084,NO
821,34,0.04769562920585999,NO
822,80,0.04806707540448064,NO
823,55,0.04786946736343175,NO
824,59,0.04773229121257129,NO
825,88,0.047929361487790464,NO
826,21,0.047558926327844975,NO
827,40,0.047558926327844975,NO
828,235,0.30853216543513606,NO
829,22,0.2172592351911654,NO
830,202,0.22213534241080574,NO
831,108,0.2191194539497354,NO
832,32,0.047286448288498636,NO
833,556,0.33307617783732213,NO
834,768,0.43107523657197233,NO
835,531,0.24162990709025406,NO
836,1078,0.41197382320800674,NO
837,347,0.31480298675185486,NO
838,724,0.39643577512723543,NO
839,409,0.36164894687112775,NO
840,1383,0.5354490798382975,NO
841,1336,0.47266615977915327,NO
842,291,0.22344188705706555,NO
843,113,0.044793040019915784,NO
844,89,0.21405355941366896,NO
845,292,0.30898003446813216,NO
846,218,0.21865454325387043,NO
847,3601,0.9704464930142207,NO
848,72,0.2119436031831658,NO
849,231,0.21686721449066892,NO
850,70,0.04292333662544022,NO
851,63,0.04262055717810933,NO
852,110,0.04299592123087069,NO
853,158,0.04345857630462166,NO
854,227,0.04388216953229213,NO
855,343,0.22333606081164434,NO
856,1157,0.4244276384167077,NO
857,73,0.042048475219823016,NO
858,72,0.042048475219823016,NO
859,981,0.46618086210263177,NO
860,765,0.25862807112105146,NO
861,62,0.04113900552312985,NO
862,409,0.2250337827585695,NO
863,234,0.21561603271823004,NO
864,74,0.041066218879461075,NO
865,58,0.04089615551317471,NO
866,21,0.04074655723746253,NO
867,931,0.3798426636956216,NO
868,21,0.04038571649624405,NO
869,77,0.04070266741628574,NO
870,85,0.04070266741628574,NO
871,427,0.2258316614554009,NO
872,198,0.04133935387786224,NO
873,79,0.04046174361699251,NO
874,52,0.04017452486273194,NO
875,217,0.04148875633213858,NO
876,279,0.3030372654113505,NO
877,22,0.20675399093871613,NO
878,25,0.039908607493357895,NO
879,42,0.04005525775581483,NO
880,67,0.04005525775581483,NO
881,23,0.03979004386930952,NO
882,637,0.3348700650838006,NO
883,23,0.03967176485448396,NO
884,37,0.039553770027072464,NO
885,35,0.039553770027072464,NO
886,35,0.2064068334188259,NO
887,84,0.2073960462349232,NO
888,449,0.31462393703855096,NO
889,58,0.0394632026628009,NO
890,92,0.039627553412297574,NO
891,32,0.03931863124716264,NO
892,521,0.36758277529617794,NO
893,24,0.03908462414921538,NO
894,42,0.2059907879038443,NO
895,42,0.2059907879038443,NO
896,36,0.2053665856109509,NO
897,21,0.03908462414921538,NO
898,94,0.20669942720763113,NO
899,388,0.3096622837424047,NO
900,21,0.03885174534746586,NO
901,53,0.03899466974355921,NO
902,21,0.03885174534746586,NO
903,105,0.20714414639450074,NO
904,76,0.20635142487547747,NO
905,29,0.038735727997622205,NO
906,48,0.03887824286300118,NO
907,137,0.20802254062651565,NO
908,21,0.038735727997622205,NO
909,42,0.03876209767228759,NO
910,21,0.03861999144944152,NO
911,646,0.4104314562363367,NO
912,132,0.3380112850997368,NO
913,90,0.038691274087274054,NO
914,499,0.3903374529053879,NO
915,268,0.34535864066352806,NO
916,135,0.3376462394389878,NO
917,240,0.29911549828454165,NO
918,383,0.3085115143479686,NO
919,21,0.03781766231671708,NO
920,768,0.3982330868256396,NO
921,21,0.03759092835695189,NO
922,83,0.204614518079644,NO
923,886,0.44341444878230907,NO
924,287,0.301774571693005,NO
925,63,0.037277649798037896,NO
926,129,0.29248628646468594,NO
927,71,0.2039212196543795,NO
928,21,0.03702892535380245,NO
929,400,0.21880047510523506,NO
930,961,0.45790729589800266,NO
931,76,0.20288286136695308,NO
932,21,0.036584264589070596,NO
933,21,0.036584264589070596,NO
934,123,0.33655039769826434,NO
935,151,0.2933236971582658,NO
936,21,0.03647378215399984,NO
937,131,0.03701105944498557,NO
938,189,0.03744832633915566,NO
939,37,0.03636357196078291,NO
940,61,0.20183916878775038,NO
941,21,0.03625363357700344,NO
942,81,0.03653939032324117,NO
943,74,0.20253716902264482,NO
944,58,0.03638736210492863,NO
945,51,0.03638736210492863,NO
946,26,0.03625363357700344,NO
947,21,0.036143966572622574,NO
948,54,0.0362773057998511,NO
949,43,0.0362773057998511,NO
950,33,0.036143966572622574,NO
951,36,0.036143966572622574,NO
952,37,0.036143966572622574,NO
953,28,0.036143966572622574,NO
954,34,0.036143966572622574,NO
955,36,0.036143966572622574,NO
956,34,0.03603457051545546,NO
957,99,0.29026588894350497,NO
958,52,0.2014945811201416,NO
959,128,0.036676422785386895,NO
960,38,0.03603457051545546,NO
961,525,0.39183406949460214,NO
962,1361,0.5668988639562612,NO
963,129,0.2906211561227576,NO
964,21,0.03527634832921736,NO
965,114,0.03561225950445,NO
966,72,0.035446627012862886,NO
967,70,0.035446627012862886,NO
968,42,0.035298978840453014,NO
969,99,0.03550398412786663,NO
970,163,0.03588904589228529,NO
971,46,0.035191621203467215,NO
972,85,0.035231314987366306,NO
973,247,0.036496674805993605,NO
974,36,0.03495541691104104,NO
975,37,0.03495541691104104,NO
976,49,0.03497770793295564,NO
977,21,0.034848972718165026,NO
978,39,0.034848972718165026,NO
979,227,0.29418994559907263,NO
980,55,0.1994316229307825,NO
981,175,0.03556245917041749,NO
982,102,0.2008982371119461,NO
983,64,0.03476486109766902,NO
984,67,0.03476486109766902,NO
985,180,0.20338019351235878,NO
986,127,0.03514728387484861,NO
987,51,0.03465883650450219,NO
988,120,0.034966641789937546,NO
989,21,0.03453123289894122,NO
990,138,0.2895020159354675,NO
991,181,0.20303184084150563,NO
992,61,0.034553077213823793,NO
993,21,0.03442584909693993,NO
994,114,0.03475357947232807,NO
995,66,0.03444758278836173,NO
996,72,0.03459179744711814,NO
997,75,0.03459179744711814,NO
998,33,0.034215873087896115,NO
999,21,0.034215873087896115,NO
1000,46,0.034342352793573894,NO
1001,46,0.034342352793573894,NO
1002,51,0.034342352793573894,NO
1003,38,0.034215873087896115,NO
1004,40,0.034215873087896115,NO
1005,21,0.034215873087896115,NO
1006,781,0.2490169795315604,NO
1007,1323,0.336362687839067,NO
1008,21,0.033489223074619934,NO
1009,2645,0.8520785097702831,NO
1010,246,0.034118599590796245,NO
1011,21,0.03267436236666314,NO
1012,100,0.03308716012586752,NO
1013,57,0.032694278770749985,NO
1014,68,0.032694278770749985,NO
1015,372,0.2094528479833231,NO
1016,147,0.1979625692588465,NO
1017,45,0.03259347719156141,NO
1018,116,0.28617162243311567,NO
1019,40,0.03237303536146833,NO
1020,97,0.032782155261634575,NO
1021,758,0.3434557271492435,NO
1022,21,0.03217342780353531,NO
1023,55,0.032192832007838054,NO
1024,199,0.1992146422077407,NO
1025,64,0.032192832007838054,NO
1026,103,0.28542724420183335,NO
1027,71,0.032227996277821434,NO
1028,245,0.2919498315375854,NO
1029,21,0.03187592337550036,NO
1030,343,0.2991381930240337,NO
1031,244,0.033080592839737515,NO
1032,142,0.2861446051429427,NO
1033,22,0.19371196323842246,NO
1034,266,0.03323021886142781,NO
1035,126,0.032145861591994555,NO
1036,170,0.032228113591340916,NO
1037,648,0.038540847279460326,NO
1038,150,0.031847830492643246,NO
1039,65,0.03140374373761686,NO
1040,119,0.0315852481661278,NO
1041,42,0.03130624308196132,NO
1042,54,0.03130624308196132,NO
1043,32,0.031190583919813056,NO
1044,30,0.031190583919813056,NO
1045,40,0.031190583919813056,NO
1046,30,0.031190583919813056,NO
1047,34,0.031190583919813056,NO
1048,58,0.031208993267035523,NO
1049,34,0.03109368185638167,NO
1050,34,0.03109368185638167,NO
1051,30,0.03109368185638167,NO
1052,30,0.03109368185638167,NO
1053,49,0.031208993267035523,NO
1054,34,0.03109368185638167,NO
1055,38,0.03109368185638167,NO
1056,30,0.03109368185638167,NO
1057,34,0.03109368185638167,NO
1058,31,0.030997029369106657,NO
1059,42,0.03111199385205706,NO
1060,30,0.030997029369106657,NO
1061,29,0.030997029369106657,NO
1062,30,0.030997029369106657,NO
1063,31,0.030997029369106657,NO
1064,32,0.030997029369106657,NO
1065,31,0.030997029369106657,NO
1066,30,0.030997029369106657,NO
1067,34,0.030997029369106657,NO
1068,30,0.030900626020798745,NO
1069,37,0.030900626020798745,NO
1070,38,0.030900626020798745,NO
1071,31,0.030900626020798745,NO
1072,32,0.030900626020798745,NO
1073,31,0.030900626020798745,NO
1074,34,0.030900626020798745,NO
1075,30,0.030900626020798745,NO
1076,122,0.031194407324836783,NO
1077,30,0.030804471371669376,NO
1078,30,0.030804471371669376,NO
1079,30,0.030804471371669376,NO
1080,45,0.0309187444665182,NO
1081,38,0.030804471371669376,NO
1082,30,0.030804471371669376,NO
1083,43,0.0309187444665182,NO
1084,31,0.030804471371669376,NO
1085,21,0.030804471371669376,NO
1086,21,0.0307085649827335,NO
1087,110,0.2839385831695199,NO
1088,59,0.2820797434611477,NO
1089,22,0.2813066602216098,NO
1090,354,0.29722518576860896,NO
1091,38,0.280566588309421,NO
1092,22,0.280566588309421,NO
1093,69,0.28221415055402976,NO
1094,324,0.34182549660284234,NO
1095,100,0.28245009981605745,NO
1096,18,0.2798265823537876,NO
1097,51,0.28059718613605844,NO
1098,247,0.36361840049548855,NO
1099,33,0.27945660646313086,NO
1100,34,0.27945660646313086,NO
1101,34,0.27945660646313086,NO
1102,18,0.27945660646313086,NO
1103,37,0.27945660646313086,NO
1104,18,0.27945660646313086,NO
1105,49,0.28022658783234017,NO
1106,138,0.2827877455059101,NO
1107,109,0.28170594370392543,NO
1108,79,0.2807289126783127,NO
1109,68,0.27948544706211303,NO
1110,73,0.2803576460612829,NO
1111,18,0.2787167135653777,NO
1112,53,0.27948544706211303,NO
1113,44,0.27948544706211303,NO
1114,22,0.2787167135653777,NO
1115,18,0.2787167135653777,NO
1116,85,0.32697654523399317,NO
1117,131,0.32885166154682455,NO
1118,53,0.2791149064836355,NO
1119,57,0.27874438703533416,NO
1120,64,0.27874438703533416,NO
1121,18,0.2779769054611427,NO
1122,75,0.2796151708713715,NO
1123,66,0.2783738896619037,NO
1124,74,0.2792439641915543,NO
1125,33,0.27760703556331945,NO
1126,54,0.2783738896619037,NO
1127,53,0.2783738896619037,NO
1128,23,0.27760703556331945,NO
1129,39,0.27760703556331945,NO
1130,50,0.2783738896619037,NO
1131,31,0.2772371896923923,NO
1132,39,0.2772371896923923,NO
1133,39,0.2772371896923923,NO
1134,22,0.2772371896923923,NO
1135,27,0.2772371896923923,NO
1136,28,0.2772371896923923,NO
1137,30,0.2772371896923923,NO
1138,34,0.2772371896923923,NO
1139,41,0.27800341530820305,NO
1140,59,0.27800341530820305,NO
1141,31,0.27686736879173607,NO
1142,51,0.2776329649194138,NO
1143,72,0.27850161739675383,NO
1144,23,0.27686736879173607,NO
1145,507,0.3066894228145062,NO
1146,48,0.27689213981830063,NO
1147,77,0.2777593656708994,NO
1148,43,0.27689213981830063,NO
1149,38,0.2761278056756845,NO
1150,47,0.27689213981830063,NO
1151,22,0.2761278056756845,NO
1152,22,0.2761278056756845,NO
1153,86,0.2777593656708994,NO
1154,43,0.276521766997303,NO
1155,518,0.30551022755475465,NO
1156,37,0.2753883537659512,NO
1157,23,0.2753883537659512,NO
1158,97,0.27761448897813895,NO
1159,107,0.27761448897813895,NO
1160,177,0.2798634569300138,NO
1161,688,0.3226673228830932,NO
1162,23,0.27390981378454865,NO
1163,152,0.2787425753999207,NO
1164,139,0.27756868980823735,NO
1165,140,0.27719608421869507,NO
1166,129,0.27719608421869507,NO
1167,1046,0.3766816250145626,NO
1168,46,0.2731897738372693,NO
1169,271,0.28260721249524584,NO
1170,112,0.27426932928201964,NO
1171,95,0.2733082765894469,NO
1172,107,0.27426932928201964,NO
1173,143,0.27496110637960636,NO
1174,22,0.27132369378119814,NO
1175,22,0.27132369378119814,NO
1176,22,0.27132369378119814,NO
1177,44,0.2720797282060882,NO
1178,77,0.27293757070468555,NO
1179,168,0.2757548216169625,NO
1180,236,0.27950672331177595,NO
1181,131,0.2742163864744709,NO
1182,154,0.023665988297524948,NO
1183,232,0.023895113166951674,NO
1184,142,0.023454593437440687,NO
1185,23,0.023038594742213696,NO
1186,110,0.27278348118516194,NO
1187,21,0.27021593904147134,NO
1188,22,0.26984677205210783,NO
1189,22,0.26984677205210783,NO
1190,22,0.26984677205210783,NO
1191,42,0.27060021937052464,NO
1192,46,0.27060021937052464,NO
1193,18,0.26984677205210783,NO
1194,39,0.26984677205210783,NO
1195,22,0.26984677205210783,NO
1196,38,0.26947764893490866,NO
1197,25,0.26947764893490866,NO
1198,104,0.27204079099162926,NO
1199,22,0.26947764893490866,NO
1200,92,0.271084630316437,NO
1201,22,0.26947764893490866,NO
1202,17,0.26947764893490866,NO
1203,58,0.2698607185917373,NO
1204,31,0.2691085706361412,NO
1205,27,0.2691085706361412,NO
1206,36,0.2691085706361412,NO
1207,58,0.2698607185917373,NO
1208,31,0.2691085706361412,NO
1209,22,0.2691085706361412,NO
1210,68,0.26949103493095933,NO
1211,17,0.2687395381020531,NO
1212,31,0.2687395381020531,NO
1213,28,0.2687395381020531,NO
1214,31,0.2687395381020531,NO
1215,36,0.2687395381020531,NO
1216,17,0.2687395381020531,NO
1217,17,0.2687395381020531,NO
1218,144,0.2723552557144272,NO
1219,123,0.2719831518955743,NO
1220,44,0.26912139702036925,NO
1221,70,0.26997337152749307,NO
1222,208,0.27539802720992174,NO
1223,106,0.26981374732802077,NO
1224,36,0.26726388453942557,NO
1225,338,0.2807890930182719,NO
1226,292,0.2786191527150276,NO
1227,22,0.266526356951681,NO
1228,56,0.2672739269168307,NO
1229,56,0.2672739269168307,NO
1230,36,0.266526356951681,NO
1231,145,0.26975146563504615,NO
1232,37,0.2661576712686039,NO
1233,662,0.30960319005061393,NO
1234,22,0.26542046085587057,NO
1235,475,0.28946805974481815,NO
1236,22,0.2650519380188436,NO
1237,22,0.2650519380188436,NO
1238,58,0.2654277428405458,NO
1239,164,0.3197914248274048,NO
1240,77,0.2659024628766898,NO
1241,348,0.2796332911213563,NO
1242,45,0.2643206990075193,NO
1243,139,0.2671500641647353,NO
1244,119,0.26573539923879974,NO
1245,113,0.26573539923879974,NO
1246,163,0.2675514551027578,NO
1247,117,0.26536496760915534,NO
1248,18,0.26284201377855904,NO
1249,22,0.26284201377855904,NO
1250,48,0.2632141864279267,NO
1251,266,0.3245123838188734,NO
1252,22,0.2621058570817385,NO
1253,18,0.2621058570817385,NO
1254,209,0.35106436818459164,NO
1255,43,0.018326729851793445,NO
1256,187,0.1700808262973355,NO
1257,41,0.01826491705882471,NO
1258,188,0.318943225904578,NO
1259,30,0.018135126711542573,NO
1260,66,0.018203283984464694,NO
1261,57,0.018203283984464694,NO
