ID, Size, Predicted, Actual
0,215,9.319664492078286E-4,NO
1,273,0.9990680335507922,YES
2,460,0.5,YES
3,138,0.5,NO
4,358,0.5,NO
5,1154,0.9990680335507922,YES
6,51,4.6641791044776124E-4,NO
7,157,4.6641791044776124E-4,NO
8,31,4.6641791044776124E-4,NO
9,1009,0.9990680335507922,YES
10,193,0.9990680335507922,NO
11,83,0.9990680335507922,YES
12,262,4.6641791044776124E-4,NO
13,638,0.9990680335507922,YES
14,40,4.6641791044776124E-4,NO
15,374,9.319664492078286E-4,NO
16,390,9.319664492078286E-4,NO
17,51,9.319664492078286E-4,NO
18,579,0.9990680335507922,YES
19,32,4.6641791044776124E-4,NO
20,66,4.6641791044776124E-4,NO
21,260,0.9990680335507922,YES
22,596,0.9990680335507922,NO
23,198,0.9990680335507922,NO
24,50,9.319664492078286E-4,NO
25,27,4.6641791044776124E-4,NO
26,926,0.9990680335507922,YES
27,60,4.6641791044776124E-4,NO
28,62,9.319664492078286E-4,NO
29,87,9.319664492078286E-4,NO
30,52,9.319664492078286E-4,NO
31,297,0.9990680335507922,YES
32,163,4.6641791044776124E-4,NO
33,118,0.9990680335507922,NO
34,83,9.319664492078286E-4,NO
35,147,3.110419906687403E-4,NO
36,58,9.319664492078286E-4,NO
37,44,4.6641791044776124E-4,NO
38,106,0.9990680335507922,YES
39,192,0.9990680335507922,YES
40,151,0.9990680335507922,NO
41,352,0.9990680335507922,YES
42,752,0.9990680335507922,YES
43,877,0.9990680335507922,YES
44,319,9.319664492078286E-4,NO
45,27,9.319664492078286E-4,NO
46,55,4.6641791044776124E-4,NO
47,94,9.319664492078286E-4,NO
48,191,9.319664492078286E-4,NO
49,90,9.319664492078286E-4,NO
50,90,9.319664492078286E-4,NO
51,271,9.319664492078286E-4,NO
52,138,9.319664492078286E-4,NO
53,79,9.319664492078286E-4,NO
54,82,9.319664492078286E-4,NO
55,147,9.319664492078286E-4,NO
56,422,9.319664492078286E-4,NO
57,1026,0.9990680335507922,YES
58,530,0.9990680335507922,YES
59,189,9.319664492078286E-4,NO
60,167,0.9990680335507922,YES
61,86,0.9990680335507922,NO
62,195,0.9990680335507922,YES
63,374,9.319664492078286E-4,NO
64,573,0.9990680335507922,NO
65,126,9.319664492078286E-4,NO
66,106,0.9990680335507922,NO
67,109,9.319664492078286E-4,NO
68,85,3.110419906687403E-4,NO
69,237,0.9990680335507922,NO
70,345,0.9990680335507922,YES
71,47,9.319664492078286E-4,NO
72,781,9.319664492078286E-4,YES
73,27,4.6641791044776124E-4,NO
74,89,9.319664492078286E-4,NO
75,300,0.9990680335507922,YES
76,166,0.9990680335507922,YES
77,92,9.319664492078286E-4,NO
78,497,0.9990680335507922,YES
79,93,9.319664492078286E-4,NO
80,244,9.319664492078286E-4,NO
81,183,0.9990680335507922,YES
82,252,9.319664492078286E-4,NO
83,109,9.319664492078286E-4,NO
84,607,0.9990680335507922,YES
85,565,9.319664492078286E-4,YES
86,69,9.319664492078286E-4,NO
87,77,9.319664492078286E-4,NO
88,97,0.9990680335507922,YES
89,343,9.319664492078286E-4,NO
90,214,9.319664492078286E-4,NO
91,79,9.319664492078286E-4,NO
92,25,9.319664492078286E-4,NO
93,84,9.319664492078286E-4,NO
94,34,9.319664492078286E-4,NO
95,33,9.319664492078286E-4,NO
96,104,9.319664492078286E-4,NO
97,172,9.319664492078286E-4,NO
98,70,9.319664492078286E-4,NO
99,140,9.319664492078286E-4,NO
100,156,9.319664492078286E-4,NO
101,142,0.9990680335507922,NO
102,152,0.9990680335507922,NO
103,31,9.319664492078286E-4,NO
104,60,0.9990680335507922,NO
105,60,0.9990680335507922,NO
106,876,9.319664492078286E-4,NO
107,61,0.9990680335507922,NO
108,185,0.9990680335507922,NO
109,264,0.9990680335507922,NO
110,248,9.319664492078286E-4,NO
111,286,9.319664492078286E-4,YES
112,185,9.319664492078286E-4,NO
113,194,9.319664492078286E-4,NO
114,346,9.319664492078286E-4,NO
115,309,9.319664492078286E-4,NO
116,363,0.9990680335507922,YES
117,84,9.319664492078286E-4,NO
118,53,0.9990680335507922,NO
119,132,9.319664492078286E-4,NO
120,4088,9.319664492078286E-4,NO
121,721,0.9990680335507922,YES
122,47,9.319664492078286E-4,NO
123,101,0.9990680335507922,NO
124,517,0.9990680335507922,YES
125,327,9.319664492078286E-4,NO
126,274,9.319664492078286E-4,NO
127,136,9.319664492078286E-4,NO
128,56,9.319664492078286E-4,NO
129,74,9.319664492078286E-4,NO
130,361,0.9990680335507922,YES
131,174,3.110419906687403E-4,NO
132,148,3.110419906687403E-4,NO
133,92,4.6641791044776124E-4,NO
134,45,9.319664492078286E-4,NO
135,168,9.319664492078286E-4,NO
136,77,4.6641791044776124E-4,NO
137,666,9.319664492078286E-4,NO
138,88,9.319664492078286E-4,NO
139,263,9.319664492078286E-4,NO
140,54,3.110419906687403E-4,NO
141,51,9.319664492078286E-4,NO
142,132,9.319664492078286E-4,NO
143,160,9.319664492078286E-4,NO
144,152,9.319664492078286E-4,NO
145,39,3.110419906687403E-4,NO
146,677,9.319664492078286E-4,NO
147,131,9.319664492078286E-4,NO
148,47,4.6641791044776124E-4,NO
149,129,9.319664492078286E-4,NO
150,43,4.6641791044776124E-4,NO
151,257,0.9990680335507922,YES
152,356,9.319664492078286E-4,NO
153,62,9.319664492078286E-4,NO
154,45,9.319664492078286E-4,NO
155,97,9.319664492078286E-4,NO
156,476,3.110419906687403E-4,NO
157,77,3.110419906687403E-4,NO
158,69,3.110419906687403E-4,NO
159,104,3.110419906687403E-4,NO
160,115,3.110419906687403E-4,NO
161,421,3.110419906687403E-4,NO
162,61,3.110419906687403E-4,NO
163,2009,9.319664492078286E-4,NO
164,179,3.110419906687403E-4,NO
165,106,3.110419906687403E-4,NO
166,33,3.110419906687403E-4,NO
167,657,3.110419906687403E-4,NO
168,295,3.110419906687403E-4,NO
169,872,3.110419906687403E-4,NO
170,444,3.110419906687403E-4,NO
171,168,3.110419906687403E-4,NO
172,752,3.110419906687403E-4,NO
173,135,3.110419906687403E-4,NO
174,1126,9.319664492078286E-4,NO
175,163,3.110419906687403E-4,NO
176,184,3.110419906687403E-4,NO
177,51,3.110419906687403E-4,NO
178,25,3.110419906687403E-4,NO
179,180,3.110419906687403E-4,NO
180,64,3.110419906687403E-4,NO
181,101,3.110419906687403E-4,NO
182,512,3.110419906687403E-4,NO
183,187,3.110419906687403E-4,NO
184,56,3.110419906687403E-4,NO
185,39,3.110419906687403E-4,NO
186,261,3.110419906687403E-4,NO
187,73,3.110419906687403E-4,NO
188,65,3.110419906687403E-4,NO
189,329,3.110419906687403E-4,NO
190,64,3.110419906687403E-4,NO
191,164,3.110419906687403E-4,NO
192,624,9.319664492078286E-4,NO
193,74,3.110419906687403E-4,NO
194,117,3.110419906687403E-4,NO
195,84,3.110419906687403E-4,NO
196,226,9.319664492078286E-4,NO
197,76,3.110419906687403E-4,NO
198,323,9.319664492078286E-4,NO
199,72,3.110419906687403E-4,NO
200,42,3.110419906687403E-4,NO
201,48,3.110419906687403E-4,NO
202,89,9.319664492078286E-4,NO
203,380,9.319664492078286E-4,NO
204,141,9.319664492078286E-4,NO
205,148,9.319664492078286E-4,NO
206,191,9.319664492078286E-4,NO
207,46,3.110419906687403E-4,NO
208,165,4.6641791044776124E-4,NO
209,171,9.319664492078286E-4,NO
210,56,9.319664492078286E-4,NO
211,179,9.319664492078286E-4,NO
212,74,3.110419906687403E-4,NO
213,36,4.6641791044776124E-4,NO
214,37,3.110419906687403E-4,NO
215,34,9.319664492078286E-4,NO
216,34,9.319664492078286E-4,NO
217,38,3.110419906687403E-4,NO
218,39,3.110419906687403E-4,NO
219,156,9.319664492078286E-4,NO
220,84,9.319664492078286E-4,NO
221,117,9.319664492078286E-4,NO
222,94,9.319664492078286E-4,NO
223,71,9.319664492078286E-4,NO
224,183,9.319664492078286E-4,NO
225,85,9.319664492078286E-4,NO
226,183,9.319664492078286E-4,NO
227,70,9.319664492078286E-4,NO
228,54,9.319664492078286E-4,NO
229,160,9.319664492078286E-4,NO
230,128,9.319664492078286E-4,NO
231,151,9.319664492078286E-4,NO
232,422,9.319664492078286E-4,NO
233,221,9.319664492078286E-4,NO
234,50,9.319664492078286E-4,NO
235,42,9.319664492078286E-4,NO
236,624,9.319664492078286E-4,NO
237,377,9.319664492078286E-4,NO
238,382,0.9990680335507922,YES
239,72,9.319664492078286E-4,NO
240,92,9.319664492078286E-4,NO
241,282,9.319664492078286E-4,NO
242,371,9.319664492078286E-4,NO
243,47,9.319664492078286E-4,NO
244,108,9.319664492078286E-4,NO
245,111,9.319664492078286E-4,NO
246,319,9.319664492078286E-4,NO
247,129,9.319664492078286E-4,NO
248,49,9.319664492078286E-4,NO
249,358,9.319664492078286E-4,NO
250,277,9.319664492078286E-4,NO
251,49,9.319664492078286E-4,NO
252,89,9.319664492078286E-4,NO
253,41,3.110419906687403E-4,NO
254,66,3.110419906687403E-4,NO
255,63,4.6641791044776124E-4,NO
256,24,9.319664492078286E-4,NO
257,50,9.319664492078286E-4,NO
258,72,9.319664492078286E-4,NO
259,47,9.319664492078286E-4,NO
260,47,3.110419906687403E-4,NO
261,183,3.110419906687403E-4,NO
262,49,3.110419906687403E-4,NO
263,50,3.110419906687403E-4,NO
264,98,3.110419906687403E-4,NO
265,143,4.6641791044776124E-4,NO
266,43,3.110419906687403E-4,NO
267,42,3.110419906687403E-4,NO
268,56,4.6641791044776124E-4,NO
269,44,9.319664492078286E-4,NO
270,26,9.319664492078286E-4,NO
271,254,9.319664492078286E-4,NO
272,16883,9.319664492078286E-4,NO
273,74,9.319664492078286E-4,NO
274,153,3.110419906687403E-4,NO
275,68,9.319664492078286E-4,NO
276,100,9.319664492078286E-4,NO
277,550,9.319664492078286E-4,NO
278,437,9.319664492078286E-4,NO
279,1038,3.110419906687403E-4,NO
280,104,4.6641791044776124E-4,NO
281,332,4.6641791044776124E-4,NO
282,123,4.6641791044776124E-4,NO
283,106,9.319664492078286E-4,NO
284,106,9.319664492078286E-4,NO
285,94,9.319664492078286E-4,NO
286,101,9.319664492078286E-4,NO
287,38,9.319664492078286E-4,NO
288,628,9.319664492078286E-4,YES
289,32,4.6641791044776124E-4,NO
290,111,3.110419906687403E-4,NO
291,35,3.110419906687403E-4,NO
292,90,9.319664492078286E-4,NO
293,27,3.110419906687403E-4,NO
294,28,3.110419906687403E-4,NO
295,92,9.319664492078286E-4,NO
296,979,0.9990680335507922,YES
297,67,4.6641791044776124E-4,NO
298,29,3.110419906687403E-4,NO
299,105,9.319664492078286E-4,NO
300,72,4.6641791044776124E-4,NO
301,37,3.110419906687403E-4,NO
302,47,9.319664492078286E-4,NO
303,31,4.6641791044776124E-4,NO
304,90,9.319664492078286E-4,NO
305,223,9.319664492078286E-4,NO
306,214,9.319664492078286E-4,NO
307,107,9.319664492078286E-4,NO
308,37,4.6641791044776124E-4,NO
309,27,4.6641791044776124E-4,NO
310,48,4.6641791044776124E-4,NO
311,167,4.6641791044776124E-4,NO
312,213,9.319664492078286E-4,NO
313,867,9.319664492078286E-4,NO
314,159,9.319664492078286E-4,NO
315,100,9.319664492078286E-4,NO
316,96,9.319664492078286E-4,NO
317,842,9.319664492078286E-4,NO
318,535,9.319664492078286E-4,NO
319,83,9.319664492078286E-4,NO
320,63,4.6641791044776124E-4,NO
321,76,3.110419906687403E-4,NO
322,202,9.319664492078286E-4,NO
323,155,9.319664492078286E-4,NO
324,1263,9.319664492078286E-4,NO
325,74,3.110419906687403E-4,NO
326,101,9.319664492078286E-4,NO
327,27,9.319664492078286E-4,NO
328,22,3.110419906687403E-4,NO
329,491,9.319664492078286E-4,NO
330,62,3.110419906687403E-4,NO
331,59,9.319664492078286E-4,NO
332,99,9.319664492078286E-4,NO
333,27,3.110419906687403E-4,NO
334,77,3.110419906687403E-4,NO
335,863,0.9990680335507922,YES
336,64,9.319664492078286E-4,NO
337,45,4.6641791044776124E-4,NO
338,63,3.110419906687403E-4,NO
339,54,9.319664492078286E-4,NO
340,64,3.110419906687403E-4,NO
341,132,9.319664492078286E-4,NO
342,182,9.319664492078286E-4,NO
343,70,9.319664492078286E-4,NO
344,36,4.6641791044776124E-4,NO
345,58,3.110419906687403E-4,NO
346,62,3.110419906687403E-4,NO
347,132,4.6641791044776124E-4,NO
348,74,4.6641791044776124E-4,NO
349,86,3.110419906687403E-4,NO
350,74,3.110419906687403E-4,NO
351,48,3.110419906687403E-4,NO
352,74,9.319664492078286E-4,NO
353,86,4.6641791044776124E-4,NO
354,355,9.319664492078286E-4,NO
355,53,3.110419906687403E-4,NO
356,804,9.319664492078286E-4,NO
357,75,9.319664492078286E-4,NO
358,125,9.319664492078286E-4,NO
359,200,9.319664492078286E-4,NO
360,134,9.319664492078286E-4,NO
361,57,3.110419906687403E-4,NO
362,123,9.319664492078286E-4,NO
363,266,9.319664492078286E-4,YES
364,162,9.319664492078286E-4,NO
365,130,9.319664492078286E-4,YES
366,108,9.319664492078286E-4,YES
367,354,9.319664492078286E-4,YES
368,88,9.319664492078286E-4,YES
369,28,3.110419906687403E-4,NO
370,58,9.319664492078286E-4,NO
371,308,9.319664492078286E-4,YES
372,343,3.110419906687403E-4,YES
373,103,3.110419906687403E-4,NO
374,35,4.6641791044776124E-4,NO
375,98,3.110419906687403E-4,NO
376,117,4.6641791044776124E-4,NO
