ID, Size, Predicted, Actual
0,237,0.999988350244445,NO
1,272,0.9998276813736221,NO
2,470,0.999768387561081,NO
3,299,0.9997488026173762,NO
4,23,0.9779641127772725,NO
5,56,0.9773362559211399,NO
6,51,0.9773362559211399,NO
7,22,0.9772019765577635,NO
8,67,0.9997190878662944,NO
9,23,0.9920332035903724,NO
10,44,0.9764970514842549,NO
11,111,0.9767652769842494,NO
12,74,0.9920496090860504,NO
13,196,0.9769751590791702,NO
14,39,0.9760148220155392,NO
15,124,0.9777165668088407,NO
16,38,0.9759102117651942,NO
17,22,0.9758555279184342,NO
18,44,0.975967573314547,NO
19,368,0.977750671280729,NO
20,22,0.9756124150463789,NO
21,285,0.9769804743569838,NO
22,21,0.974895129825038,NO
23,22,0.9745889035810942,NO
24,208,0.9756800043715326,NO
25,55,0.9745699507887517,NO
26,21,0.97441971045481,NO
27,288,0.9760310030076257,NO
28,109,0.9914252805088384,NO
29,142,0.9997103836827458,NO
30,47,0.9741984035795909,NO
31,54,0.9740892688667013,NO
32,105,0.9743818938818198,NO
33,528,0.9997355676377614,NO
34,284,1.0,NO
35,32,0.9904695872122593,NO
36,35,0.9718338672735327,NO
37,144,0.9996831323313115,NO
38,95,0.9718610411213839,NO
39,164,0.9723587333638873,NO
40,70,0.9715400934250225,NO
41,120,0.9903997120645478,NO
42,38,0.9901926640324351,NO
43,22,0.9710018832061587,NO
44,26,0.9710018832061587,NO
45,21,0.9710018832061587,NO
46,56,0.9711716035245607,NO
47,102,0.9713695619110247,NO
48,107,0.9712820359208446,NO
49,67,0.9707222422264352,NO
50,39,0.9705499566234265,NO
51,52,0.9707222422264352,NO
52,20,0.9704545011102264,NO
53,42,0.9705975321771735,NO
54,36,0.970323028196979,NO
55,30,0.970323028196979,NO
56,71,0.9706774770640073,NO
57,57,0.970462201591473,NO
58,31,0.9702884326100293,NO
59,20,0.9701228307071735,NO
60,90,0.9702133715020592,NO
61,52,0.9699250040978827,NO
62,108,0.9702391167363138,NO
63,20,0.9696853318328706,NO
64,93,0.9699424701406253,NO
65,52,0.9696588360311537,NO
66,121,0.9898373371087487,NO
67,20,0.969373759994861,NO
68,31,0.9731962038853691,NO
69,109,0.9745416554429889,NO
70,44,0.9723734663462824,NO
71,72,0.9725431614770398,NO
72,99,0.97448721646093,NO
73,103,0.9744627094718304,NO
74,20,0.9721557362130169,NO
75,71,0.9694101530111291,NO
76,155,0.998083831521686,NO
77,1468,1.0,NO
78,45,0.9443755780039339,NO
79,302,0.9818647815788504,NO
80,3423,1.0,NO
81,320,0.999951844698185,NO
82,241,0.9999575121922527,NO
83,57,0.9676389690525017,NO
84,276,0.9999573339418986,NO
85,59,0.9670259757939167,NO
86,107,0.9673256377391488,NO
87,35,0.966558788425377,NO
88,93,0.9669259872859184,NO
89,122,0.9670955601625196,NO
90,49,0.9990820028405888,NO
91,60,0.9055441721213984,NO
92,456,0.9694392666557275,NO
93,87,0.9259762508302832,NO
94,130,0.926754062208196,NO
95,49,0.8979305098783815,NO
96,122,0.9639288846447717,NO
97,99,0.9627129167652498,NO
98,1787,1.0,NO
99,464,0.9999513954183831,NO
100,154,0.9556570499274606,NO
101,40,0.873341453473369,NO
102,516,0.9991131656381163,NO
103,193,0.9990031336329188,NO
104,391,0.9999475300245025,NO
105,49,0.9513729648763467,NO
106,594,1.0,NO
107,32,0.8569354800913005,NO
108,73,0.8581506708138702,NO
109,633,0.9549157346816819,NO
110,694,0.999941837372747,NO
111,442,1.0,NO
112,1162,1.0,NO
113,278,0.9101794546576965,NO
114,31,0.8229906802967535,NO
115,73,0.933874804932655,NO
116,59,0.9301697037846429,NO
117,172,0.9267861593940189,NO
118,87,0.9983462553631144,NO
119,166,0.9999999984672034,NO
120,53,0.798042247503474,NO
121,420,0.9999999149402999,NO
122,219,0.991973208614055,NO
123,264,0.9225470913467958,NO
124,172,0.9999999984122417,NO
125,38,0.8720875534010692,NO
126,126,0.9999205816047758,NO
127,85,0.7841020898506947,NO
128,67,0.9982076812150762,NO
129,50,0.9146839554897014,NO
130,37,0.7794302702628958,NO
131,286,0.9999999070832616,NO
132,37,0.7757602122848438,NO
133,239,0.7844057221203127,NO
134,41,0.9122990339979001,NO
135,240,0.9999999983887364,NO
136,109,0.9981577068679047,NO
137,215,0.9999999025063274,NO
138,387,0.9999222671758733,NO
139,22,0.8583811238482532,NO
140,100,0.8931988107556953,NO
141,72,0.8922284736375248,NO
142,351,1.0,NO
143,232,0.8841116885025428,NO
144,162,0.8811134549625607,NO
145,42,0.8782462300401551,NO
146,458,0.9903640074708946,NO
147,262,0.8804714615856258,NO
148,139,0.872642427853975,NO
149,69,0.870590292887211,NO
150,67,0.8696972912069115,NO
151,197,0.8719618612792771,NO
152,930,0.9008649352697677,NO
153,156,0.8639298427506473,NO
154,303,0.9858537373614709,NO
155,25,0.8588704624249591,NO
156,304,0.9975382357604922,NO
157,414,0.9975911125289343,NO
158,1587,1.0,NO
159,1653,1.0,NO
160,83,1.0,NO
161,444,0.9999998781942622,NO
162,274,0.999999868588571,NO
163,47,0.7992055349806328,NO
164,35,0.5670939772004465,NO
165,208,0.9998625307489808,NO
166,111,0.9998576424198249,NO
167,227,0.7977197290718341,NO
168,351,0.9998642572565207,NO
169,161,0.997372457559968,NO
170,136,0.7854385318649145,NO
171,422,0.9998635659949261,NO
172,439,0.9999999974292485,NO
173,153,0.9962755586396185,NO
174,112,0.9961990747303948,NO
175,224,0.9962880802033802,NO
176,458,0.9999998452614113,NO
177,2193,1.0,NO
178,277,1.0,NO
179,738,1.0,NO
180,270,0.999999996696062,NO
181,257,0.9999893731740701,NO
182,88,0.6864407026818373,NO
183,459,1.0,NO
184,156,0.999803618412974,NO
185,654,1.0,NO
186,119,0.9945940235269484,NO
187,32,0.6535591597332848,NO
188,197,0.9999997993351504,NO
189,1105,1.0,NO
190,628,1.0,NO
191,138,0.9999871579251822,NO
192,204,0.9999999999999999,NO
193,550,0.9999998050992024,NO
194,399,0.6150617546626003,NO
195,42,0.5888687549240363,NO
196,42,0.5886208309934149,NO
197,312,0.9999870900872524,NO
198,85,0.5862486776484741,NO
199,478,0.994126881779127,NO
200,105,0.9999997649590063,NO
201,252,0.9997602496230421,NO
202,163,0.5747019562381629,NO
203,348,0.9999999999789969,NO
204,77,0.5544061981103856,NO
205,98,0.9929317364988627,NO
206,45,0.5511268508127729,NO
207,102,0.9952855746044806,NO
208,44,0.5499141856300388,NO
209,51,0.9997347042614567,NO
210,73,0.9952270441957143,NO
211,55,0.9588417350148476,NO
212,57,0.999999748472481,NO
213,103,0.9952305417600601,NO
214,121,0.5487189642705579,NO
215,46,0.5440042821567227,NO
216,75,0.5453399935796677,NO
217,226,0.9999999999999574,NO
218,136,0.999985240144698,NO
219,70,0.5408253835928426,NO
220,160,0.9999853127989582,NO
221,27,0.277612267409685,NO
222,82,0.5384264454607859,NO
223,96,0.9579829524820881,NO
224,106,0.9925982132199871,NO
225,165,0.9927012891062086,NO
226,72,0.5326489598060606,NO
227,26,0.5290594110467853,NO
228,24,0.27165187314110606,NO
229,810,1.0,NO
230,1804,1.0,NO
231,48,0.2454459873099792,NO
232,2747,1.0,NO
233,69,0.4567169909785899,NO
234,23,0.21609432646439272,NO
235,97,0.9999825199986392,NO
236,144,0.9999999946135403,NO
237,326,0.9999996963910807,NO
238,563,1.0,NO
239,22,0.2013443150458566,NO
240,83,0.2030316364578529,NO
241,51,0.20169157727630632,NO
242,43,0.2012101307532765,NO
243,54,0.2012101307532765,NO
244,43,0.200870684146693,NO
245,47,0.200870684146693,NO
246,33,0.19959484378990794,NO
247,224,0.993925257814437,NO
248,595,0.9999999999999998,NO
249,345,0.9999999666514683,NO
250,237,0.406775287562071,NO
251,137,0.9996406215896484,NO
252,90,0.9999999999998294,NO
253,126,0.9891513535523558,NO
254,47,0.9996185086094658,NO
255,69,0.3736260265283322,NO
256,40,0.36957086127720223,NO
257,130,0.9889650765216078,NO
258,213,0.9890447698549336,NO
259,115,0.9999999999999998,NO
260,167,0.9996071152049941,NO
261,283,0.9999996519334707,NO
262,91,0.9999996320511865,NO
263,312,0.9996131909834319,NO
264,32,0.333868392682562,NO
265,337,0.9996140116816281,NO
266,807,0.9999999999999998,NO
267,77,0.9564335184733606,NO
268,87,0.9294619140862128,NO
269,387,0.9596040279912302,NO
270,107,0.31388472193005196,NO
271,141,0.31257129314695015,NO
272,814,0.9999821652691502,NO
273,38,0.29451913503548066,NO
274,47,0.2953152899437757,NO
275,23,0.29405890574815163,NO
276,23,0.29405890574815163,NO
277,101,0.9252131617523366,NO
278,91,0.9537030679462418,NO
279,272,0.999999754888455,NO
280,23,0.2889676362455561,NO
281,80,0.29132368688830435,NO
282,97,0.2911815970396909,NO
283,382,0.30607598289069826,NO
284,239,0.2943640105393013,NO
285,44,0.2839915061123775,NO
286,76,0.2852816140788113,NO
287,28,0.28235338236167573,NO
288,89,0.28383605709152954,NO
289,37,0.28088379579830297,NO
290,36,0.28088379579830297,NO
291,105,0.2843263698110654,NO
292,193,0.2870805385315192,NO
293,70,0.2813326723009706,NO
294,140,0.28302229777803256,NO
295,25,0.27724865750623284,NO
296,160,0.28289900860161793,NO
297,23,0.27622556920053526,NO
298,139,0.2799699762145829,NO
299,111,0.9857133761903617,NO
300,158,0.2779691408809641,NO
301,34,0.2711820396195416,NO
302,357,0.9864876641130158,NO
303,70,0.2707741817436727,NO
304,88,0.2696274009412595,NO
305,79,0.2555962594603936,NO
306,934,0.3181550245139731,NO
307,67,0.24696768509530187,NO
308,216,0.25352218425790607,NO
309,265,0.9849895610759395,NO
310,155,0.984456186200563,NO
311,23,0.24072054895739647,NO
312,45,0.24182710826830472,NO
313,23,0.09523224210929668,NO
314,404,0.258104996737411,NO
315,246,0.24498292603239824,NO
316,576,1.0,NO
317,28,0.08242137197945085,NO
318,467,1.0,NO
319,508,1.0,NO
320,526,0.9999999999564781,NO
321,82,0.19216928580285136,NO
322,532,1.0,NO
323,266,0.9999999999997439,NO
324,274,0.17320989345560586,NO
325,28,0.024596770043859715,NO
326,69,0.02481408374747546,NO
327,139,0.9999964406813605,NO
328,103,0.018422059716478388,NO
329,46,0.018112798918238544,NO
330,220,0.9957888010580984,NO
331,89,0.8610152798196922,NO
332,98,0.8614757651889685,NO
333,2186,1.0,NO
334,41,0.00415448411617928,NO
335,85,0.9999957389734416,NO
336,169,0.9999999996152722,NO
337,346,0.9951280749718584,NO
338,131,0.994787080332218,NO
339,66,0.003940961593897721,NO
340,106,0.8313227493477667,NO
341,46,0.0038658975514121517,NO
342,157,1.0,NO
343,185,1.0,NO
344,126,0.9999956043386785,NO
345,66,0.9945083291249743,NO
346,67,0.9944983153351139,NO
347,289,0.9999957698031802,NO
348,94,0.01077537343351246,NO
349,44,0.8229537636905134,NO
350,95,0.8236002296971311,NO
351,44,0.010621280048800119,NO
352,23,0.010538370755436467,NO
353,23,0.010527889512060795,NO
354,763,1.0,NO
355,398,0.9942213077824124,NO
356,333,0.9997064673126467,NO
357,138,0.007229763347766258,NO
358,59,0.007030476673056445,NO
359,78,0.007049553663541092,NO
360,53,0.006997291513946131,NO
361,521,1.0,NO
362,23,0.0064939292772377664,NO
363,45,0.006533045261247263,NO
364,79,0.00655726219863316,NO
365,222,0.7847711549977832,NO
366,107,0.006517641834350197,NO
367,168,0.7807376448706126,NO
368,192,0.006570975156783202,NO
369,91,0.006360303587425253,NO
370,252,0.006600601911591102,NO
371,282,0.7838157283611091,NO
372,23,0.006176365237415552,NO
373,342,0.9999048470109682,NO
374,69,0.00194410891792453,NO
375,21,0.0019184698424915356,NO
376,39,0.0019165500561160803,NO
377,22,0.0019122482414076463,NO
378,217,0.9999999704243077,NO
379,22,0.0056633077300749825,NO
380,76,0.9925432202863685,NO
381,111,0.7642024438024569,NO
382,81,0.7626304452527922,NO
383,106,0.9996514210252524,NO
384,112,0.9925165031458346,NO
385,87,0.9924596195928945,NO
386,132,0.9996502477026592,NO
387,97,0.7610908242502614,NO
388,133,0.7618902150999903,NO
389,177,0.9925295124547026,NO
390,148,0.9999940224725745,NO
391,104,0.7579482146821342,NO
392,120,0.7572413260979021,NO
393,137,0.877488860740564,NO
394,76,0.7544465825017634,NO
395,89,0.7530638283165759,NO
396,23,0.0049498271533248124,NO
397,24,0.0016487840605161797,NO
398,62,0.03522076572243997,NO
399,67,0.10878139331008585,NO
400,66,0.0049241869024750085,NO
401,63,0.034920919652275215,NO
402,22,0.0016154277061320714,NO
403,60,0.001622091170664462,NO
404,38,0.0016086766326210984,NO
405,63,0.0048533667211179635,NO
406,23,0.0016029070029363152,NO
407,79,0.0016185254694883395,NO
408,23,0.0015986423850614631,NO
409,176,0.0016396000778204406,NO
410,149,0.001620570386679873,NO
411,23,0.0015777121480463848,NO
412,37,0.004696990737904641,NO
413,43,0.004720624648525905,NO
414,49,0.7454709650227078,NO
415,418,0.9999999999991791,NO
416,23,0.004476424875556323,NO
417,58,0.725429790067047,NO
418,23,0.003547907845247135,NO
419,80,0.7097240994593855,NO
420,23,0.0033100400527547227,NO
421,91,0.003335077755401443,NO
422,23,0.003294176935404698,NO
423,23,0.003156069037838327,NO
424,25,0.003152445903347937,NO
425,48,0.00315310393332948,NO
426,52,0.0031469394324973466,NO
427,53,0.0031383336229946807,NO
428,57,0.28387154090672617,NO
429,24,0.0030864475406162475,NO
430,26,0.0030864475406162475,NO
431,60,0.6978311648288705,NO
432,334,0.7119478917586899,NO
433,42,0.0029939707922054725,NO
434,60,0.0029939707922054725,NO
435,294,0.7077035957647679,NO
436,77,0.990082471279588,NO
437,677,0.7315025974032104,NO
438,56,0.0027561697324444043,NO
439,163,0.0028184482590137257,NO
440,56,0.002721974574733282,NO
441,133,0.0027496970069894877,NO
442,536,1.0,NO
443,121,0.6754836260691621,NO
444,77,0.0024691655256279302,NO
445,175,0.002366169663390615,NO
446,81,0.0023122201532640527,NO
447,432,0.683839688845948,NO
448,129,0.0022308633931784265,NO
449,48,0.002185297093854033,NO
450,164,0.6615984418839188,NO
451,172,0.0021937128103812907,NO
452,43,0.00212852360856493,NO
453,73,0.002142023583323328,NO
454,302,0.8348748506240875,NO
455,551,0.6842632849669634,NO
456,424,0.002226364221877341,NO
457,732,0.0024582571961090974,NO
458,562,0.002200680233716317,NO
459,493,0.0020802471846181805,NO
460,416,0.001969146927237991,NO
461,359,0.001894428921645961,NO
462,23,0.0017183197958142414,NO
463,23,0.0016948922794860044,NO
464,694,0.002074441816755192,NO
465,177,0.6298586723565004,NO
466,116,0.0016671370859230796,NO
467,20,0.0016339255119960487,NO
468,69,0.001654246702546028,NO
469,62,5.428260671515449E-4,NO
470,34,5.390649778509159E-4,NO
471,23,5.390649778509159E-4,NO
472,41,5.410293590959323E-4,NO
473,50,5.384638996869373E-4,NO
474,55,5.369277302778296E-4,NO
475,1468,0.0030945649328617277,NO
476,187,5.127924208248626E-4,NO
477,162,5.044865015582708E-4,NO
478,23,4.860945752337793E-4,NO
479,143,0.0014541751309537292,NO
480,74,0.0014329966653370248,NO
481,109,0.0014345440038786284,NO
482,144,0.0014337861882618623,NO
483,75,0.0014145234285600709,NO
484,112,0.6049433335143812,NO
485,33,0.0013834686521657495,NO
486,92,0.0013990761654230812,NO
487,108,0.0014046629008038914,NO
488,612,0.0016205317625275397,NO
489,20,0.0013430627654455406,NO
490,20,0.017539184842245568,NO
491,199,0.0013671493528548053,NO
492,56,0.0013192171761599134,NO
493,200,0.9999903799666645,NO
494,60,0.0012857624221953782,NO
495,75,0.0012868309322452056,NO
496,150,0.0012961348008665777,NO
497,40,0.001249151568234252,NO
498,20,4.1068070140140204E-4,NO
499,60,4.121641137797873E-4,NO
500,88,0.06696647890545575,NO
501,67,0.7910319020345052,NO
502,76,0.016882654505691826,NO
503,21,0.016678388840431744,NO
504,53,4.0763502055720264E-4,NO
505,114,0.016931496206946478,NO
506,121,0.06694948965154236,NO
507,78,4.053913846677829E-4,NO
508,20,0.016525598512831082,NO
509,69,0.016663937124580024,NO
510,80,0.0166490376932968,NO
511,79,0.04345877635423526,NO
512,81,3.9906609457723645E-4,NO
513,88,0.04329533010274113,NO
514,20,0.016382513714555968,NO
515,105,0.043532772253672365,NO
516,60,0.06548739265065999,NO
517,50,3.9020428677877136E-4,NO
518,28,3.8785361697437357E-4,NO
519,129,0.043626068050893106,NO
520,43,0.01635421645753241,NO
521,76,3.8835845377853016E-4,NO
522,63,3.8559890438756046E-4,NO
523,65,0.042621028047706226,NO
524,76,0.01633039773723663,NO
525,45,3.805853932108951E-4,NO
526,20,0.016040746682112597,NO
527,212,0.0011818397672408688,NO
528,95,0.001134847842878366,NO
529,34,0.0011176283600488092,NO
530,35,0.0011136219526164215,NO
531,34,0.0011136219526164215,NO
532,32,0.0011136219526164215,NO
533,188,0.0011521384066689201,NO
534,53,0.001110728385539884,NO
535,30,0.001104041926411411,NO
536,101,0.0011224520901918589,NO
537,125,0.0011228097683724891,NO
538,179,0.0011343110131618156,NO
539,123,0.0011104177439214913,NO
540,88,0.0010942425089175965,NO
541,88,0.0010932494423759763,NO
542,171,0.0011048290871828587,NO
543,31,0.0010688586504308804,NO
544,30,0.0010688586504308804,NO
545,31,0.0010688586504308804,NO
546,77,0.0010782869620808743,NO
547,77,0.0010714288698873157,NO
548,86,0.5677757147423544,NO
549,92,0.5665418227798804,NO
550,61,0.0010520623536602334,NO
551,64,0.0010383427731716771,NO
552,64,0.001037156273952117,NO
553,103,0.0010447821057166732,NO
554,46,0.0010313399128066853,NO
555,48,0.0010293817869398909,NO
556,48,0.0010282056094173282,NO
557,49,0.0010256810906826503,NO
558,49,0.17849810738781344,NO
559,130,0.001039351453313358,NO
560,82,0.0010232818037982597,NO
561,25,0.0010107037009295262,NO
562,193,0.0010430575588155357,NO
563,114,0.001018672301965021,NO
564,114,0.0010104568628688424,NO
565,132,0.001016455066335036,NO
566,79,0.0010016479165555114,NO
567,79,9.97792092477173E-4,NO
568,34,9.804607778470776E-4,NO
569,49,9.854209488391766E-4,NO
570,44,9.854209488391766E-4,NO
571,58,9.842953065084081E-4,NO
572,92,9.876258184996465E-4,NO
573,92,9.840766608744612E-4,NO
574,109,9.860671226606978E-4,NO
575,80,9.76671103139735E-4,NO
576,22,9.646653822363217E-4,NO
577,22,9.620693617833699E-4,NO
578,205,0.001001247215619712,NO
579,73,9.632315849785644E-4,NO
580,52,9.571537496533669E-4,NO
581,85,9.614036060016966E-4,NO
582,69,9.551090808084196E-4,NO
583,21,9.433681605888555E-4,NO
584,104,9.588625099953706E-4,NO
585,82,3.65924468315034E-6,NO
586,125,3.6774218480461067E-6,NO
587,180,0.03521746062507295,NO
588,95,0.03410622280569987,NO
589,214,3.6301772272313675E-6,NO
590,40,0.02349585235689776,NO
591,37,0.023433584150901233,NO
592,22,0.023433584150901233,NO
593,26,0.023362167678552787,NO
594,77,0.023603596859666055,NO
595,116,0.023662032463366064,NO
596,274,0.024446009376973752,NO
597,29,0.022920341286258934,NO
598,99,0.02315600997075284,NO
599,262,0.023963508958351355,NO
600,95,0.022661664228604852,NO
601,46,0.022477798869248635,NO
602,22,0.022324125575899918,NO
603,74,0.0225712173288402,NO
604,69,0.022445598744877712,NO
605,76,0.022380505009426524,NO
606,175,0.022602816322699074,NO
607,78,0.022105590805498097,NO
608,69,0.022084583703300072,NO
609,100,0.02212648735026208,NO
610,83,0.021837041230135974,NO
611,22,0.021574147172644196,NO
612,82,0.0217737025298718,NO
613,62,0.021594921177841984,NO
614,68,0.021540102026587238,NO
615,59,0.021414794171175967,NO
616,112,0.02162523799460038,NO
617,68,0.021290721256953474,NO
618,54,0.021290721256953474,NO
619,94,0.021244319450913183,NO
620,80,0.02118269142420779,NO
621,22,0.020927506481554305,NO
622,21,0.020927506481554305,NO
623,76,0.021079443341382443,NO
624,63,0.020868316404840402,NO
625,43,0.020850402590098037,NO
626,86,0.020901959686744298,NO
627,67,0.020712416937751603,NO
628,80,0.02070198692179347,NO
629,97,0.02077632483903896,NO
630,76,0.020607088119180498,NO
631,65,0.02037964954459295,NO
632,22,0.020259318989401615,NO
633,47,0.020300961784855298,NO
634,35,0.02016375912596742,NO
635,31,0.02016375912596742,NO
636,35,0.020122519238279398,NO
637,41,0.020224677434240803,NO
638,36,0.020105243124108968,NO
639,59,0.020109162408001622,NO
640,39,0.019973233108187365,NO
641,41,0.02001427159229766,NO
642,36,0.01989605457596683,NO
643,33,0.01987897245464459,NO
644,52,0.019956193231575124,NO
645,21,0.019838312318501587,NO
646,27,0.019838312318501587,NO
647,26,0.019741369237434563,NO
648,29,0.019707960243075653,NO
649,33,0.019707960243075653,NO
650,28,0.019631758469534744,NO
651,28,0.01961490218441111,NO
652,33,0.01961490218441111,NO
653,232,0.020295044960090557,NO
654,24,0.01935419703031792,NO
655,27,0.01935419703031792,NO
656,37,0.019337579485016482,NO
657,41,0.019412756638416594,NO
658,18,0.019298022587128275,NO
659,21,0.019298022587128275,NO
660,43,0.019317795546634504,NO
661,45,0.019317795546634504,NO
662,46,0.019243018330982978,NO
663,42,0.019226497766398114,NO
664,28,0.019080419430428493,NO
665,51,0.01913818068009847,NO
666,50,0.019099942040173547,NO
667,31,0.018948178928069687,NO
668,18,0.018948178928069687,NO
669,23,0.018931909946596614,NO
670,29,0.018931909946596614,NO
671,22,0.018879251900323545,NO
672,192,0.019397164334979688,NO
673,39,0.01855094830390491,NO
674,40,0.01855094830390491,NO
675,90,0.018723215677087433,NO
676,33,0.01842864600874914,NO
677,33,0.01839094166915419,NO
678,37,0.018375150288935747,NO
679,39,0.0183414025056988,NO
680,58,0.018412810579149206,NO
681,22,0.01828815973462966,NO
682,22,0.01828815973462966,NO
683,58,0.018322537668458195,NO
684,22,0.018198488230230722,NO
685,82,0.01835204919330694,NO
686,64,0.01815187683815753,NO
687,65,0.01815187683815753,NO
688,21,0.01801180907261949,NO
689,22,0.01795593220908622,NO
690,107,0.018159214926270373,NO
691,127,0.01817334908885319,NO
692,47,0.017754998808476242,NO
693,133,0.01793523646938376,NO
694,22,0.01746509494745891,NO
695,21,0.01746509494745891,NO
696,109,0.01769706920647409,NO
697,23,0.017338222729111154,NO
698,39,0.017289636275081795,NO
699,40,0.017238344752303864,NO
700,31,0.017204673998440428,NO
701,31,0.017204673998440428,NO
702,31,0.017188299984362464,NO
703,31,0.017188299984362464,NO
704,42,0.01725694389461753,NO
705,31,0.017106725663101664,NO
706,31,0.0170879844869477,NO
707,22,0.017073313575573384,NO
708,125,0.017398019613307385,NO
709,163,0.017402881613933444,NO
710,21,0.016780755499036147,NO
711,185,0.017332891292990378,NO
712,29,0.01663831873775642,NO
713,93,0.016759225446149436,NO
714,61,0.016578323331728116,NO
715,71,0.01661848201497741,NO
716,22,0.016401732592298872,NO
717,142,0.016742455749625178,NO
718,78,0.016461029131596736,NO
719,122,0.016443578903967825,NO
720,237,0.016896565675349882,NO
721,153,0.016355465484463514,NO
722,59,0.015910139452493956,NO
723,35,0.01576902970615152,NO
724,42,0.015834421081200763,NO
725,45,0.0157577362434136,NO
726,100,0.015913733316690694,NO
727,78,0.015781680750161696,NO
728,62,0.015622301199333546,NO
729,25,0.01549797217094402,NO
730,95,0.015615540924501818,NO
731,22,0.015373644789668569,NO
732,22,0.015373644789668569,NO
733,117,0.015574596760468705,NO
734,23,0.015254650610489986,NO
735,90,0.015396935095888523,NO
736,22,0.015184139021428142,NO
737,36,0.015153066618107596,NO
738,135,0.015425973135175661,NO
739,67,0.015095956412513926,NO
740,162,0.015316341553352944,NO
741,122,0.01506089201526787,NO
742,76,0.014893696483708292,NO
743,22,0.014639441816942187,NO
744,82,0.014792303207233196,NO
745,352,0.015734402542954884,NO
746,308,0.015088691964588171,NO
747,266,0.014776979814622069,NO
748,38,0.01381122863476557,NO
749,89,0.01392806001277696,NO
750,18,0.013690838878851808,NO
751,57,0.01371862186236176,NO
752,86,0.013792772755171757,NO
753,69,0.013752750202845441,NO
754,25,0.013534471602204008,NO
755,31,0.013494960451103447,NO
756,21,0.013469494557390507,NO
757,158,0.013493801882363208,NO
758,21,0.013033032853183468,NO
759,38,0.013033032853183468,NO
760,51,0.013060206277957367,NO
761,23,0.012968304668463666,NO
762,126,0.013217600979850551,NO
763,38,0.01288368458166718,NO
764,55,0.012840042885132862,NO
765,22,0.012739449793331642,NO
766,47,0.012789484322000586,NO
767,37,0.012693248239545039,NO
768,24,0.012659031041284298,NO
769,41,0.012720864158486138,NO
770,38,0.012608099992907379,NO
771,48,0.012657629148506563,NO
772,22,0.012558423292511368,NO
773,60,0.012596950709581795,NO
774,35,0.012521985297438807,NO
775,42,0.012586149959058324,NO
776,67,0.012512402224710312,NO
777,33,0.012437933628992022,NO
778,76,0.01253054975575155,NO
779,91,0.012494200707552618,NO
780,38,0.012342364985412087,NO
781,97,0.012491782599695403,NO
782,28,0.012234390743123446,NO
783,36,0.012200643322880353,NO
784,23,0.012175686945227889,NO
785,35,4.4950179527958413E-7,NO
786,21,4.4950179527958413E-7,NO
787,161,0.002254623159150817,NO
788,22,0.0021813000855678316,NO
789,72,0.0022059721820592974,NO
790,33,0.002178888246253317,NO
791,32,4.424540656606603E-7,NO
792,187,4.5624250690958374E-7,NO
793,28,4.3807440265049106E-7,NO
794,39,4.3651671741970906E-7,NO
795,21,4.3651671741970906E-7,NO
796,31,4.3651671741970906E-7,NO
797,21,4.3651671741970906E-7,NO
798,22,0.0021571709393105906,NO
799,27,4.358168061984324E-7,NO
800,62,4.358670275992735E-7,NO
801,95,0.002172511774345304,NO
802,22,0.0021458377669144814,NO
803,208,4.486317795707608E-7,NO
804,54,0.002152495604295561,NO
805,21,0.002134113203634871,NO
806,57,4.271344002704431E-7,NO
807,37,4.2456025867078203E-7,NO
808,36,4.2415129855396976E-7,NO
809,28,4.225165860862491E-7,NO
810,57,4.2423909998628803E-7,NO
811,94,4.2407421877108714E-7,NO
812,35,4.18856258782962E-7,NO
813,44,0.012432342729871634,NO
814,31,4.18856258782962E-7,NO
815,31,4.168391594964744E-7,NO
816,22,0.0021140352154883704,NO
817,41,4.189019752050975E-7,NO
818,185,0.0021888945033408966,NO
819,48,0.0021125981345579644,NO
820,46,0.002110263237223324,NO
821,34,4.107803362565732E-7,NO
822,80,4.140554609740149E-7,NO
823,55,4.1144033606156133E-7,NO
824,59,4.081654127837985E-7,NO
825,88,4.103048172390276E-7,NO
826,21,4.0525628079507803E-7,NO
827,40,4.03810663552406E-7,NO
828,235,0.0685381518395506,NO
829,22,0.002070744358231709,NO
830,202,0.002147945876613604,NO
831,108,0.002092873368915057,NO
832,32,3.9182383989907965E-7,NO
833,556,0.01351159281636733,NO
834,768,0.9951675878104342,NO
835,531,0.002289198335302324,NO
836,1078,0.01693198347934426,NO
837,347,0.0119975126214135,NO
838,724,0.3063464753765831,NO
839,409,0.2786158339255128,NO
840,1383,0.39620439051363676,NO
841,1336,0.01891004304546593,NO
842,291,0.001871603458068989,NO
843,113,2.7829440933066106E-7,NO
844,89,0.001747708976874469,NO
845,292,0.060915974121566775,NO
846,218,0.0017919606474941358,NO
847,3601,0.04005015093942623,NO
848,72,0.001599613802246829,NO
849,231,0.0016497035690484472,NO
850,70,2.247007138864759E-7,NO
851,63,2.2256373096972989E-7,NO
852,110,2.243589616606811E-7,NO
853,158,2.2575321475268423E-7,NO
854,227,2.2628976781421195E-7,NO
855,343,0.009838907480904706,NO
856,1157,0.08154257687159741,NO
857,73,2.029162735858876E-7,NO
858,72,2.0272154403558692E-7,NO
859,981,0.9997145737357789,NO
860,765,0.0018732770896346229,NO
861,62,1.8359818586210353E-7,NO
862,409,0.0015853328286813538,NO
863,234,0.0014963198769653975,NO
864,74,1.786292234509768E-7,NO
865,58,1.7684725178784528E-7,NO
866,21,1.7578147487880635E-7,NO
867,931,0.012212790139965986,NO
868,21,1.6794155132960693E-7,NO
869,77,1.6988709983355735E-7,NO
870,85,1.6891148193353912E-7,NO
871,427,0.0015363809337255742,NO
872,198,1.6899227736503134E-7,NO
873,79,1.6362530836453774E-7,NO
874,52,1.6206418283225644E-7,NO
875,217,1.6728970683212364E-7,NO
876,279,0.00896742420459541,NO
877,22,0.0013372854815626894,NO
878,25,1.5718063296005946E-7,NO
879,42,1.581336315192498E-7,NO
880,67,1.581336315192498E-7,NO
881,23,1.557689440007417E-7,NO
882,637,0.056873514638639586,NO
883,23,1.5163745775496831E-7,NO
884,37,1.5053653688719094E-7,NO
885,35,1.5053653688719094E-7,NO
886,35,0.0013129420447938812,NO
887,84,0.0013229105167640645,NO
888,449,0.05225615279210479,NO
889,58,1.4718038390870495E-7,NO
890,92,1.4666948774128495E-7,NO
891,32,1.4474002496268348E-7,NO
892,521,0.650193083599846,NO
893,24,1.4055608662854779E-7,NO
894,42,0.0012738550947431581,NO
895,42,0.0012738550947431581,NO
896,36,0.001266187876078455,NO
897,21,1.4043503475644427E-7,NO
898,94,0.001278368826160719,NO
899,388,0.008854321009351044,NO
900,21,1.3658732481876996E-7,NO
901,53,1.3729714220018846E-7,NO
902,21,1.3646971554748613E-7,NO
903,105,0.001270158512835894,NO
904,76,0.001258732870106313,NO
905,29,1.346935462135995E-7,NO
906,48,1.3551020381295162E-7,NO
907,137,0.001268805456457452,NO
908,21,1.3326025586316952E-7,NO
909,42,1.3363063939284584E-7,NO
910,21,1.3282530906125725E-7,NO
911,646,0.9931679832714974,NO
912,132,0.6136793524963472,NO
913,90,1.2938013949503667E-7,NO
914,499,0.9995896279601015,NO
915,268,0.6193813143022866,NO
916,135,0.6098935003153464,NO
917,240,0.04596374020876559,NO
918,383,0.04773539098538151,NO
919,21,1.1840742450468469E-7,NO
920,768,0.6606950123218795,NO
921,21,1.1410463674418945E-7,NO
922,83,0.0011613429469144606,NO
923,886,0.9935731081587009,NO
924,287,0.007922947809190806,NO
925,63,1.0725046202762159E-7,NO
926,129,0.007517063329051226,NO
927,71,0.0011281590385709861,NO
928,21,1.0520674942779E-7,NO
929,400,0.0012302302781334756,NO
930,961,0.9937055974404113,NO
931,76,0.0063624387332372224,NO
932,21,9.840525993974163E-8,NO
933,21,9.831115347721067E-8,NO
934,123,0.5942916776300053,NO
935,151,0.041837274051913675,NO
936,21,9.693609827017765E-8,NO
937,131,9.915436560419872E-8,NO
938,189,9.954370753389731E-8,NO
939,37,9.557976062226127E-8,NO
940,61,0.006234576564965717,NO
941,21,9.487454434289428E-8,NO
942,81,9.605645753692663E-8,NO
943,74,0.0010649490121302791,NO
944,58,9.48132892027714E-8,NO
945,51,9.48132892027714E-8,NO
946,26,9.385570334841537E-8,NO
947,21,9.333020727081659E-8,NO
948,54,9.389607570572831E-8,NO
949,43,9.343930512955881E-8,NO
950,33,9.278739483826963E-8,NO
951,36,9.278739483826963E-8,NO
952,37,9.270769997343008E-8,NO
953,28,9.270769997343008E-8,NO
954,34,9.232759531646708E-8,NO
955,36,9.232759531646708E-8,NO
956,34,9.202298902810957E-8,NO
957,99,0.007088423969584945,NO
958,52,0.001044426523546309,NO
959,128,9.342507304959737E-8,NO
960,38,9.069046327069079E-8,NO
961,525,0.9919505095384225,NO
962,1361,0.9999987196810924,NO
963,129,0.006873181586660757,NO
964,21,8.126317998356512E-8,NO
965,114,8.211804411701975E-8,NO
966,72,8.126649596252898E-8,NO
967,70,8.111918685489908E-8,NO
968,42,8.060684757526436E-8,NO
969,99,8.096362235129961E-8,NO
970,163,8.165593541058862E-8,NO
971,46,7.94735309730871E-8,NO
972,85,7.929774398609782E-8,NO
973,247,8.232104204162418E-8,NO
974,36,7.729790849216965E-8,NO
975,37,7.700453195736092E-8,NO
976,49,7.714076023492809E-8,NO
977,21,7.667586836739332E-8,NO
978,39,7.667586836739332E-8,NO
979,227,0.039147525102644166,NO
980,55,9.558494063282893E-4,NO
981,175,7.737358363195606E-8,NO
982,102,9.629052239178629E-4,NO
983,64,7.498399927614673E-8,NO
984,67,7.467411459059125E-8,NO
985,180,9.765175413525767E-4,NO
986,127,7.510039854601876E-8,NO
987,51,7.326164340003008E-8,NO
988,120,7.408305589900002E-8,NO
989,21,7.26882031240459E-8,NO
990,138,0.006589717200807803,NO
991,181,9.637413173207983E-4,NO
992,61,7.179969516121684E-8,NO
993,21,7.136699143302587E-8,NO
994,114,7.20706934100409E-8,NO
995,66,7.114247280681422E-8,NO
996,72,7.123702659911031E-8,NO
997,75,7.088789912287049E-8,NO
998,33,6.978284714530273E-8,NO
999,21,6.978284714530273E-8,NO
1000,46,7.013891738241488E-8,NO
1001,46,7.013891738241488E-8,NO
1002,51,6.984829266732835E-8,NO
1003,38,6.936783053281883E-8,NO
1004,40,6.93169963963299E-8,NO
1005,21,6.897715339512862E-8,NO
1006,781,0.0011819749469633507,NO
1007,1323,0.001579496088832683,NO
1008,21,6.228598585816576E-8,NO
1009,2645,0.03811557665542239,NO
1010,246,5.732286624619788E-8,NO
1011,21,5.417337285651749E-8,NO
1012,100,5.5052736121263095E-8,NO
1013,57,5.416165254028878E-8,NO
1014,68,5.3953409434508256E-8,NO
1015,372,8.915706286278106E-4,NO
1016,147,8.222670169367687E-4,NO
1017,45,5.2810473376915186E-8,NO
1018,116,0.005854867884648602,NO
1019,40,5.179031523725236E-8,NO
1020,97,5.273898198395692E-8,NO
1021,758,0.041924673795130145,NO
1022,21,4.9778386031108147E-8,NO
1023,55,4.991205161050953E-8,NO
1024,199,8.11284645087246E-4,NO
1025,64,4.9216924273976856E-8,NO
1026,103,0.03279137686452112,NO
1027,71,4.896639109366579E-8,NO
1028,245,0.03384015437183664,NO
1029,21,4.7674884944126366E-8,NO
1030,343,0.006086640252018094,NO
1031,244,4.901866684123492E-8,NO
1032,142,0.005651252535576306,NO
1033,22,7.55291788555032E-4,NO
1034,266,4.8679448070446585E-8,NO
1035,126,4.635152577382458E-8,NO
1036,170,4.634377279543872E-8,NO
1037,648,5.3600729460567204E-8,NO
1038,150,4.429711729145715E-8,NO
1039,65,4.334669399038568E-8,NO
1040,119,4.3363193734849734E-8,NO
1041,42,4.280470582412565E-8,NO
1042,54,4.280470582412565E-8,NO
1043,32,4.2506217812294243E-8,NO
1044,30,4.2506217812294243E-8,NO
1045,40,4.246989278467781E-8,NO
1046,30,4.224435553844338E-8,NO
1047,34,4.224435553844338E-8,NO
1048,58,4.219291253310113E-8,NO
1049,34,4.193863525444993E-8,NO
1050,34,4.193863525444993E-8,NO
1051,30,4.193863525444993E-8,NO
1052,30,4.189869345610543E-8,NO
1053,49,4.215272856446905E-8,NO
1054,34,4.164049038101696E-8,NO
1055,38,4.164049038101696E-8,NO
1056,30,4.147896389418767E-8,NO
1057,34,4.147896389418767E-8,NO
1058,31,4.133899766707813E-8,NO
1059,42,4.158963929553167E-8,NO
1060,30,4.1299629662667E-8,NO
1061,29,4.1299629662667E-8,NO
1062,30,4.112508704360461E-8,NO
1063,31,4.112508704360461E-8,NO
1064,32,4.104503605539782E-8,NO
1065,31,4.0885741332235624E-8,NO
1066,30,4.0885741332235624E-8,NO
1067,34,4.0885741332235624E-8,NO
1068,30,4.074771412395633E-8,NO
1069,37,4.0708911879163937E-8,NO
1070,38,4.0708911879163937E-8,NO
1071,31,4.053677719849931E-8,NO
1072,32,4.053677719849931E-8,NO
1073,31,4.049247185437659E-8,NO
1074,34,4.0300785746338344E-8,NO
1075,30,4.0300785746338344E-8,NO
1076,122,4.0896434526595034E-8,NO
1077,30,4.012642704849651E-8,NO
1078,30,3.9956668042728734E-8,NO
1079,30,3.9956668042728734E-8,NO
1080,45,3.999900281725096E-8,NO
1081,38,3.975794722291783E-8,NO
1082,30,3.9723985116339556E-8,NO
1083,43,3.996483479572908E-8,NO
1084,31,3.968616292563029E-8,NO
1085,21,3.9594221174148615E-8,NO
1086,21,3.929340520698008E-8,NO
1087,110,0.005299238840916532,NO
1088,59,0.00522071012897012,NO
1089,22,0.00517344866401464,NO
1090,354,0.005578685198593605,NO
1091,38,0.0050742016330773635,NO
1092,22,0.005059589561791734,NO
1093,69,0.005111886556244985,NO
1094,324,0.16054784246687182,NO
1095,100,0.004991945900408376,NO
1096,18,0.004898416790545005,NO
1097,51,0.004913781688020017,NO
1098,247,0.934870113891918,NO
1099,33,0.004804604572314694,NO
1100,34,0.00478148759218181,NO
1101,34,0.004777429500348683,NO
1102,18,0.004772908105624563,NO
1103,37,0.0047579971274455445,NO
1104,18,0.0047579971274455445,NO
1105,49,0.00477811908840282,NO
1106,138,0.004834454163552288,NO
1107,109,0.0047776911088331835,NO
1108,79,0.004732625927197784,NO
1109,68,0.0046792018563207366,NO
1110,73,0.004699700451539693,NO
1111,18,0.004637749942994563,NO
1112,53,0.004647199403686909,NO
1113,44,0.004642802804884376,NO
1114,22,0.004614951893035203,NO
1115,18,0.004614951893035203,NO
1116,85,0.14311579079140807,NO
1117,131,0.14339303288623184,NO
1118,53,0.004547885813297673,NO
1119,57,0.00451221995449059,NO
1120,64,0.004504130094511424,NO
1121,18,0.004472248706733977,NO
1122,75,0.00451324441974971,NO
1123,66,0.00446366755952799,NO
1124,74,0.004474041796054467,NO
1125,33,0.004415055560583719,NO
1126,54,0.004436886343440308,NO
1127,53,0.004418951759883285,NO
1128,23,0.004392437743825348,NO
1129,39,0.004383523203471177,NO
1130,50,0.004397202528140715,NO
1131,31,0.004357964044226842,NO
1132,39,0.004353843296182248,NO
1133,39,0.004350153189918386,NO
1134,22,0.004335630504550026,NO
1135,27,0.004331531065160019,NO
1136,28,0.004331531065160019,NO
1137,30,0.004327860175262638,NO
1138,34,0.004319078137039486,NO
1139,41,0.004336224619989953,NO
1140,59,0.00432375931462143,NO
1141,31,0.004289821111190286,NO
1142,51,0.004297657353177547,NO
1143,72,0.004320766793200524,NO
1144,23,0.004267829415898155,NO
1145,507,0.004844189357714294,NO
1146,48,0.004171717509097273,NO
1147,77,0.004186059592148697,NO
1148,43,0.004151159923239557,NO
1149,38,0.0041217728985540525,NO
1150,47,0.004129856876191929,NO
1151,22,0.004105070297206079,NO
1152,22,0.004100620408061513,NO
1153,86,0.004144057672344858,NO
1154,43,0.00410197854198259,NO
1155,518,0.004633054298758504,NO
1156,37,0.003969787661763311,NO
1157,23,0.003966037676677382,NO
1158,97,0.004005269154751793,NO
1159,107,0.003993768926231077,NO
1160,177,0.004009670189265608,NO
1161,688,0.0047177239564414565,NO
1162,23,0.003751295451620821,NO
1163,152,0.0038381991169250144,NO
1164,139,0.003799799866595428,NO
1165,140,0.0037617730362869565,NO
1166,129,0.003746922662271094,NO
1167,1046,0.005258512671673142,NO
1168,46,0.0034781957895069116,NO
1169,271,0.0036407542963151377,NO
1170,112,0.0034466347751963724,NO
1171,95,0.0034102202460102567,NO
1172,107,0.0034197531435570584,NO
1173,143,0.003408360046692236,NO
1174,22,0.003315487894046911,NO
1175,22,0.003315487894046911,NO
1176,22,0.0033119041650300795,NO
1177,44,0.0033259668204218026,NO
1178,77,0.0033357227196240576,NO
1179,168,0.003346918788335411,NO
1180,236,0.003382374644250393,NO
1181,131,0.0032528577174989266,NO
1182,154,9.051072559660042E-9,NO
1183,232,9.071502569259697E-9,NO
1184,142,8.808045186923062E-9,NO
1185,23,8.582623180872653E-9,NO
1186,110,0.0031803962496456083,NO
1187,21,0.003120701886439153,NO
1188,22,0.003114800448704755,NO
1189,22,0.0031114363239603906,NO
1190,22,0.0031085047888680566,NO
1191,42,0.0031174349170342164,NO
1192,46,0.003091078003827215,NO
1193,18,0.003072506733763379,NO
1194,39,0.0030699163542942933,NO
1195,22,0.0030666013845021597,NO
1196,38,0.003050839933294107,NO
1197,25,0.003050839933294107,NO
1198,104,0.0030937855004551157,NO
1199,22,0.0030324342228468305,NO
1200,92,0.0030646181558580425,NO
1201,22,0.003023756153563976,NO
1202,17,0.0030183619662519576,NO
1203,58,0.0030238366469655916,NO
1204,31,0.0029932825778742587,NO
1205,27,0.0029907598640241764,NO
1206,36,0.0029907598640241764,NO
1207,58,0.003002760115724733,NO
1208,31,0.002982202623368005,NO
1209,22,0.0029692799717700494,NO
1210,68,0.0029667728332155273,NO
1211,17,0.002948946182383551,NO
1212,31,0.0029464615176027775,NO
1213,28,0.0029405101247960094,NO
1214,31,0.0029405101247960094,NO
1215,36,0.0029405101247960094,NO
1216,17,0.0029405101247960094,NO
1217,17,0.0029252959855055193,NO
1218,144,0.0029870011537958645,NO
1219,123,0.002957422222918443,NO
1220,44,0.00289013398852766,NO
1221,70,0.0029032654853019192,NO
1222,208,0.0029822097958130864,NO
1223,106,0.0027971183686727164,NO
1224,36,0.0027445981220799915,NO
1225,338,0.0029357454191559383,NO
1226,292,0.0028617000477975836,NO
1227,22,0.002659318253389477,NO
1228,56,0.002664030173683729,NO
1229,56,0.002658656812063246,NO
1230,36,0.0026426766518364837,NO
1231,145,0.0026884722202088003,NO
1232,37,0.0026109051068853796,NO
1233,662,0.0031296497796172856,NO
1234,22,0.002517828170101748,NO
1235,475,0.0028081014076421166,NO
1236,22,0.0024604923309829896,NO
1237,22,0.002458180304780089,NO
1238,58,0.0024362917508187194,NO
1239,164,0.36487842226547385,NO
1240,77,0.0024178327295335885,NO
1241,348,0.0025674386951219435,NO
1242,45,0.002328039808062723,NO
1243,139,0.002367905738190853,NO
1244,119,0.002315096347045239,NO
1245,113,0.002308497533625963,NO
1246,163,0.0023174486987961205,NO
1247,117,0.0022760519281877197,NO
1248,18,0.0022314203869691672,NO
1249,22,0.002221373836197446,NO
1250,48,0.002196273805239369,NO
1251,266,0.08432314281913274,NO
1252,22,0.0021523560386405485,NO
1253,18,0.0021505517231418326,NO
1254,209,0.9775560171684357,NO
1255,43,2.545912848654544E-9,NO
1256,187,2.1188454734863315E-4,NO
1257,41,2.5225165530195106E-9,NO
1258,188,0.08020749285294765,NO
1259,30,2.4747297535944283E-9,NO
1260,66,2.4781557582367923E-9,NO
1261,57,2.464986999398143E-9,NO
