ID, Size, Predicted, Actual
0,227,0.026666666666666665,NO
1,276,0.4811904761904762,NO
2,460,0.2,NO
3,138,0.25173809523809526,NO
4,355,0.7341428571428571,NO
5,23,0.0,NO
6,48,0.0,NO
7,59,0.01,NO
8,79,0.53,NO
9,67,0.04,NO
10,49,0.0,NO
11,40,0.0,NO
12,20,0.0,NO
13,42,0.0,NO
14,36,0.02,NO
15,31,0.0,NO
16,30,0.0,NO
17,71,0.12416666666666666,NO
18,57,0.0,NO
19,20,0.0,NO
20,89,0.22,NO
21,60,0.02,NO
22,102,0.24333333333333332,NO
23,20,0.0,NO
24,93,0.23,NO
25,59,0.01,NO
26,111,0.4346666666666666,NO
27,20,0.0,NO
28,31,0.0,NO
29,109,0.12391666666666667,NO
30,44,0.0,NO
31,72,0.07416666666666667,NO
32,99,0.078,NO
33,103,0.02133333333333333,NO
34,20,0.0,NO
35,137,1.0,YES
36,1699,0.66,NO
37,45,0.01,NO
38,200,0.1,NO
39,2582,0.42,NO
40,55,0.0,NO
41,204,0.13,NO
42,59,0.01,NO
43,102,0.04066666666666666,NO
44,34,0.0,NO
45,83,0.7283196248196249,NO
46,114,0.18100000000000002,NO
47,60,0.01,NO
48,512,0.34,NO
49,87,0.15857142857142859,NO
50,130,0.26,NO
51,37,0.0,NO
52,101,0.18532142857142855,NO
53,1185,0.84,NO
54,455,0.51,NO
55,40,0.0,NO
56,518,0.13,NO
57,382,0.12,NO
58,49,0.0,NO
59,585,0.6312777777777777,NO
60,32,0.0,NO
61,73,0.07041666666666667,NO
62,633,0.44,NO
63,681,0.81,NO
64,470,0.14,NO
65,1015,0.7,NO
66,278,0.22066666666666662,NO
67,31,0.0,NO
68,36,0.02,NO
69,58,0.02,NO
70,172,0.42,NO
71,86,0.09857142857142857,NO
72,162,0.3,NO
73,53,0.0,NO
74,415,0.14666666666666667,NO
75,200,0.05,NO
76,264,0.31,NO
77,166,0.43,NO
78,38,0.0,NO
79,117,0.161,NO
80,85,0.04857142857142858,NO
81,66,0.005,NO
82,60,0.0,NO
83,37,0.0,NO
84,233,0.23,NO
85,37,0.0,NO
86,239,0.14296031746031745,NO
87,40,0.0,NO
88,208,0.05,NO
89,189,0.34,NO
90,22,0.0,NO
91,262,0.13,NO
92,489,0.16,NO
93,1418,0.67,NO
94,1376,0.67,NO
95,66,0.03,NO
96,438,0.2366666666666667,NO
97,430,0.16666666666666663,NO
98,35,0.0,NO
99,53,0.0,NO
100,197,0.43,NO
101,108,0.14238888888888887,NO
102,237,0.06,NO
103,119,0.3,NO
104,334,0.2034047619047619,NO
105,161,0.5,NO
106,136,0.258047619047619,NO
107,281,0.341,NO
108,203,0.11,NO
109,97,0.24083225108225112,NO
110,107,0.11910714285714287,NO
111,148,0.0,NO
112,462,0.42,NO
113,1856,0.6863333333333332,NO
114,245,0.17107142857142857,NO
115,634,0.52,NO
116,214,0.0,NO
117,259,0.4065714285714286,NO
118,90,0.18857142857142858,NO
119,93,0.0,NO
120,337,0.5085000000000001,NO
121,149,0.4653809523809523,NO
122,611,0.8116706349206348,NO
123,115,0.34573412698412703,NO
124,193,1.0,YES
125,815,1.0,YES
126,591,0.23,NO
127,141,0.22119047619047616,NO
128,179,0.6094047619047619,NO
129,606,1.0,YES
130,141,0.08,NO
131,42,0.0,NO
132,42,0.0,NO
133,85,0.0,NO
134,69,0.02,NO
135,471,0.5150833333333333,NO
136,106,0.2352377344877344,NO
137,250,0.21904761904761905,NO
138,162,0.19333333333333333,NO
139,24,0.0,NO
140,56,0.0,NO
141,51,0.01,NO
142,22,0.0,NO
143,24,0.0,NO
144,488,0.6013333333333333,NO
145,1624,1.0,NO
146,47,0.015,NO
147,2307,0.19583333333333336,NO
148,85,0.06673809523809524,NO
149,50,0.06,NO
150,44,0.1498838383838384,NO
151,52,0.1,NO
152,41,0.027999999999999997,NO
153,48,0.07,NO
154,110,0.5421428571428571,NO
155,69,0.23393040293040293,NO
156,20,0.0,NO
157,213,0.02,NO
158,542,0.23,NO
159,233,0.32,NO
160,134,0.59,NO
161,104,0.2816666666666666,NO
162,121,0.3583690476190477,NO
163,39,0.027999999999999997,NO
164,41,0.0,NO
165,248,0.68,NO
166,215,0.01,NO
167,269,0.595,NO
168,165,0.3,NO
169,277,0.13,NO
170,100,0.1881428571428571,NO
171,358,0.34,NO
172,29,0.05,NO
173,339,0.4256666666666667,NO
174,719,0.42577777777777776,NO
175,141,0.23522186147186147,NO
176,801,0.34,NO
177,77,0.0,NO
178,97,0.007142857142857144,NO
179,380,0.0,NO
180,214,0.0,NO
181,38,0.0,NO
182,79,0.0,NO
183,25,0.0,NO
184,84,0.0,NO
185,34,0.0,NO
186,33,0.0,NO
187,104,0.005,NO
188,193,0.03833333333333334,NO
189,70,0.0,NO
190,140,0.01,NO
191,22,0.0,NO
192,158,0.2,NO
193,142,0.02,NO
194,109,0.35440476190476194,NO
195,158,1.0,YES
196,31,0.04,NO
197,344,0.04133333333333333,NO
198,71,1.0,YES
199,84,1.0,YES
200,79,1.0,YES
201,881,1.0,YES
202,64,0.0,NO
203,199,0.1935,NO
204,261,1.0,YES
205,155,0.13,NO
206,42,0.01,NO
207,405,0.11966666666666667,NO
208,248,0.0,NO
209,541,0.26,NO
210,28,0.0,NO
211,452,0.32,NO
212,474,0.18388888888888888,NO
213,379,0.11,NO
214,83,0.09,NO
215,393,0.13,NO
216,458,0.0605,NO
217,248,0.13,NO
218,28,0.23,NO
219,69,0.31,NO
220,116,0.01,NO
221,100,0.19396428571428567,NO
222,46,0.0,NO
223,226,0.2958531746031746,NO
224,79,0.06,NO
225,93,0.05083333333333334,NO
226,2156,0.75,NO
227,41,0.02,NO
228,64,0.1,NO
229,149,0.23625,NO
230,334,0.5529047619047619,NO
231,114,0.3547954822954823,NO
232,66,0.09,NO
233,38,0.02,NO
234,46,0.0,NO
235,101,0.01,NO
236,111,0.07440476190476192,NO
237,156,0.25,NO
238,113,0.39187881562881566,NO
239,770,0.31,NO
240,392,0.49,NO
241,330,0.5995115440115439,NO
242,139,0.18,NO
243,59,0.0,NO
244,78,0.1418095238095238,NO
245,49,0.01,NO
246,511,0.39,NO
247,42,0.0,NO
248,75,0.41935317460317456,NO
249,219,0.02,NO
250,103,0.3785714285714286,NO
251,158,0.44,NO
252,190,0.01,NO
253,88,0.0,NO
254,248,0.14857142857142858,NO
255,276,0.16916666666666663,NO
256,60,0.01,NO
257,35,0.0,NO
258,63,0.0,NO
259,79,0.04857142857142857,NO
260,174,0.0,NO
261,148,0.0375,NO
262,34,0.0,NO
263,35,0.0,NO
264,45,0.0,NO
265,293,0.12,NO
266,57,0.0,NO
267,39,0.0,NO
268,57,0.0,NO
269,277,0.22464285714285714,NO
270,468,0.0,NO
271,75,0.04,NO
272,666,0.0,NO
273,53,0.1541461038961039,NO
274,145,0.02,NO
275,53,0.0,NO
276,397,0.0,NO
277,54,0.0,NO
278,104,0.02,NO
279,119,0.01,NO
280,514,0.34,NO
281,152,0.0,NO
282,95,0.12657142857142858,NO
283,415,0.0,NO
284,131,0.0,NO
285,45,0.0,NO
286,156,0.02,NO
287,166,0.195,NO
288,43,0.0,NO
289,74,0.03,NO
290,302,0.48333333333333334,NO
291,494,0.27,NO
292,421,0.18,NO
293,723,0.4098333333333333,NO
294,550,0.51,NO
295,493,0.27,NO
296,416,0.12,NO
297,359,0.0,NO
298,66,0.03,NO
299,62,0.0,NO
300,45,0.0,NO
301,41,0.0,NO
302,47,0.0,NO
303,55,0.0,NO
304,1456,0.05,NO
305,187,0.07,NO
306,163,0.07,NO
307,142,0.23571428571428574,NO
308,73,0.08,NO
309,108,0.4164004329004328,NO
310,20,0.0,NO
311,60,0.0,NO
312,84,0.022142857142857148,NO
313,82,0.03502564102564101,NO
314,86,0.05358333333333334,NO
315,67,0.01,NO
316,20,0.0,NO
317,60,0.02,NO
318,88,0.26,NO
319,47,0.015,NO
320,76,0.09,NO
321,21,0.0,NO
322,53,0.0,NO
323,114,0.5783333333333333,NO
324,121,0.13578571428571426,NO
325,78,0.829202380952381,NO
326,20,0.0,NO
327,69,0.1235,NO
328,80,0.17600000000000002,NO
329,79,0.06833333333333334,NO
330,81,0.28657142857142853,NO
331,88,0.1,NO
332,20,0.0,NO
333,105,0.158,NO
334,60,0.0,NO
335,50,0.0,NO
336,28,0.0,NO
337,129,0.47,NO
338,43,0.05266666666666667,NO
339,76,0.0,NO
340,63,0.0,NO
341,65,0.13416666666666666,NO
342,76,0.09,NO
343,45,0.0,NO
344,20,0.0,NO
345,126,0.0,NO
