ID, Size, Predicted, Actual
0,198,7.880220646178092E-5,NO
1,107,7.880220646178092E-5,NO
2,69,7.880220646178092E-5,NO
3,70,7.880220646178092E-5,NO
4,30,7.880220646178092E-5,NO
5,553,3.15059861373661E-4,NO
6,685,3.15059861373661E-4,NO
7,526,3.15059861373661E-4,NO
8,1473,1.575795776867318E-4,NO
9,1077,1.575795776867318E-4,NO
10,1320,1.575795776867318E-4,NO
11,410,3.15059861373661E-4,NO
12,1296,1.575795776867318E-4,NO
13,1318,1.575795776867318E-4,NO
14,260,7.880220646178092E-5,NO
15,113,7.880220646178092E-5,NO
16,90,7.880220646178092E-5,NO
17,313,7.880220646178092E-5,NO
18,209,7.880220646178092E-5,NO
19,3340,7.880220646178092E-5,NO
20,68,7.880220646178092E-5,NO
21,300,7.880220646178092E-5,NO
22,202,7.880220646178092E-5,NO
23,389,7.880220646178092E-5,NO
24,70,7.880220646178092E-5,NO
25,296,7.880220646178092E-5,NO
26,92,7.880220646178092E-5,NO
27,192,7.880220646178092E-5,NO
28,66,7.880220646178092E-5,NO
29,463,3.15059861373661E-4,NO
30,169,7.880220646178092E-5,NO
31,384,7.880220646178092E-5,NO
32,195,7.880220646178092E-5,NO
33,1118,1.575795776867318E-4,NO
34,78,7.880220646178092E-5,NO
35,100,7.880220646178092E-5,NO
36,104,7.880220646178092E-5,NO
37,43,7.880220646178092E-5,NO
38,311,7.880220646178092E-5,NO
39,834,3.15059861373661E-4,NO
40,57,7.880220646178092E-5,NO
41,259,7.880220646178092E-5,NO
42,399,7.880220646178092E-5,NO
43,233,7.880220646178092E-5,NO
44,74,7.880220646178092E-5,NO
45,55,7.880220646178092E-5,NO
46,229,7.880220646178092E-5,NO
47,373,7.880220646178092E-5,NO
48,21,7.880220646178092E-5,NO
49,926,3.15059861373661E-4,NO
50,21,7.880220646178092E-5,NO
51,621,3.15059861373661E-4,NO
52,37,7.880220646178092E-5,NO
53,35,7.880220646178092E-5,NO
54,32,7.880220646178092E-5,NO
55,83,7.880220646178092E-5,NO
56,458,3.15059861373661E-4,NO
57,54,7.880220646178092E-5,NO
58,92,7.880220646178092E-5,NO
59,32,7.880220646178092E-5,NO
60,536,3.15059861373661E-4,NO
61,24,7.880220646178092E-5,NO
62,37,7.880220646178092E-5,NO
63,34,7.880220646178092E-5,NO
64,34,7.880220646178092E-5,NO
65,25,7.880220646178092E-5,NO
66,21,7.880220646178092E-5,NO
67,76,7.880220646178092E-5,NO
68,31,3.15059861373661E-4,NO
69,32,7.880220646178092E-5,NO
70,186,7.880220646178092E-5,NO
71,91,7.880220646178092E-5,NO
72,356,7.880220646178092E-5,NO
73,28,7.880220646178092E-5,NO
74,40,7.880220646178092E-5,NO
75,21,7.880220646178092E-5,NO
76,54,7.880220646178092E-5,NO
77,103,7.880220646178092E-5,NO
78,76,7.880220646178092E-5,NO
79,29,7.880220646178092E-5,NO
80,47,7.880220646178092E-5,NO
81,132,7.880220646178092E-5,NO
82,21,7.880220646178092E-5,NO
83,41,7.880220646178092E-5,NO
84,43,7.880220646178092E-5,NO
85,34,7.880220646178092E-5,NO
86,21,7.880220646178092E-5,NO
87,98,7.880220646178092E-5,NO
88,61,7.880220646178092E-5,NO
89,124,7.880220646178092E-5,NO
90,89,7.880220646178092E-5,NO
91,374,7.880220646178092E-5,NO
92,133,7.880220646178092E-5,NO
93,750,3.15059861373661E-4,NO
94,164,7.880220646178092E-5,NO
95,103,7.880220646178092E-5,NO
96,361,7.880220646178092E-5,NO
97,21,7.880220646178092E-5,NO
98,128,7.880220646178092E-5,NO
99,175,7.880220646178092E-5,NO
100,37,7.880220646178092E-5,NO
101,60,7.880220646178092E-5,NO
102,21,7.880220646178092E-5,NO
103,41,7.880220646178092E-5,NO
104,183,7.880220646178092E-5,NO
105,57,7.880220646178092E-5,NO
106,60,7.880220646178092E-5,NO
107,34,7.880220646178092E-5,NO
108,21,7.880220646178092E-5,NO
109,76,7.880220646178092E-5,NO
110,73,7.880220646178092E-5,NO
111,58,7.880220646178092E-5,NO
112,54,7.880220646178092E-5,NO
113,24,7.880220646178092E-5,NO
114,21,7.880220646178092E-5,NO
115,519,3.15059861373661E-4,NO
116,43,7.880220646178092E-5,NO
117,33,7.880220646178092E-5,NO
118,36,7.880220646178092E-5,NO
119,38,7.880220646178092E-5,NO
120,28,7.880220646178092E-5,NO
121,34,7.880220646178092E-5,NO
122,36,7.880220646178092E-5,NO
123,34,7.880220646178092E-5,NO
124,95,7.880220646178092E-5,NO
125,126,7.880220646178092E-5,NO
126,38,7.880220646178092E-5,NO
127,1336,1.575795776867318E-4,NO
128,133,7.880220646178092E-5,NO
129,21,7.880220646178092E-5,NO
130,228,7.880220646178092E-5,NO
131,72,7.880220646178092E-5,NO
132,42,7.880220646178092E-5,NO
133,162,7.880220646178092E-5,NO
134,87,7.880220646178092E-5,NO
135,33,7.880220646178092E-5,NO
136,34,7.880220646178092E-5,NO
137,46,7.880220646178092E-5,NO
138,21,7.880220646178092E-5,NO
139,400,7.880220646178092E-5,NO
140,39,7.880220646178092E-5,NO
141,225,7.880220646178092E-5,NO
142,51,7.880220646178092E-5,NO
143,66,7.880220646178092E-5,NO
144,184,7.880220646178092E-5,NO
145,51,7.880220646178092E-5,NO
146,120,7.880220646178092E-5,NO
147,69,7.880220646178092E-5,NO
148,21,7.880220646178092E-5,NO
149,180,7.880220646178092E-5,NO
150,211,7.880220646178092E-5,NO
151,61,7.880220646178092E-5,NO
152,21,7.880220646178092E-5,NO
153,113,7.880220646178092E-5,NO
154,66,7.880220646178092E-5,NO
155,72,7.880220646178092E-5,NO
156,74,7.880220646178092E-5,NO
157,33,7.880220646178092E-5,NO
158,21,7.880220646178092E-5,NO
159,24,7.880220646178092E-5,NO
160,63,7.880220646178092E-5,NO
161,58,7.880220646178092E-5,NO
162,45,7.880220646178092E-5,NO
163,84,7.880220646178092E-5,NO
164,1526,1.575795776867318E-4,NO
165,21,7.880220646178092E-5,NO
166,46,7.880220646178092E-5,NO
167,46,7.880220646178092E-5,NO
168,51,7.880220646178092E-5,NO
169,38,7.880220646178092E-5,NO
170,40,7.880220646178092E-5,NO
171,109,7.880220646178092E-5,NO
172,172,7.880220646178092E-5,NO
173,51,7.880220646178092E-5,NO
174,60,7.880220646178092E-5,NO
175,42,7.880220646178092E-5,NO
176,59,7.880220646178092E-5,NO
177,120,7.880220646178092E-5,NO
178,151,7.880220646178092E-5,NO
179,2679,7.880220646178092E-5,NO
180,243,7.880220646178092E-5,NO
181,21,7.880220646178092E-5,NO
182,102,7.880220646178092E-5,NO
183,56,7.880220646178092E-5,NO
184,65,7.880220646178092E-5,NO
185,227,7.880220646178092E-5,NO
186,134,7.880220646178092E-5,NO
187,502,3.15059861373661E-4,NO
188,179,7.880220646178092E-5,NO
189,131,7.880220646178092E-5,NO
190,241,7.880220646178092E-5,NO
191,480,3.15059861373661E-4,NO
192,47,7.880220646178092E-5,NO
193,83,7.880220646178092E-5,NO
194,115,7.880220646178092E-5,NO
195,56,7.880220646178092E-5,NO
196,31,7.880220646178092E-5,NO
197,100,7.880220646178092E-5,NO
198,31,7.880220646178092E-5,NO
199,39,7.880220646178092E-5,NO
200,97,7.880220646178092E-5,NO
201,569,3.15059861373661E-4,NO
202,21,7.880220646178092E-5,NO
203,45,7.880220646178092E-5,NO
204,63,7.880220646178092E-5,NO
205,103,7.880220646178092E-5,NO
206,66,7.880220646178092E-5,NO
207,194,7.880220646178092E-5,NO
208,40,7.880220646178092E-5,NO
209,212,7.880220646178092E-5,NO
210,559,3.15059861373661E-4,NO
211,145,7.880220646178092E-5,NO
212,207,7.880220646178092E-5,NO
213,336,7.880220646178092E-5,NO
214,350,7.880220646178092E-5,NO
215,588,3.15059861373661E-4,NO
216,2109,7.880220646178092E-5,NO
217,1278,1.575795776867318E-4,NO
218,426,3.15059861373661E-4,NO
219,481,3.15059861373661E-4,NO
220,794,3.15059861373661E-4,NO
221,88,7.880220646178092E-5,NO
222,307,7.880220646178092E-5,NO
223,62,7.880220646178092E-5,NO
224,212,7.880220646178092E-5,NO
225,105,7.880220646178092E-5,NO
226,345,7.880220646178092E-5,NO
227,81,7.880220646178092E-5,NO
228,257,7.880220646178092E-5,NO
229,408,3.15059861373661E-4,NO
230,169,7.880220646178092E-5,NO
231,106,7.880220646178092E-5,NO
232,162,7.880220646178092E-5,NO
233,245,7.880220646178092E-5,NO
234,322,7.880220646178092E-5,NO
235,169,7.880220646178092E-5,NO
236,166,7.880220646178092E-5,NO
237,370,7.880220646178092E-5,NO
238,202,7.880220646178092E-5,NO
239,419,3.15059861373661E-4,NO
240,254,7.880220646178092E-5,NO
241,349,7.880220646178092E-5,NO
242,205,7.880220646178092E-5,NO
243,437,3.15059861373661E-4,NO
244,95,7.880220646178092E-5,NO
245,53,7.880220646178092E-5,NO
246,154,7.880220646178092E-5,NO
247,177,7.880220646178092E-5,NO
248,149,7.880220646178092E-5,NO
249,177,7.880220646178092E-5,NO
250,375,7.880220646178092E-5,NO
251,310,7.880220646178092E-5,NO
252,67,7.880220646178092E-5,NO
253,46,7.880220646178092E-5,NO
254,157,3.15059861373661E-4,NO
255,101,7.880220646178092E-5,NO
256,261,7.880220646178092E-5,NO
257,65,7.880220646178092E-5,NO
258,160,7.880220646178092E-5,NO
259,115,7.880220646178092E-5,NO
260,74,7.880220646178092E-5,NO
261,733,3.15059861373661E-4,NO
262,186,7.880220646178092E-5,NO
263,447,3.15059861373661E-4,NO
264,59,7.880220646178092E-5,NO
265,319,7.880220646178092E-5,NO
266,204,7.880220646178092E-5,NO
267,60,7.880220646178092E-5,NO
268,835,3.15059861373661E-4,NO
269,1175,1.575795776867318E-4,NO
270,220,7.880220646178092E-5,NO
271,63,7.880220646178092E-5,NO
272,194,7.880220646178092E-5,NO
273,283,7.880220646178092E-5,NO
274,199,7.880220646178092E-5,NO
275,124,7.880220646178092E-5,NO
276,96,7.880220646178092E-5,NO
277,82,7.880220646178092E-5,NO
278,99,7.880220646178092E-5,NO
279,128,7.880220646178092E-5,NO
280,227,7.880220646178092E-5,NO
281,53,7.880220646178092E-5,NO
282,273,7.880220646178092E-5,NO
283,71,7.880220646178092E-5,NO
284,91,7.880220646178092E-5,NO
285,205,7.880220646178092E-5,NO
286,42,7.880220646178092E-5,NO
287,126,7.880220646178092E-5,NO
288,97,7.880220646178092E-5,NO
289,86,7.880220646178092E-5,NO
290,78,7.880220646178092E-5,NO
