ID, Size, Predicted, Actual
0,227,0.0,NO
1,276,0.0,NO
2,460,0.46633333333333327,NO
3,138,0.12650191475191477,NO
4,355,0.0,NO
5,23,0.0,NO
6,48,0.0,NO
7,59,0.0,NO
8,79,0.0,NO
9,67,0.0,NO
10,49,0.0,NO
11,40,0.0,NO
12,20,0.0,NO
13,42,0.0,NO
14,36,0.06069673260654349,NO
15,31,0.0,NO
16,30,0.0,NO
17,71,0.0,NO
18,57,0.0,NO
19,20,0.0,NO
20,89,0.0,NO
21,60,0.04092313663426719,NO
22,102,0.009446072731462932,NO
23,20,0.0,NO
24,93,0.0572181688560912,NO
25,59,0.0,NO
26,111,0.0,NO
27,20,0.0,NO
28,31,0.0,NO
29,109,0.1632645838423703,NO
30,44,0.0,NO
31,72,0.022535313388912372,NO
32,99,0.0682675140219258,NO
33,103,0.059962381214965124,NO
34,20,0.0,NO
35,137,1.0,YES
36,1699,0.16,NO
37,45,0.05296891012183971,NO
38,200,0.0,NO
39,2582,0.0,NO
40,55,0.0,NO
41,204,0.08441462703962702,NO
42,59,0.0,NO
43,102,0.009446072731462932,NO
44,34,0.0,NO
45,83,0.0820976637406186,NO
46,114,0.48399999999999993,NO
47,60,0.04092313663426719,NO
48,512,0.02,NO
49,87,0.08836262348762347,NO
50,130,0.4907204184704185,NO
51,37,0.0,NO
52,101,0.06499720329667873,NO
53,1185,0.0,NO
54,455,0.5683333333333334,NO
55,40,0.0,NO
56,518,0.36,NO
57,382,0.0,NO
58,49,0.0,NO
59,585,0.12166666666666666,NO
60,32,0.10370675409031553,NO
61,73,0.0,NO
62,633,0.22216666666666668,NO
63,681,0.19,NO
64,470,0.01,NO
65,1015,0.33,NO
66,278,0.0,NO
67,31,0.0,NO
68,36,0.06069673260654349,NO
69,58,0.0310385967644486,NO
70,172,0.0,NO
71,86,0.0,NO
72,162,0.13190922176640307,NO
73,53,0.0,NO
74,415,0.0,NO
75,200,0.0,NO
76,264,0.0,NO
77,166,0.0,NO
78,38,0.08116324161185247,NO
79,117,0.06481048540084078,NO
80,85,0.0,NO
81,66,0.0,NO
82,60,0.04092313663426719,NO
83,37,0.0,NO
84,233,0.011000000000000001,NO
85,37,0.0,NO
86,239,0.0,NO
87,40,0.0,NO
88,208,0.4111666666666667,NO
89,189,0.0,NO
90,22,0.0,NO
91,262,0.03266666666666666,NO
92,489,0.6,NO
93,1418,0.36,NO
94,1376,0.95,NO
95,66,0.0,NO
96,438,0.0,NO
97,430,0.87,NO
98,35,0.04492530490693044,NO
99,53,0.0,NO
100,197,0.40791666666666676,NO
101,108,0.14974623044691357,NO
102,237,0.1438152680652681,NO
103,119,0.0,NO
104,334,0.145,NO
105,161,0.035556776340125384,NO
106,136,0.005,NO
107,281,0.0,NO
108,203,0.02897258297258297,NO
109,97,0.0,NO
110,107,0.0,NO
111,148,0.11917123970696104,NO
112,462,0.07600000000000001,NO
113,1856,0.0,NO
114,245,0.0,NO
115,634,0.32,NO
116,214,0.0575993859311197,NO
117,259,0.10600000000000001,NO
118,90,0.11932705129292642,NO
119,93,0.0572181688560912,NO
120,337,0.035,NO
121,149,0.3651565656565656,NO
122,611,0.15533333333333332,NO
123,115,0.0,NO
124,193,1.0,YES
125,815,1.0,YES
126,591,0.0,NO
127,141,0.0,NO
128,179,0.0,NO
129,606,1.0,YES
130,141,0.0,NO
131,42,0.0,NO
132,42,0.0,NO
133,85,0.0,NO
134,69,0.032261055238657035,NO
135,471,0.0,NO
136,106,0.0765294476356636,NO
137,250,0.2503023088023088,NO
138,162,0.13190922176640307,NO
139,24,0.0,NO
140,56,0.03083503615323765,NO
141,51,0.0,NO
142,22,0.0,NO
143,24,0.0,NO
144,488,0.13,NO
145,1624,0.17,NO
146,47,0.0,NO
147,2307,0.0,NO
148,85,0.0,NO
149,50,0.0,NO
150,44,0.0,NO
151,52,0.22035488848956342,NO
152,41,0.0,NO
153,48,0.0,NO
154,110,0.0,NO
155,69,0.032261055238657035,NO
156,20,0.0,NO
157,213,0.0,NO
158,542,0.4032023809523809,NO
159,233,0.011000000000000001,NO
160,134,0.0,NO
161,104,0.08188883462168886,NO
162,121,0.17614896214896208,NO
163,39,0.0,NO
164,41,0.0,NO
165,248,0.0,NO
166,215,0.0,NO
167,269,0.5823214285714285,NO
168,165,0.07330852480852477,NO
169,277,0.0,NO
170,100,0.08040412327878085,NO
171,358,0.0,NO
172,29,0.0837955264979259,NO
173,339,0.07147619047619047,NO
174,719,0.07,NO
175,141,0.0,NO
176,801,0.0,NO
177,77,0.049671307089845226,NO
178,97,0.0,NO
179,380,0.0,NO
180,214,0.0575993859311197,NO
181,38,0.08116324161185247,NO
182,79,0.0,NO
183,25,0.0,NO
184,84,0.030155516407153405,NO
185,34,0.0,NO
186,33,0.0,NO
187,104,0.08188883462168886,NO
188,193,0.24003835053835051,NO
189,70,0.0,NO
190,140,0.0,NO
191,22,0.0,NO
192,158,0.0,NO
193,142,0.0,NO
194,109,0.1632645838423703,NO
195,158,1.0,YES
196,31,0.0,NO
197,344,0.14733333333333332,NO
198,71,1.0,YES
199,84,1.0,YES
200,79,1.0,YES
201,881,1.0,YES
202,64,0.05446016211758576,NO
203,199,0.1551958874458875,NO
204,261,1.0,YES
205,155,0.14490856365856372,NO
206,42,0.0,NO
207,405,0.4860952380952381,NO
208,248,0.0,NO
209,541,0.09809523809523811,NO
210,28,0.0,NO
211,452,0.705,NO
212,474,0.0,NO
213,379,0.0,NO
214,83,0.0820976637406186,NO
215,393,0.1,NO
216,458,0.5101666666666667,NO
217,248,0.0,NO
218,28,0.0,NO
219,69,0.032261055238657035,NO
220,116,0.021314498077016592,NO
221,100,0.08040412327878085,NO
222,46,0.0,NO
223,226,0.0,NO
224,79,0.0,NO
225,93,0.0572181688560912,NO
226,2156,0.0,NO
227,41,0.0,NO
228,64,0.05446016211758576,NO
229,149,0.3651565656565656,NO
230,334,0.145,NO
231,114,0.48399999999999993,NO
232,66,0.0,NO
233,38,0.08116324161185247,NO
234,46,0.0,NO
235,101,0.06499720329667873,NO
236,111,0.0,NO
237,156,0.0,NO
238,113,0.016666666666666663,NO
239,770,0.55,NO
240,392,0.0,NO
241,330,0.5105238095238096,NO
242,139,0.0,NO
243,59,0.0,NO
244,78,0.2513106541538059,NO
245,49,0.0,NO
246,511,0.82,NO
247,42,0.0,NO
248,75,0.09614244454376038,NO
249,219,0.0,NO
250,103,0.059962381214965124,NO
251,158,0.0,NO
252,190,0.0,NO
253,88,0.2888920181079049,NO
254,248,0.0,NO
255,276,0.0,NO
256,60,0.04092313663426719,NO
257,35,0.04492530490693044,NO
258,63,0.02187110165935582,NO
259,79,0.0,NO
260,174,0.0,NO
261,148,0.11917123970696104,NO
262,34,0.0,NO
263,35,0.04492530490693044,NO
264,45,0.05296891012183971,NO
265,293,0.0,NO
266,57,0.0,NO
267,39,0.0,NO
268,57,0.0,NO
269,277,0.0,NO
270,468,0.33,NO
271,75,0.09614244454376038,NO
272,666,0.0,NO
273,53,0.0,NO
274,145,0.033,NO
275,53,0.0,NO
276,397,0.64,NO
277,54,0.0,NO
278,104,0.08188883462168886,NO
279,119,0.0,NO
280,514,0.67,NO
281,152,0.0,NO
282,95,0.00125,NO
283,415,0.0,NO
284,131,0.09814584027084028,NO
285,45,0.05296891012183971,NO
286,156,0.0,NO
287,166,0.0,NO
288,43,0.04018885930536,NO
289,74,0.03214783537473269,NO
290,302,0.075,NO
291,494,0.0,NO
292,421,0.0,NO
293,723,0.01,NO
294,550,0.0,NO
295,493,0.0,NO
296,416,0.0,NO
297,359,0.0,NO
298,66,0.0,NO
299,62,0.0,NO
300,45,0.05296891012183971,NO
301,41,0.0,NO
302,47,0.0,NO
303,55,0.0,NO
304,1456,0.06,NO
305,187,0.0,NO
306,163,0.0,NO
307,142,0.0,NO
308,73,0.0,NO
309,108,0.14974623044691357,NO
310,20,0.0,NO
311,60,0.04092313663426719,NO
312,84,0.030155516407153405,NO
313,82,0.0,NO
314,86,0.0,NO
315,67,0.0,NO
316,20,0.0,NO
317,60,0.04092313663426719,NO
318,88,0.2888920181079049,NO
319,47,0.0,NO
320,76,0.0,NO
321,21,0.0,NO
322,53,0.0,NO
323,114,0.48399999999999993,NO
324,121,0.17614896214896208,NO
325,78,0.2513106541538059,NO
326,20,0.0,NO
327,69,0.032261055238657035,NO
328,80,0.0044444444444444444,NO
329,79,0.0,NO
330,81,0.41458982683982676,NO
331,88,0.2888920181079049,NO
332,20,0.0,NO
333,105,0.29650757380808856,NO
334,60,0.04092313663426719,NO
335,50,0.0,NO
336,28,0.0,NO
337,129,0.06837650939569098,NO
338,43,0.04018885930536,NO
339,76,0.0,NO
340,63,0.02187110165935582,NO
341,65,0.0,NO
342,76,0.0,NO
343,45,0.05296891012183971,NO
344,20,0.0,NO
345,126,0.2104805194805195,NO
