ID, Size, Predicted, Actual
0,215,0.29023516315683273,NO
1,271,0.2963066981251172,YES
2,458,0.328559301072598,YES
3,137,0.27448870854563695,YES
4,357,0.30406995049956237,YES
5,1242,1.0,YES
6,51,0.2659407200245277,NO
7,154,0.2672071069338277,YES
8,31,0.26222202195692956,NO
9,928,0.999925052021822,YES
10,180,0.2793372024617458,NO
11,260,0.9990410806042488,YES
12,551,1.0,YES
13,40,0.26222202195692956,NO
14,361,0.4856982969846724,YES
15,388,0.49471152549769015,YES
16,51,0.25418717485958336,NO
17,577,0.98662461186046,NO
18,32,0.26222202195692956,NO
19,66,0.2659407200245277,NO
20,188,0.9992477643665986,YES
21,582,1.0,YES
22,158,0.2672071069338277,YES
23,50,0.25418717485958336,NO
24,27,0.26222202195692956,NO
25,928,1.0,YES
26,60,0.2659407200245277,NO
27,62,0.25418717485958336,NO
28,87,0.25815589568363956,NO
29,52,0.25418717485958336,NO
30,268,1.0,YES
31,163,0.2793372024617458,NO
32,109,0.25815589568363956,NO
33,147,0.27448870854563695,NO
34,58,0.25418717485958336,NO
35,44,0.26222202195692956,NO
36,106,0.25815589568363956,NO
37,139,0.27448870854563695,NO
38,326,0.8200697653180185,NO
39,648,0.9999999999999251,YES
40,778,1.0,YES
41,314,0.4771167760675509,YES
42,55,0.2659407200245277,NO
43,191,0.27231060210120517,NO
44,90,0.42927579104379365,NO
45,273,0.8104829201272175,NO
46,137,0.9997861757524563,YES
47,79,0.9988856570281767,YES
48,82,0.25418717485958336,NO
49,147,0.9999817584086449,YES
50,422,0.9998382074153025,YES
51,978,1.0,YES
52,467,1.0,YES
53,189,0.9989849969411324,YES
54,153,0.9989583842739465,YES
55,84,0.27002651146202394,YES
56,182,1.0,YES
57,358,1.0,YES
58,126,1.0,YES
59,106,0.9989086017758525,YES
60,109,0.42927579104379365,NO
61,85,0.27002651146202394,NO
62,236,0.9998021624811996,YES
63,314,0.8200697653180185,YES
64,694,0.9999903998785423,YES
65,27,0.26222202195692956,NO
66,89,0.997644008102679,YES
67,301,0.9999994333948053,YES
68,153,0.9787930811212703,NO
69,92,0.7897817881700537,NO
70,466,0.984111185136643,YES
71,93,0.7897817881700537,NO
72,244,0.979875790026615,NO
73,192,0.44715756254782524,NO
74,250,0.8104829201272175,YES
75,109,0.42927579104379365,NO
76,601,0.5574477967275239,NO
77,565,1.0,YES
78,69,0.9988856570281767,YES
79,77,0.25418717485958336,NO
80,94,0.25815589568363956,NO
81,337,0.2968452912361065,NO
82,214,0.2778142613434235,NO
83,79,0.25418717485958336,NO
84,25,0.2505767259763137,NO
85,84,0.25815589568363956,NO
86,34,0.2505767259763137,NO
87,33,0.2505767259763137,NO
88,104,0.25815589568363956,NO
89,172,0.2672071069338277,NO
90,70,0.25418717485958336,NO
91,140,0.26249246880542565,NO
92,154,0.2672071069338277,YES
93,248,0.2837298294231005,NO
94,275,1.0,YES
95,176,0.2672071069338277,NO
96,624,1.0,YES
97,91,0.997644008102679,YES
98,58,0.2659407200245277,YES
99,132,0.26249246880542565,NO
100,4088,1.0,YES
101,558,0.9993171779466288,YES
102,727,1.0,YES
103,150,0.2672071069338277,YES
104,503,0.8462679984951476,YES
105,325,0.9816294671881587,YES
106,273,0.9999836097422707,YES
107,136,0.9989328811075359,YES
108,56,0.25418717485958336,NO
109,74,0.4241805896756502,NO
110,357,0.999990552614399,YES
111,174,0.2793372024617458,NO
112,148,0.2793372024617458,NO
113,92,0.27002651146202394,NO
114,45,0.4195137474308157,NO
115,168,0.9989583842739465,YES
116,77,0.2659407200245277,NO
117,664,0.4058045714413593,YES
118,88,0.25815589568363956,NO
119,260,0.4612612950099489,YES
120,54,0.2659407200245277,NO
121,48,0.2505767259763137,NO
122,140,1.0,YES
123,152,0.44076199386082987,NO
124,39,0.26222202195692956,NO
125,131,0.26249246880542565,NO
126,47,0.26222202195692956,NO
127,129,0.9989328811075359,YES
128,43,0.26222202195692956,NO
129,243,0.8059422772093024,NO
130,62,0.9988856570281767,YES
131,45,0.2505767259763137,NO
132,94,0.25815589568363956,YES
133,72,0.2659407200245277,NO
134,42,0.26222202195692956,NO
135,48,0.26222202195692956,NO
136,89,0.9989086017758525,YES
137,380,0.999161331031781,YES
138,138,0.26249246880542565,YES
139,142,0.4348020992691819,YES
140,191,0.27231060210120517,NO
141,46,0.26222202195692956,NO
142,165,0.2793372024617458,NO
143,171,0.44076199386082987,NO
144,56,0.25418717485958336,NO
145,179,1.0,YES
146,74,0.2659407200245277,NO
147,36,0.26222202195692956,NO
148,37,0.26222202195692956,NO
149,34,0.9975481837429075,YES
150,34,0.9975481837429075,YES
151,38,0.26222202195692956,NO
152,39,0.26222202195692956,NO
153,156,0.2672071069338277,NO
154,84,0.25815589568363956,NO
155,117,0.9989328811075359,YES
156,94,0.42927579104379365,NO
157,71,0.4241805896756502,NO
158,183,1.0,YES
159,85,0.42927579104379365,NO
160,183,0.9989849969411324,YES
161,70,0.4241805896756502,NO
162,54,0.25418717485958336,NO
163,160,0.2672071069338277,NO
164,125,1.0,YES
165,151,1.0,YES
166,421,1.0,YES
167,219,0.9998021624811996,YES
168,50,0.25418717485958336,NO
169,42,0.998864153192692,YES
170,624,0.5692351011210286,NO
171,377,1.0,YES
172,383,0.999161331031781,YES
173,72,0.25418717485958336,NO
174,92,0.25815589568363956,NO
175,284,0.46897040896806846,YES
176,371,0.30406995049956237,NO
177,47,0.2505767259763137,NO
178,108,0.9989086017758525,YES
179,111,0.25815589568363956,NO
180,319,0.9991001779121023,YES
181,129,0.9989328811075359,YES
182,49,0.2505767259763137,NO
183,358,1.0,YES
184,277,1.0,YES
185,49,0.4195137474308157,NO
186,89,0.25815589568363956,NO
187,41,0.26222202195692956,NO
188,66,0.2659407200245277,NO
189,63,0.2659407200245277,NO
190,24,0.2505767259763137,NO
191,50,0.25418717485958336,NO
192,72,0.4241805896756502,NO
193,47,0.2505767259763137,NO
194,47,0.26222202195692956,NO
195,183,0.28458240247188005,NO
196,49,0.26222202195692956,NO
197,50,0.2659407200245277,NO
198,98,0.27002651146202394,NO
199,143,0.27448870854563695,NO
200,43,0.26222202195692956,NO
201,42,0.26222202195692956,NO
202,56,0.2659407200245277,NO
203,44,0.2505767259763137,NO
204,26,0.2505767259763137,NO
205,254,1.0,YES
206,16883,1.0,YES
207,74,0.25418717485958336,NO
208,153,0.2793372024617458,NO
209,68,0.4241805896756502,NO
210,100,0.25815589568363956,NO
211,549,0.9860006478203254,YES
212,437,0.319914960532742,NO
213,1033,0.9997728617364667,YES
214,101,0.25815589568363956,YES
215,331,0.4771167760675509,YES
216,123,0.27448870854563695,NO
217,106,0.25815589568363956,NO
218,106,0.25815589568363956,NO
219,93,0.25815589568363956,YES
220,101,0.27002651146202394,YES
221,38,0.9975481837429075,YES
222,584,1.0,YES
223,32,0.26222202195692956,NO
224,111,0.27002651146202394,NO
225,35,0.26222202195692956,NO
226,90,0.997644008102679,YES
227,27,0.26222202195692956,NO
228,28,0.26222202195692956,NO
229,92,0.9999813429260971,YES
230,885,1.0,YES
231,67,0.2659407200245277,NO
232,29,0.26222202195692956,NO
233,105,0.25815589568363956,NO
234,72,0.2659407200245277,NO
235,37,0.26222202195692956,NO
236,47,0.2505767259763137,NO
237,31,0.26222202195692956,NO
238,90,0.42927579104379365,NO
239,223,0.9999999911816848,YES
240,214,0.4539903665583669,NO
241,107,0.42927579104379365,NO
242,37,0.26222202195692956,NO
243,27,0.26222202195692956,NO
244,48,0.26222202195692956,NO
245,166,0.44076199386082987,YES
246,213,0.8015889557856638,NO
247,866,0.47273163868088214,YES
248,159,0.44076199386082987,NO
249,100,0.9989086017758525,YES
250,96,0.9989086017758525,YES
251,841,0.999999741783647,YES
252,525,1.0,YES
253,83,0.25815589568363956,NO
254,63,0.2659407200245277,NO
255,76,0.2659407200245277,NO
256,202,0.27231060210120517,NO
257,155,0.44076199386082987,YES
258,1262,1.0,YES
259,74,0.2659407200245277,NO
260,101,0.42927579104379365,NO
261,27,0.2505767259763137,NO
262,22,0.26222202195692956,NO
263,489,0.5242829181278001,YES
264,62,0.2659407200245277,NO
265,59,0.25418717485958336,NO
266,99,0.25815589568363956,NO
267,27,0.26222202195692956,NO
268,77,0.2659407200245277,NO
269,846,1.0,YES
270,64,1.0,YES
271,45,0.26222202195692956,NO
272,63,0.2659407200245277,NO
273,54,0.25418717485958336,NO
274,64,0.2659407200245277,NO
275,132,0.26249246880542565,NO
276,177,0.44076199386082987,NO
277,70,0.25418717485958336,NO
278,36,0.26222202195692956,NO
279,58,0.2659407200245277,NO
280,62,0.2659407200245277,NO
281,132,0.27448870854563695,NO
282,74,0.2659407200245277,NO
283,83,0.27002651146202394,YES
284,74,0.2659407200245277,NO
285,48,0.26222202195692956,NO
286,74,0.9975945414956278,YES
287,86,0.27002651146202394,NO
288,355,0.4856982969846724,NO
289,53,0.2659407200245277,NO
290,798,1.0,YES
291,75,0.4241805896756502,NO
292,125,1.0,YES
293,200,0.9999826501791446,YES
294,134,0.7934965636004995,NO
295,57,0.2659407200245277,NO
296,123,0.4348020992691819,NO
297,204,0.27231060210120517,NO
298,162,0.2672071069338277,NO
299,130,0.4348020992691819,NO
300,108,0.25815589568363956,NO
301,353,0.9991305567997281,YES
302,80,0.2659407200245277,NO
303,28,0.26222202195692956,NO
304,57,0.2659407200245277,NO
305,306,0.46897040896806846,YES
306,340,0.2968452912361065,YES
307,103,0.27002651146202394,NO
308,35,0.26222202195692956,NO
309,98,0.27002651146202394,NO
310,117,0.26249246880542565,YES
