ID, Size, Predicted, Actual
0,212,2.1872265966754156E-4,NO
1,274,4.372540445999125E-4,NO
2,461,0.9995627459554001,NO
3,138,4.372540445999125E-4,NO
4,358,1.4583637159107482E-4,NO
5,93,4.372540445999125E-4,NO
6,1371,0.9995627459554001,NO
7,51,8.751203290452439E-5,NO
8,45,4.372540445999125E-4,NO
9,157,1.4583637159107482E-4,NO
10,31,8.751203290452439E-5,NO
11,1708,4.372540445999125E-4,YES
12,55,4.372540445999125E-4,NO
13,204,4.372540445999125E-4,NO
14,55,4.372540445999125E-4,NO
15,103,4.372540445999125E-4,NO
16,34,4.372540445999125E-4,NO
17,83,4.372540445999125E-4,NO
18,488,4.372540445999125E-4,NO
19,83,4.372540445999125E-4,NO
20,129,4.372540445999125E-4,NO
21,885,0.9995627459554001,YES
22,440,0.9995627459554001,NO
23,40,8.751203290452439E-5,NO
24,391,4.372540445999125E-4,NO
25,393,0.9995627459554001,NO
26,51,1.0938525486764386E-4,NO
27,709,0.9995627459554001,YES
28,32,8.751203290452439E-5,NO
29,68,4.372540445999125E-4,NO
30,564,4.372540445999125E-4,NO
31,588,4.372540445999125E-4,NO
32,381,0.9995627459554001,NO
33,977,0.9995627459554001,YES
34,275,4.372540445999125E-4,NO
35,31,4.372540445999125E-4,NO
36,50,1.0938525486764386E-4,NO
37,27,8.751203290452439E-5,NO
38,183,4.372540445999125E-4,NO
39,50,4.372540445999125E-4,NO
40,62,1.0938525486764386E-4,NO
41,87,4.372540445999125E-4,NO
42,52,1.0938525486764386E-4,NO
43,419,4.372540445999125E-4,NO
44,224,4.372540445999125E-4,NO
45,118,2.1872265966754156E-4,NO
46,83,4.372540445999125E-4,NO
47,147,7.292882147024505E-5,NO
48,120,4.372540445999125E-4,NO
49,58,4.372540445999125E-4,NO
50,44,8.751203290452439E-5,NO
51,106,2.1872265966754156E-4,NO
52,238,4.372540445999125E-4,NO
53,43,8.751203290452439E-5,NO
54,195,0.9995627459554001,YES
55,189,4.372540445999125E-4,NO
56,151,2.1872265966754156E-4,NO
57,364,0.9995627459554001,NO
58,910,0.9995627459554001,NO
59,911,4.372540445999125E-4,NO
60,43,2.1872265966754156E-4,NO
61,325,0.9995627459554001,NO
62,27,2.1872265966754156E-4,NO
63,55,8.751203290452439E-5,NO
64,93,4.372540445999125E-4,NO
65,191,1.0938525486764386E-4,NO
66,90,1.0938525486764386E-4,NO
67,89,4.372540445999125E-4,NO
68,273,0.9995627459554001,NO
69,153,4.372540445999125E-4,NO
70,92,0.9995627459554001,NO
71,82,4.372540445999125E-4,NO
72,148,1.4583637159107482E-4,NO
73,433,0.9995627459554001,YES
74,1231,0.9995627459554001,YES
75,528,0.9995627459554001,YES
76,205,4.372540445999125E-4,NO
77,190,4.372540445999125E-4,NO
78,86,4.372540445999125E-4,NO
79,213,4.372540445999125E-4,NO
80,408,0.9995627459554001,NO
81,572,4.372540445999125E-4,NO
82,132,0.333381945457197,NO
83,168,0.333381945457197,NO
84,107,0.9995627459554001,YES
85,85,7.292882147024505E-5,NO
86,107,7.292882147024505E-5,NO
87,250,4.372540445999125E-4,NO
88,237,2.1872265966754156E-4,NO
89,622,0.9995627459554001,YES
90,47,2.1872265966754156E-4,NO
91,1487,0.9995627459554001,YES
92,27,8.751203290452439E-5,NO
93,89,1.0938525486764386E-4,NO
94,481,4.372540445999125E-4,NO
95,227,4.372540445999125E-4,NO
96,166,2.1872265966754156E-4,NO
97,92,1.4583637159107482E-4,YES
98,476,4.372540445999125E-4,NO
99,93,1.4583637159107482E-4,YES
100,244,1.0938525486764386E-4,NO
101,204,4.372540445999125E-4,NO
102,252,1.4583637159107482E-4,NO
103,119,0.333381945457197,NO
104,733,0.9995627459554001,NO
105,630,4.372540445999125E-4,NO
106,69,1.0938525486764386E-4,NO
107,77,1.0938525486764386E-4,NO
108,97,2.1872265966754156E-4,NO
109,380,4.372540445999125E-4,NO
110,214,1.0938525486764386E-4,NO
111,38,1.0938525486764386E-4,NO
112,79,1.0938525486764386E-4,NO
113,25,1.0938525486764386E-4,NO
114,84,1.0938525486764386E-4,NO
115,34,1.0938525486764386E-4,NO
116,33,1.0938525486764386E-4,NO
117,104,1.0938525486764386E-4,NO
118,193,1.4583637159107482E-4,NO
119,70,1.0938525486764386E-4,NO
120,140,1.0938525486764386E-4,NO
121,22,1.0938525486764386E-4,NO
122,156,1.4583637159107482E-4,NO
123,142,4.372540445999125E-4,NO
124,100,2.1872265966754156E-4,NO
125,153,4.372540445999125E-4,NO
126,31,2.1872265966754156E-4,NO
127,340,4.372540445999125E-4,NO
128,61,4.372540445999125E-4,NO
129,61,4.372540445999125E-4,NO
130,877,4.372540445999125E-4,NO
131,62,4.372540445999125E-4,NO
132,186,4.372540445999125E-4,NO
133,264,4.372540445999125E-4,NO
134,42,4.372540445999125E-4,NO
135,248,1.0938525486764386E-4,NO
136,358,4.372540445999125E-4,NO
137,199,4.372540445999125E-4,NO
138,330,4.372540445999125E-4,NO
139,346,1.4583637159107482E-4,NO
140,89,4.372540445999125E-4,NO
141,193,4.372540445999125E-4,NO
142,406,4.372540445999125E-4,NO
143,82,2.1872265966754156E-4,NO
144,53,1.4583637159107482E-4,NO
145,148,2.1872265966754156E-4,NO
146,4774,1.0938525486764386E-4,NO
147,4088,1.0938525486764386E-4,NO
148,93,4.372540445999125E-4,NO
149,78,4.372540445999125E-4,NO
150,74,4.372540445999125E-4,NO
151,978,0.9995627459554001,NO
152,37,1.4583637159107482E-4,NO
153,59,4.372540445999125E-4,NO
154,135,4.372540445999125E-4,NO
155,165,4.372540445999125E-4,NO
156,47,1.4583637159107482E-4,NO
157,101,1.4583637159107482E-4,NO
158,103,4.372540445999125E-4,NO
159,154,0.9995627459554001,YES
160,556,0.9995627459554001,NO
161,386,4.372540445999125E-4,NO
162,296,0.9995627459554001,NO
163,135,2.1872265966754156E-4,NO
164,56,1.0938525486764386E-4,NO
165,78,0.333381945457197,NO
166,35,4.372540445999125E-4,NO
167,467,0.9995627459554001,NO
168,174,4.372540445999125E-4,NO
169,148,4.372540445999125E-4,NO
170,88,1.4583637159107482E-4,NO
171,52,0.9995627459554001,YES
172,39,4.372540445999125E-4,NO
173,208,4.372540445999125E-4,NO
174,77,4.372540445999125E-4,NO
175,666,1.4583637159107482E-4,NO
176,146,4.372540445999125E-4,NO
177,302,4.372540445999125E-4,NO
178,54,7.292882147024505E-5,NO
179,87,4.372540445999125E-4,NO
180,119,0.9995627459554001,NO
181,200,0.9995627459554001,NO
182,152,1.0938525486764386E-4,NO
183,39,7.292882147024505E-5,NO
184,677,2.1872265966754156E-4,NO
185,131,1.0938525486764386E-4,NO
186,47,8.751203290452439E-5,NO
187,100,4.372540445999125E-4,NO
188,43,8.751203290452439E-5,NO
189,73,4.372540445999125E-4,NO
190,257,2.1872265966754156E-4,NO
191,62,1.0938525486764386E-4,NO
192,45,1.0938525486764386E-4,NO
193,41,4.372540445999125E-4,NO
194,47,4.372540445999125E-4,NO
195,55,4.372540445999125E-4,NO
196,1046,4.372540445999125E-4,NO
197,133,0.9995627459554001,NO
198,147,0.9995627459554001,NO
199,147,0.9995627459554001,YES
200,77,4.372540445999125E-4,NO
201,99,4.372540445999125E-4,NO
202,53,4.372540445999125E-4,NO
203,95,4.372540445999125E-4,NO
204,77,0.9995627459554001,YES
205,69,4.372540445999125E-4,NO
206,69,4.372540445999125E-4,NO
207,77,4.372540445999125E-4,NO
208,80,4.372540445999125E-4,NO
209,72,4.372540445999125E-4,NO
210,63,4.372540445999125E-4,NO
211,50,4.372540445999125E-4,NO
212,28,4.372540445999125E-4,NO
213,108,4.372540445999125E-4,NO
214,40,4.372540445999125E-4,NO
215,76,4.372540445999125E-4,NO
216,64,4.372540445999125E-4,NO
217,63,4.372540445999125E-4,NO
218,55,4.372540445999125E-4,NO
219,45,4.372540445999125E-4,NO
220,476,1.4583637159107482E-4,NO
221,77,1.4583637159107482E-4,NO
222,69,1.4583637159107482E-4,NO
223,104,1.4583637159107482E-4,NO
224,115,1.4583637159107482E-4,NO
225,421,1.4583637159107482E-4,NO
226,61,1.4583637159107482E-4,NO
227,2009,1.4583637159107482E-4,NO
228,179,1.4583637159107482E-4,NO
229,106,1.4583637159107482E-4,NO
230,33,1.4583637159107482E-4,NO
231,657,1.4583637159107482E-4,NO
232,295,1.4583637159107482E-4,NO
233,872,1.4583637159107482E-4,NO
234,444,1.4583637159107482E-4,NO
235,168,1.4583637159107482E-4,NO
236,752,1.4583637159107482E-4,NO
237,135,1.4583637159107482E-4,NO
238,1126,1.4583637159107482E-4,NO
239,163,1.4583637159107482E-4,NO
240,184,1.4583637159107482E-4,NO
241,51,1.4583637159107482E-4,NO
242,25,1.4583637159107482E-4,NO
243,180,1.4583637159107482E-4,NO
244,64,1.4583637159107482E-4,NO
245,101,1.4583637159107482E-4,NO
246,512,1.4583637159107482E-4,NO
247,187,1.4583637159107482E-4,NO
248,56,1.4583637159107482E-4,NO
249,39,1.4583637159107482E-4,NO
250,261,1.4583637159107482E-4,NO
251,73,1.4583637159107482E-4,NO
252,65,1.4583637159107482E-4,NO
253,329,1.4583637159107482E-4,NO
254,64,1.4583637159107482E-4,NO
255,164,1.4583637159107482E-4,NO
256,624,1.4583637159107482E-4,NO
257,74,1.4583637159107482E-4,NO
258,117,1.4583637159107482E-4,NO
259,84,1.4583637159107482E-4,NO
260,226,1.4583637159107482E-4,NO
261,76,1.4583637159107482E-4,NO
262,323,1.4583637159107482E-4,NO
263,72,7.292882147024505E-5,NO
264,42,7.292882147024505E-5,NO
265,48,7.292882147024505E-5,NO
266,89,1.0938525486764386E-4,NO
267,380,1.0938525486764386E-4,NO
268,141,1.4583637159107482E-4,NO
269,148,1.4583637159107482E-4,NO
270,191,1.0938525486764386E-4,NO
271,46,7.292882147024505E-5,NO
272,165,8.751203290452439E-5,NO
273,171,1.0938525486764386E-4,NO
274,56,1.0938525486764386E-4,NO
275,179,1.0938525486764386E-4,NO
276,74,7.292882147024505E-5,NO
277,36,8.751203290452439E-5,NO
278,37,7.292882147024505E-5,NO
279,34,1.0938525486764386E-4,NO
280,34,1.0938525486764386E-4,NO
281,38,7.292882147024505E-5,NO
282,39,7.292882147024505E-5,NO
283,156,1.0938525486764386E-4,NO
284,84,1.0938525486764386E-4,NO
285,117,1.0938525486764386E-4,NO
286,94,1.0938525486764386E-4,NO
287,71,1.0938525486764386E-4,NO
288,183,1.0938525486764386E-4,NO
289,85,1.0938525486764386E-4,NO
290,183,1.0938525486764386E-4,NO
291,70,1.0938525486764386E-4,NO
292,54,1.0938525486764386E-4,NO
293,160,1.0938525486764386E-4,NO
294,128,2.1872265966754156E-4,NO
295,151,1.0938525486764386E-4,NO
296,422,1.4583637159107482E-4,NO
297,221,1.4583637159107482E-4,NO
298,50,1.0938525486764386E-4,NO
299,42,1.0938525486764386E-4,NO
300,624,1.0938525486764386E-4,NO
301,377,1.0938525486764386E-4,NO
302,382,2.1872265966754156E-4,NO
303,72,1.0938525486764386E-4,NO
304,92,1.0938525486764386E-4,NO
305,282,1.4583637159107482E-4,NO
306,371,1.0938525486764386E-4,NO
307,47,1.0938525486764386E-4,NO
308,108,1.0938525486764386E-4,NO
309,111,1.0938525486764386E-4,NO
310,319,1.0938525486764386E-4,NO
311,129,1.0938525486764386E-4,NO
312,49,1.0938525486764386E-4,NO
313,358,1.0938525486764386E-4,NO
314,277,1.0938525486764386E-4,NO
315,49,1.0938525486764386E-4,NO
316,89,1.0938525486764386E-4,NO
317,41,7.292882147024505E-5,NO
318,66,7.292882147024505E-5,NO
319,63,8.751203290452439E-5,NO
320,24,1.0938525486764386E-4,NO
321,50,1.0938525486764386E-4,NO
322,72,1.0938525486764386E-4,NO
323,47,1.0938525486764386E-4,NO
324,47,7.292882147024505E-5,NO
325,183,7.292882147024505E-5,NO
326,49,7.292882147024505E-5,NO
327,50,7.292882147024505E-5,NO
328,98,7.292882147024505E-5,NO
329,143,8.751203290452439E-5,NO
330,43,7.292882147024505E-5,NO
331,42,7.292882147024505E-5,NO
332,56,8.751203290452439E-5,NO
333,44,1.0938525486764386E-4,NO
334,26,1.0938525486764386E-4,NO
335,254,1.0938525486764386E-4,NO
336,16883,1.0938525486764386E-4,NO
337,74,1.0938525486764386E-4,NO
338,153,7.292882147024505E-5,NO
339,68,1.0938525486764386E-4,NO
340,100,1.0938525486764386E-4,NO
341,550,1.4583637159107482E-4,NO
342,437,1.0938525486764386E-4,NO
343,1038,1.4583637159107482E-4,NO
344,104,1.4583637159107482E-4,NO
345,332,1.4583637159107482E-4,NO
346,123,8.751203290452439E-5,NO
347,106,1.0938525486764386E-4,NO
348,105,4.372540445999125E-4,NO
349,94,1.4583637159107482E-4,NO
350,101,1.4583637159107482E-4,NO
351,38,1.0938525486764386E-4,NO
352,666,0.5,NO
353,32,8.751203290452439E-5,NO
354,111,7.292882147024505E-5,NO
355,35,7.292882147024505E-5,NO
356,90,1.0938525486764386E-4,NO
357,27,7.292882147024505E-5,NO
358,28,7.292882147024505E-5,NO
359,92,1.0938525486764386E-4,NO
360,979,2.1872265966754156E-4,NO
361,67,8.751203290452439E-5,NO
362,29,7.292882147024505E-5,NO
363,105,1.0938525486764386E-4,NO
364,72,8.751203290452439E-5,NO
365,37,7.292882147024505E-5,NO
366,47,1.0938525486764386E-4,NO
367,31,8.751203290452439E-5,NO
368,90,1.0938525486764386E-4,NO
369,223,1.0938525486764386E-4,NO
370,214,1.0938525486764386E-4,NO
371,107,1.0938525486764386E-4,NO
372,37,8.751203290452439E-5,NO
373,27,8.751203290452439E-5,NO
374,48,8.751203290452439E-5,NO
375,167,1.4583637159107482E-4,NO
376,213,1.0938525486764386E-4,NO
377,867,1.4583637159107482E-4,NO
378,159,1.0938525486764386E-4,NO
379,100,1.0938525486764386E-4,NO
380,96,1.0938525486764386E-4,NO
381,842,1.4583637159107482E-4,NO
382,535,2.1872265966754156E-4,NO
383,83,1.0938525486764386E-4,NO
384,63,8.751203290452439E-5,NO
385,76,7.292882147024505E-5,NO
386,202,1.0938525486764386E-4,NO
387,155,1.4583637159107482E-4,NO
388,1263,1.4583637159107482E-4,NO
389,74,7.292882147024505E-5,NO
390,101,1.0938525486764386E-4,NO
391,27,1.0938525486764386E-4,NO
392,22,7.292882147024505E-5,NO
393,491,1.4583637159107482E-4,NO
394,62,7.292882147024505E-5,NO
395,59,1.0938525486764386E-4,NO
396,99,1.0938525486764386E-4,NO
397,27,7.292882147024505E-5,NO
398,77,7.292882147024505E-5,NO
399,863,2.1872265966754156E-4,NO
400,64,1.0938525486764386E-4,NO
401,45,8.751203290452439E-5,NO
402,63,7.292882147024505E-5,NO
403,54,1.0938525486764386E-4,NO
404,64,7.292882147024505E-5,NO
405,132,1.0938525486764386E-4,NO
406,182,2.1872265966754156E-4,NO
407,70,1.0938525486764386E-4,NO
408,36,8.751203290452439E-5,NO
409,58,7.292882147024505E-5,NO
410,62,7.292882147024505E-5,NO
411,132,8.751203290452439E-5,NO
412,74,8.751203290452439E-5,NO
413,86,1.4583637159107482E-4,NO
414,74,7.292882147024505E-5,NO
415,48,7.292882147024505E-5,NO
416,74,1.0938525486764386E-4,NO
417,86,8.751203290452439E-5,NO
418,355,1.0938525486764386E-4,NO
419,53,7.292882147024505E-5,NO
420,804,1.4583637159107482E-4,NO
421,75,1.0938525486764386E-4,NO
422,125,1.0938525486764386E-4,NO
423,200,1.0938525486764386E-4,NO
424,134,1.0938525486764386E-4,NO
425,57,7.292882147024505E-5,NO
426,123,1.0938525486764386E-4,NO
427,314,0.5,NO
428,162,1.0938525486764386E-4,NO
429,137,0.333381945457197,NO
430,124,0.333381945457197,NO
431,359,0.5,NO
432,151,0.333381945457197,NO
433,107,0.5,NO
434,28,7.292882147024505E-5,NO
435,58,1.4583637159107482E-4,NO
436,470,0.5,NO
437,347,0.5,NO
438,103,7.292882147024505E-5,NO
439,35,8.751203290452439E-5,NO
440,98,7.292882147024505E-5,NO
441,117,1.4583637159107482E-4,NO
