ID, Size, Predicted, Actual
0,237,0.11113004527971176,NO
1,272,0.9997809899255365,NO
2,470,5.477051155657794E-5,NO
3,299,2.1901007446342534E-4,NO
4,23,2.1909644625564174E-5,NO
5,56,0.0294178298470144,NO
6,51,7.303428229210792E-6,NO
7,22,7.825093509867444E-6,NO
8,67,1.2888258796236629E-5,NO
9,23,2.1909644625564174E-5,NO
10,44,1.0433403584917472E-5,NO
11,111,1.0955062334304682E-5,NO
12,74,0.03125320953926422,NO
13,196,1.095290251916758E-4,NO
14,39,5.216756220981794E-6,NO
15,124,2.738675576491209E-5,NO
16,38,0.057148401797899116,NO
17,22,7.825093509867444E-6,NO
18,44,1.0433403584917472E-5,NO
19,368,0.5,NO
20,22,7.825093509867444E-6,NO
21,285,1.095290251916758E-4,NO
22,21,8.764088271897075E-6,NO
23,22,7.825093509867444E-6,NO
24,208,0.2000262904215231,NO
25,55,6.8469702156795626E-6,NO
26,21,8.764088271897075E-6,NO
27,288,2.1901007446342534E-4,NO
28,109,0.11112057842588309,NO
29,142,1.8258170531312762E-5,NO
30,47,3.5339435275824294E-6,NO
31,54,7.067837100490508E-6,NO
32,105,0.26316335708849375,NO
33,528,0.5,NO
34,284,0.9997809899255365,NO
35,32,0.08696439118257854,NO
36,35,0.03448979283458499,NO
37,144,0.3333576748941142,NO
38,95,2.738675576491209E-5,NO
39,164,2.738675576491209E-5,NO
40,70,7.555266776469877E-6,NO
41,120,0.1666910100051121,NO
42,38,0.057148401797899116,NO
43,22,7.825093509867444E-6,NO
44,26,2.4343931057987246E-5,NO
45,21,8.764088271897075E-6,NO
46,56,0.0294178298470144,NO
47,102,3.6515007668151614E-5,NO
48,107,1.3693752909922494E-5,NO
49,67,1.2888258796236629E-5,NO
50,39,5.216756220981794E-6,NO
51,52,0.14286832138721087,NO
52,20,7.825093509867444E-6,NO
53,42,5.095437545222009E-6,NO
54,36,0.045463599243103274,NO
55,30,7.302468234263182E-5,NO
56,71,1.4606643101282463E-5,NO
57,57,1.1531631264558684E-5,NO
58,31,5.4775911745051E-6,NO
59,20,7.825093509867444E-6,NO
60,90,0.09677989341701652,NO
61,52,0.14286832138721087,NO
62,108,0.10000876404986744,NO
63,20,7.825093509867444E-6,NO
64,93,0.045463599243103274,NO
65,52,0.14286832138721087,NO
66,121,5.477051155657794E-5,NO
67,20,7.825093509867444E-6,NO
68,31,5.4775911745051E-6,NO
69,109,0.11112057842588309,NO
70,44,1.0433403584917472E-5,NO
71,72,0.02381449214878189,NO
72,99,0.06667932575735444,NO
73,103,0.041675035147620006,NO
74,20,7.825093509867444E-6,NO
75,71,1.4606643101282463E-5,NO
76,155,0.11113004527971176,NO
77,1468,2.1901007446342534E-4,NO
78,45,0.04255745652883316,NO
79,302,7.302468234263182E-5,NO
80,3423,2.1901007446342534E-4,NO
81,320,0.12502054006682367,NO
82,241,2.1901007446342534E-4,NO
83,57,1.1531631264558684E-5,NO
84,276,3.6515007668151614E-5,NO
85,59,1.0955062334304682E-5,NO
86,107,1.3693752909922494E-5,NO
87,35,0.03448979283458499,NO
88,93,0.045463599243103274,NO
89,122,2.1901007446342534E-4,NO
90,49,7.067837100490508E-6,NO
91,60,0.06061189530853706,NO
92,456,1.095290251916758E-4,NO
93,87,0.08334854847544276,NO
94,130,0.37500684668894124,NO
95,49,7.067837100490508E-6,NO
96,122,2.1901007446342534E-4,NO
97,99,0.06667932575735444,NO
98,1787,2.1901007446342534E-4,NO
99,464,2.1901007446342534E-4,NO
100,154,0.666654494997444,NO
101,40,9.959167413604222E-6,NO
102,516,0.9997809899255365,NO
103,193,0.20001314578677534,NO
104,391,1.095290251916758E-4,NO
105,49,7.067837100490508E-6,NO
106,594,1.095290251916758E-4,NO
107,32,0.08696439118257854,NO
108,73,1.2888258796236629E-5,NO
109,633,7.302468234263182E-5,NO
110,694,0.9997809899255365,NO
111,442,2.1901007446342534E-4,NO
112,1162,2.1901007446342534E-4,NO
113,278,7.302468234263182E-5,NO
114,31,5.4775911745051E-6,NO
115,73,1.2888258796236629E-5,NO
116,59,1.0955062334304682E-5,NO
117,172,3.129890453834116E-5,NO
118,87,0.08334854847544276,NO
119,166,2.738675576491209E-5,NO
120,53,6.639489024924643E-6,NO
121,420,0.3333576748941142,NO
122,219,5.477051155657794E-5,NO
123,264,0.11113004527971176,NO
124,172,3.129890453834116E-5,NO
125,38,0.057148401797899116,NO
126,126,0.14287949921752738,NO
127,85,0.041675035147620006,NO
128,67,1.2888258796236629E-5,NO
129,50,4.868975859617689E-6,NO
130,37,5.216756220981794E-6,NO
131,286,0.9997809899255365,NO
132,37,5.216756220981794E-6,NO
133,239,7.302468234263182E-5,NO
134,41,7.825093509867444E-6,NO
135,240,5.477051155657794E-5,NO
136,109,0.11112057842588309,NO
137,215,2.4343931057987246E-5,NO
138,387,0.9998904709748083,NO
139,22,7.825093509867444E-6,NO
140,100,0.07408098677270145,NO
141,72,0.02381449214878189,NO
142,351,2.1901007446342534E-4,NO
143,232,3.129890453834116E-5,NO
144,162,0.10527226181415623,NO
145,42,5.095437545222009E-6,NO
146,458,0.3333576748941142,NO
147,262,4.3817369205152925E-5,NO
148,139,5.477051155657794E-5,NO
149,69,0.0294178298470144,NO
150,67,1.2888258796236629E-5,NO
151,197,0.2500273852557783,NO
152,930,2.1901007446342534E-4,NO
153,156,1.217226184969691E-5,NO
154,303,7.302468234263182E-5,NO
155,25,1.2888258796236629E-5,NO
156,304,2.1901007446342534E-4,NO
157,414,3.6515007668151614E-5,NO
158,1587,2.1901007446342534E-4,NO
159,1653,2.1901007446342534E-4,NO
160,83,0.06452228489037784,NO
161,444,3.6515007668151614E-5,NO
162,274,0.2500273852557783,NO
163,47,3.5339435275824294E-6,NO
164,35,0.03448979283458499,NO
165,208,0.2000262904215231,NO
166,111,1.0955062334304682E-5,NO
167,227,2.738675576491209E-5,NO
168,351,2.1901007446342534E-4,NO
169,161,7.302468234263182E-5,NO
170,136,4.3817369205152925E-5,NO
171,422,0.12502054006682367,NO
172,439,1.095290251916758E-4,NO
173,153,0.07144198566465304,NO
174,112,4.3817369205152925E-5,NO
175,224,5.477051155657794E-5,NO
176,458,0.3333576748941142,NO
177,2193,2.1901007446342534E-4,NO
178,277,1.99179380950484E-5,NO
179,738,0.9997809899255365,NO
180,270,0.2500273852557783,NO
181,257,5.477051155657794E-5,NO
182,88,0.21739668870386952,NO
183,459,0.3333576748941142,NO
184,156,1.217226184969691E-5,NO
185,654,0.9998904709748083,NO
186,119,2.1909644625564174E-5,NO
187,32,0.08696439118257854,NO
188,197,0.2500273852557783,NO
189,1105,2.1901007446342534E-4,NO
190,628,0.9997809899255365,NO
191,138,0.09092538740389594,NO
192,204,0.07693733778272153,NO
193,550,3.129890453834116E-5,NO
194,399,2.1901007446342534E-4,NO
195,42,5.095437545222009E-6,NO
196,42,5.095437545222009E-6,NO
197,312,2.1901007446342534E-4,NO
198,85,0.041675035147620006,NO
199,478,2.1901007446342534E-4,NO
200,105,0.26316335708849375,NO
201,252,5.477051155657794E-5,NO
202,163,1.8258170531312762E-5,NO
203,348,2.1901007446342534E-4,NO
204,77,0.048785310432542785,NO
205,98,0.041675035147620006,NO
206,45,0.04255745652883316,NO
207,102,3.6515007668151614E-5,NO
208,44,1.0433403584917472E-5,NO
209,51,7.303428229210792E-6,NO
210,73,1.2888258796236629E-5,NO
211,55,6.8469702156795626E-6,NO
212,57,1.1531631264558684E-5,NO
213,103,0.041675035147620006,NO
214,121,5.477051155657794E-5,NO
215,46,1.1531631264558684E-5,NO
216,75,0.07144198566465304,NO
217,226,2.738675576491209E-5,NO
218,136,4.3817369205152925E-5,NO
219,70,7.555266776469877E-6,NO
220,160,0.1666788387803542,NO
221,27,3.983714574818143E-6,NO
222,82,1.6853743216368354E-5,NO
223,96,0.09092538740389594,NO
224,106,0.07408098677270145,NO
225,165,0.07144198566465304,NO
226,72,0.02381449214878189,NO
227,26,2.4343931057987246E-5,NO
228,24,1.3693752909922494E-5,NO
229,810,5.477051155657794E-5,NO
230,1804,2.1901007446342534E-4,NO
231,48,6.8469702156795626E-6,NO
232,2747,2.1901007446342534E-4,NO
233,69,0.0294178298470144,NO
234,23,2.1909644625564174E-5,NO
235,97,1.4606643101282463E-5,NO
236,144,0.3333576748941142,NO
237,326,0.5,NO
238,563,0.9998904709748083,NO
239,22,7.825093509867444E-6,NO
240,83,0.06452228489037784,NO
241,51,7.303428229210792E-6,NO
242,43,0.02703262864925683,NO
243,54,7.067837100490508E-6,NO
244,43,0.02703262864925683,NO
245,47,3.5339435275824294E-6,NO
246,33,1.0955062334304682E-5,NO
247,224,5.477051155657794E-5,NO
248,595,1.095290251916758E-4,NO
249,345,0.3333576748941142,NO
250,237,0.11113004527971176,NO
251,137,0.37500684668894124,NO
252,90,0.09677989341701652,NO
253,126,0.14287949921752738,NO
254,47,3.5339435275824294E-6,NO
255,69,0.0294178298470144,NO
256,40,9.959167413604222E-6,NO
257,130,0.37500684668894124,NO
258,213,1.99179380950484E-5,NO
259,115,1.99179380950484E-5,NO
260,167,0.1666910100051121,NO
261,283,2.1901007446342534E-4,NO
262,91,0.1666910100051121,NO
263,312,2.1901007446342534E-4,NO
264,32,0.08696439118257854,NO
265,337,5.477051155657794E-5,NO
266,807,5.477051155657794E-5,NO
267,77,0.048785310432542785,NO
268,87,0.08334854847544276,NO
269,387,0.9998904709748083,NO
270,107,1.3693752909922494E-5,NO
271,141,1.8258170531312762E-5,NO
272,814,5.477051155657794E-5,NO
273,38,0.057148401797899116,NO
274,47,3.5339435275824294E-6,NO
275,23,2.1909644625564174E-5,NO
276,23,2.1909644625564174E-5,NO
277,101,0.057148401797899116,NO
278,91,0.1666910100051121,NO
279,272,0.9997809899255365,NO
280,23,2.1909644625564174E-5,NO
281,80,3.129890453834116E-5,NO
282,97,1.4606643101282463E-5,NO
283,382,3.6515007668151614E-5,NO
284,239,7.302468234263182E-5,NO
285,44,1.0433403584917472E-5,NO
286,76,6.639489024924643E-6,NO
287,28,6.639489024924643E-6,NO
288,89,7.825093509867444E-6,NO
289,37,5.216756220981794E-6,NO
290,36,0.045463599243103274,NO
291,105,0.26316335708849375,NO
292,193,0.20001314578677534,NO
293,70,7.555266776469877E-6,NO
294,140,1.6853743216368354E-5,NO
295,25,1.2888258796236629E-5,NO
296,160,0.1666788387803542,NO
297,23,2.1909644625564174E-5,NO
298,139,5.477051155657794E-5,NO
299,111,1.0955062334304682E-5,NO
300,158,2.738675576491209E-5,NO
301,34,5.618040652142159E-6,NO
302,357,0.9997809899255365,NO
303,70,7.555266776469877E-6,NO
304,88,0.21739668870386952,NO
305,79,9.129251949095291E-6,NO
306,934,2.1901007446342534E-4,NO
307,67,1.2888258796236629E-5,NO
308,216,2.4343931057987246E-5,NO
309,265,0.2500091290852657,NO
310,155,0.11113004527971176,NO
311,23,2.1909644625564174E-5,NO
312,45,0.04255745652883316,NO
313,23,2.1909644625564174E-5,NO
314,404,1.095290251916758E-4,NO
315,246,2.1901007446342534E-4,NO
316,576,0.9997809899255365,NO
317,28,6.639489024924643E-6,NO
318,467,0.9998904709748083,NO
319,508,0.9997809899255365,NO
320,526,2.1901007446342534E-4,NO
321,82,1.6853743216368354E-5,NO
322,532,2.1901007446342534E-4,NO
323,266,0.6666423251058858,NO
324,274,0.2500273852557783,NO
325,28,6.639489024924643E-6,NO
326,69,0.0294178298470144,NO
327,139,5.477051155657794E-5,NO
328,103,0.041675035147620006,NO
329,46,1.1531631264558684E-5,NO
330,220,1.095290251916758E-4,NO
331,89,7.825093509867444E-6,NO
332,98,0.041675035147620006,NO
333,2186,2.1901007446342534E-4,NO
334,41,7.825093509867444E-6,NO
335,85,0.041675035147620006,NO
336,169,7.302468234263182E-5,NO
337,346,0.14287949921752738,NO
338,131,0.07693733778272153,NO
339,66,8.114907084313885E-6,NO
340,106,0.07408098677270145,NO
341,46,1.1531631264558684E-5,NO
342,157,0.14287949921752738,NO
343,185,0.33334550500255605,NO
344,126,0.14287949921752738,NO
345,66,8.114907084313885E-6,NO
346,67,1.2888258796236629E-5,NO
347,289,0.9997809899255365,NO
348,94,0.14286459528827494,NO
349,44,1.0433403584917472E-5,NO
350,95,2.738675576491209E-5,NO
351,44,1.0433403584917472E-5,NO
352,23,2.1909644625564174E-5,NO
353,23,2.1909644625564174E-5,NO
354,763,2.1901007446342534E-4,NO
355,398,2.1901007446342534E-4,NO
356,333,4.3817369205152925E-5,NO
357,138,0.09092538740389594,NO
358,59,1.0955062334304682E-5,NO
359,78,0.25000547753116714,NO
360,53,6.639489024924643E-6,NO
361,521,2.1901007446342534E-4,NO
362,23,2.1909644625564174E-5,NO
363,45,0.04255745652883316,NO
364,79,9.129251949095291E-6,NO
365,222,1.8258170531312762E-5,NO
366,107,1.3693752909922494E-5,NO
367,168,0.09092538740389594,NO
368,192,0.5,NO
369,91,0.1666910100051121,NO
370,252,5.477051155657794E-5,NO
371,282,4.3817369205152925E-5,NO
372,23,2.1909644625564174E-5,NO
373,342,0.5999912365261589,NO
374,69,0.0294178298470144,NO
375,21,8.764088271897075E-6,NO
376,39,5.216756220981794E-6,NO
377,22,7.825093509867444E-6,NO
378,217,5.477051155657794E-5,NO
379,22,7.825093509867444E-6,NO
380,76,6.639489024924643E-6,NO
381,111,1.0955062334304682E-5,NO
382,81,0.30000876385785025,NO
383,106,0.07408098677270145,NO
384,112,4.3817369205152925E-5,NO
385,87,0.08334854847544276,NO
386,132,8.764088271897075E-6,NO
387,97,1.4606643101282463E-5,NO
388,133,0.2500273852557783,NO
389,177,0.2000262904215231,NO
390,148,0.11111742270551002,NO
391,104,0.06667299630446531,NO
392,120,0.1666910100051121,NO
393,137,0.37500684668894124,NO
394,76,6.639489024924643E-6,NO
395,89,7.825093509867444E-6,NO
396,23,2.1909644625564174E-5,NO
397,24,1.3693752909922494E-5,NO
398,62,5.765882122305892E-6,NO
399,67,1.2888258796236629E-5,NO
400,66,8.114907084313885E-6,NO
401,63,0.02273202601360436,NO
402,22,7.825093509867444E-6,NO
403,60,0.06061189530853706,NO
404,38,0.057148401797899116,NO
405,63,0.02273202601360436,NO
406,23,2.1909644625564174E-5,NO
407,79,9.129251949095291E-6,NO
408,23,2.1909644625564174E-5,NO
409,176,5.477051155657794E-5,NO
410,149,0.18183085686969686,NO
411,23,2.1909644625564174E-5,NO
412,37,5.216756220981794E-6,NO
413,43,0.02703262864925683,NO
414,49,7.067837100490508E-6,NO
415,418,0.3333576748941142,NO
416,23,2.1909644625564174E-5,NO
417,58,0.02778352586028508,NO
418,23,2.1909644625564174E-5,NO
419,80,3.129890453834116E-5,NO
420,23,2.1909644625564174E-5,NO
421,91,0.1666910100051121,NO
422,23,2.1909644625564174E-5,NO
423,23,2.1909644625564174E-5,NO
424,25,1.2888258796236629E-5,NO
425,48,6.8469702156795626E-6,NO
426,52,0.14286832138721087,NO
427,53,6.639489024924643E-6,NO
428,57,1.1531631264558684E-5,NO
429,24,1.3693752909922494E-5,NO
430,26,2.4343931057987246E-5,NO
431,60,0.06061189530853706,NO
432,334,4.3817369205152925E-5,NO
433,42,5.095437545222009E-6,NO
434,60,0.06061189530853706,NO
435,294,3.6515007668151614E-5,NO
436,77,0.048785310432542785,NO
437,677,4.3817369205152925E-5,NO
438,56,0.0294178298470144,NO
439,163,1.8258170531312762E-5,NO
440,56,0.0294178298470144,NO
441,133,0.2500273852557783,NO
442,536,2.1901007446342534E-4,NO
443,121,5.477051155657794E-5,NO
444,77,0.048785310432542785,NO
445,175,5.477051155657794E-5,NO
446,81,0.30000876385785025,NO
447,432,1.095290251916758E-4,NO
448,129,0.06667932575735444,NO
449,48,6.8469702156795626E-6,NO
450,164,2.738675576491209E-5,NO
451,172,3.129890453834116E-5,NO
452,43,0.02703262864925683,NO
453,73,1.2888258796236629E-5,NO
454,302,7.302468234263182E-5,NO
455,551,3.129890453834116E-5,NO
456,424,0.11113004527971176,NO
457,732,7.302468234263182E-5,NO
458,562,0.9998904709748083,NO
459,493,7.302468234263182E-5,NO
460,416,7.302468234263182E-5,NO
461,359,4.3817369205152925E-5,NO
462,23,2.1909644625564174E-5,NO
463,23,2.1909644625564174E-5,NO
464,694,0.9997809899255365,NO
465,177,0.2000262904215231,NO
466,116,7.302468234263182E-5,NO
467,20,7.825093509867444E-6,NO
468,69,0.0294178298470144,NO
469,62,5.765882122305892E-6,NO
470,34,5.618040652142159E-6,NO
471,23,2.1909644625564174E-5,NO
472,41,7.825093509867444E-6,NO
473,50,4.868975859617689E-6,NO
474,55,6.8469702156795626E-6,NO
475,1468,2.1901007446342534E-4,NO
476,187,2.4343931057987246E-5,NO
477,162,0.10527226181415623,NO
478,23,2.1909644625564174E-5,NO
479,143,3.129890453834116E-5,NO
480,74,0.03125320953926422,NO
481,109,0.11112057842588309,NO
482,144,0.3333576748941142,NO
483,75,0.07144198566465304,NO
484,112,4.3817369205152925E-5,NO
485,33,1.0955062334304682E-5,NO
486,92,0.1333386891807014,NO
487,108,0.10000876404986744,NO
488,612,2.1901007446342534E-4,NO
489,20,7.825093509867444E-6,NO
490,20,7.825093509867444E-6,NO
491,199,0.12502054006682367,NO
492,56,0.0294178298470144,NO
493,200,1.99179380950484E-5,NO
494,60,0.06061189530853706,NO
495,75,0.07144198566465304,NO
496,150,1.5649942095214247E-5,NO
497,40,9.959167413604222E-6,NO
498,20,7.825093509867444E-6,NO
499,60,0.06061189530853706,NO
500,88,0.21739668870386952,NO
501,67,1.2888258796236629E-5,NO
502,76,6.639489024924643E-6,NO
503,21,8.764088271897075E-6,NO
504,53,6.639489024924643E-6,NO
505,114,0.11113004527971176,NO
506,121,5.477051155657794E-5,NO
507,78,0.25000547753116714,NO
508,20,7.825093509867444E-6,NO
509,69,0.0294178298470144,NO
510,80,3.129890453834116E-5,NO
511,79,9.129251949095291E-6,NO
512,81,0.30000876385785025,NO
513,88,0.21739668870386952,NO
514,20,7.825093509867444E-6,NO
515,105,0.26316335708849375,NO
516,60,0.06061189530853706,NO
517,50,4.868975859617689E-6,NO
518,28,6.639489024924643E-6,NO
519,129,0.06667932575735444,NO
520,43,0.02703262864925683,NO
521,76,6.639489024924643E-6,NO
522,63,0.02273202601360436,NO
523,65,1.8258170531312762E-5,NO
524,76,6.639489024924643E-6,NO
525,45,0.04255745652883316,NO
526,20,7.825093509867444E-6,NO
527,212,5.477051155657794E-5,NO
528,95,2.738675576491209E-5,NO
529,34,5.618040652142159E-6,NO
530,35,0.03448979283458499,NO
531,34,5.618040652142159E-6,NO
532,32,0.08696439118257854,NO
533,188,2.4343931057987246E-5,NO
534,53,6.639489024924643E-6,NO
535,30,7.302468234263182E-5,NO
536,101,0.057148401797899116,NO
537,125,3.6515007668151614E-5,NO
538,179,1.4606643101282463E-5,NO
539,123,0.055566375343866395,NO
540,88,0.21739668870386952,NO
541,88,0.21739668870386952,NO
542,171,3.129890453834116E-5,NO
543,31,5.4775911745051E-6,NO
544,30,7.302468234263182E-5,NO
545,31,5.4775911745051E-6,NO
546,77,0.048785310432542785,NO
547,77,0.048785310432542785,NO
548,86,8.764088271897075E-6,NO
549,92,0.1333386891807014,NO
550,61,0.05883490140482021,NO
551,64,0.05128709311340577,NO
552,64,0.05128709311340577,NO
553,103,0.041675035147620006,NO
554,46,1.1531631264558684E-5,NO
555,48,6.8469702156795626E-6,NO
556,48,6.8469702156795626E-6,NO
557,49,7.067837100490508E-6,NO
558,49,7.067837100490508E-6,NO
559,130,0.37500684668894124,NO
560,82,1.6853743216368354E-5,NO
561,25,1.2888258796236629E-5,NO
562,193,0.20001314578677534,NO
563,114,0.11113004527971176,NO
564,114,0.11113004527971176,NO
565,132,8.764088271897075E-6,NO
566,79,9.129251949095291E-6,NO
567,79,9.129251949095291E-6,NO
568,34,5.618040652142159E-6,NO
569,49,7.067837100490508E-6,NO
570,44,1.0433403584917472E-5,NO
571,58,0.02778352586028508,NO
572,92,0.1333386891807014,NO
573,92,0.1333386891807014,NO
574,109,0.11112057842588309,NO
575,80,3.129890453834116E-5,NO
576,22,7.825093509867444E-6,NO
577,22,7.825093509867444E-6,NO
578,205,1.095290251916758E-4,NO
579,73,1.2888258796236629E-5,NO
580,52,0.14286832138721087,NO
581,85,0.041675035147620006,NO
582,69,0.0294178298470144,NO
583,21,8.764088271897075E-6,NO
584,104,0.06667299630446531,NO
585,82,1.6853743216368354E-5,NO
586,125,3.6515007668151614E-5,NO
587,180,1.8258170531312762E-5,NO
588,95,2.738675576491209E-5,NO
589,214,0.05264189672271039,NO
590,40,9.959167413604222E-6,NO
591,37,5.216756220981794E-6,NO
592,22,7.825093509867444E-6,NO
593,26,2.4343931057987246E-5,NO
594,77,0.048785310432542785,NO
595,116,7.302468234263182E-5,NO
596,274,0.2500273852557783,NO
597,29,0.07144198566465304,NO
598,99,0.06667932575735444,NO
599,262,4.3817369205152925E-5,NO
600,95,2.738675576491209E-5,NO
601,46,1.1531631264558684E-5,NO
602,22,7.825093509867444E-6,NO
603,74,0.03125320953926422,NO
604,69,0.0294178298470144,NO
605,76,6.639489024924643E-6,NO
606,175,5.477051155657794E-5,NO
607,78,0.25000547753116714,NO
608,69,0.0294178298470144,NO
609,100,0.07408098677270145,NO
610,83,0.06452228489037784,NO
611,22,7.825093509867444E-6,NO
612,82,1.6853743216368354E-5,NO
613,62,5.765882122305892E-6,NO
614,68,0.4666676404428734,NO
615,59,1.0955062334304682E-5,NO
616,112,4.3817369205152925E-5,NO
617,68,0.4666676404428734,NO
618,54,7.067837100490508E-6,NO
619,94,0.14286459528827494,NO
620,80,3.129890453834116E-5,NO
621,22,7.825093509867444E-6,NO
622,21,8.764088271897075E-6,NO
623,76,6.639489024924643E-6,NO
624,63,0.02273202601360436,NO
625,43,0.02703262864925683,NO
626,86,8.764088271897075E-6,NO
627,67,1.2888258796236629E-5,NO
628,80,3.129890453834116E-5,NO
629,97,1.4606643101282463E-5,NO
630,76,6.639489024924643E-6,NO
631,65,1.8258170531312762E-5,NO
632,22,7.825093509867444E-6,NO
633,47,3.5339435275824294E-6,NO
634,35,0.03448979283458499,NO
635,31,5.4775911745051E-6,NO
636,35,0.03448979283458499,NO
637,41,7.825093509867444E-6,NO
638,36,0.045463599243103274,NO
639,59,1.0955062334304682E-5,NO
640,39,5.216756220981794E-6,NO
641,41,7.825093509867444E-6,NO
642,36,0.045463599243103274,NO
643,33,1.0955062334304682E-5,NO
644,52,0.14286832138721087,NO
645,21,8.764088271897075E-6,NO
646,27,3.983714574818143E-6,NO
647,26,2.4343931057987246E-5,NO
648,29,0.07144198566465304,NO
649,33,1.0955062334304682E-5,NO
650,28,6.639489024924643E-6,NO
651,28,6.639489024924643E-6,NO
652,33,1.0955062334304682E-5,NO
653,232,3.129890453834116E-5,NO
654,24,1.3693752909922494E-5,NO
655,27,3.983714574818143E-6,NO
656,37,5.216756220981794E-6,NO
657,41,7.825093509867444E-6,NO
658,18,7.825093509867444E-6,NO
659,21,8.764088271897075E-6,NO
660,43,0.02703262864925683,NO
661,45,0.04255745652883316,NO
662,46,1.1531631264558684E-5,NO
663,42,5.095437545222009E-6,NO
664,28,6.639489024924643E-6,NO
665,51,7.303428229210792E-6,NO
666,50,4.868975859617689E-6,NO
667,31,5.4775911745051E-6,NO
668,18,7.825093509867444E-6,NO
669,23,2.1909644625564174E-5,NO
670,29,0.07144198566465304,NO
671,22,7.825093509867444E-6,NO
672,192,0.5,NO
673,39,5.216756220981794E-6,NO
674,40,9.959167413604222E-6,NO
675,90,0.09677989341701652,NO
676,33,1.0955062334304682E-5,NO
677,33,1.0955062334304682E-5,NO
678,37,5.216756220981794E-6,NO
679,39,5.216756220981794E-6,NO
680,58,0.02778352586028508,NO
681,22,7.825093509867444E-6,NO
682,22,7.825093509867444E-6,NO
683,58,0.02778352586028508,NO
684,22,7.825093509867444E-6,NO
685,82,1.6853743216368354E-5,NO
686,64,0.05128709311340577,NO
687,65,1.8258170531312762E-5,NO
688,21,8.764088271897075E-6,NO
689,22,7.825093509867444E-6,NO
690,107,1.3693752909922494E-5,NO
691,127,0.14287949921752738,NO
692,47,3.5339435275824294E-6,NO
693,133,0.2500273852557783,NO
694,22,7.825093509867444E-6,NO
695,21,8.764088271897075E-6,NO
696,109,0.11112057842588309,NO
697,23,2.1909644625564174E-5,NO
698,39,5.216756220981794E-6,NO
699,40,9.959167413604222E-6,NO
700,31,5.4775911745051E-6,NO
701,31,5.4775911745051E-6,NO
702,31,5.4775911745051E-6,NO
703,31,5.4775911745051E-6,NO
704,42,5.095437545222009E-6,NO
705,31,5.4775911745051E-6,NO
706,31,5.4775911745051E-6,NO
707,22,7.825093509867444E-6,NO
708,125,3.6515007668151614E-5,NO
709,163,1.8258170531312762E-5,NO
710,21,8.764088271897075E-6,NO
711,185,0.33334550500255605,NO
712,29,0.07144198566465304,NO
713,93,0.045463599243103274,NO
714,61,0.05883490140482021,NO
715,71,1.4606643101282463E-5,NO
716,22,7.825093509867444E-6,NO
717,142,1.8258170531312762E-5,NO
718,78,0.25000547753116714,NO
719,122,2.1901007446342534E-4,NO
720,237,0.11113004527971176,NO
721,153,0.07144198566465304,NO
722,59,1.0955062334304682E-5,NO
723,35,0.03448979283458499,NO
724,42,5.095437545222009E-6,NO
725,45,0.04255745652883316,NO
726,100,0.07408098677270145,NO
727,78,0.25000547753116714,NO
728,62,5.765882122305892E-6,NO
729,25,1.2888258796236629E-5,NO
730,95,2.738675576491209E-5,NO
731,22,7.825093509867444E-6,NO
732,22,7.825093509867444E-6,NO
733,117,0.047628487365148256,NO
734,23,2.1909644625564174E-5,NO
735,90,0.09677989341701652,NO
736,22,7.825093509867444E-6,NO
737,36,0.045463599243103274,NO
738,135,0.09092538740389594,NO
739,67,1.2888258796236629E-5,NO
740,162,0.10527226181415623,NO
741,122,2.1901007446342534E-4,NO
742,76,6.639489024924643E-6,NO
743,22,7.825093509867444E-6,NO
744,82,1.6853743216368354E-5,NO
745,352,0.5,NO
746,308,0.9998904709748083,NO
747,266,0.6666423251058858,NO
748,38,0.057148401797899116,NO
749,89,7.825093509867444E-6,NO
750,18,7.825093509867444E-6,NO
751,57,1.1531631264558684E-5,NO
752,86,8.764088271897075E-6,NO
753,69,0.0294178298470144,NO
754,25,1.2888258796236629E-5,NO
755,31,5.4775911745051E-6,NO
756,21,8.764088271897075E-6,NO
757,158,2.738675576491209E-5,NO
758,21,8.764088271897075E-6,NO
759,38,0.057148401797899116,NO
760,51,7.303428229210792E-6,NO
761,23,2.1909644625564174E-5,NO
762,126,0.14287949921752738,NO
763,38,0.057148401797899116,NO
764,55,6.8469702156795626E-6,NO
765,22,7.825093509867444E-6,NO
766,47,3.5339435275824294E-6,NO
767,37,5.216756220981794E-6,NO
768,24,1.3693752909922494E-5,NO
769,41,7.825093509867444E-6,NO
770,38,0.057148401797899116,NO
771,48,6.8469702156795626E-6,NO
772,22,7.825093509867444E-6,NO
773,60,0.06061189530853706,NO
774,35,0.03448979283458499,NO
775,42,5.095437545222009E-6,NO
776,67,1.2888258796236629E-5,NO
777,33,1.0955062334304682E-5,NO
778,76,6.639489024924643E-6,NO
779,91,0.1666910100051121,NO
780,38,0.057148401797899116,NO
781,97,1.4606643101282463E-5,NO
782,28,6.639489024924643E-6,NO
783,36,0.045463599243103274,NO
784,23,2.1909644625564174E-5,NO
785,35,0.03448979283458499,NO
786,21,8.764088271897075E-6,NO
787,161,7.302468234263182E-5,NO
788,22,7.825093509867444E-6,NO
789,72,0.02381449214878189,NO
790,33,1.0955062334304682E-5,NO
791,32,0.08696439118257854,NO
792,187,2.4343931057987246E-5,NO
793,28,6.639489024924643E-6,NO
794,39,5.216756220981794E-6,NO
795,21,8.764088271897075E-6,NO
796,31,5.4775911745051E-6,NO
797,21,8.764088271897075E-6,NO
798,22,7.825093509867444E-6,NO
799,27,3.983714574818143E-6,NO
800,62,5.765882122305892E-6,NO
801,95,2.738675576491209E-5,NO
802,22,7.825093509867444E-6,NO
803,208,0.2000262904215231,NO
804,54,7.067837100490508E-6,NO
805,21,8.764088271897075E-6,NO
806,57,1.1531631264558684E-5,NO
807,37,5.216756220981794E-6,NO
808,36,0.045463599243103274,NO
809,28,6.639489024924643E-6,NO
810,57,1.1531631264558684E-5,NO
811,94,0.14286459528827494,NO
812,35,0.03448979283458499,NO
813,44,1.0433403584917472E-5,NO
814,31,5.4775911745051E-6,NO
815,31,5.4775911745051E-6,NO
816,22,7.825093509867444E-6,NO
817,41,7.825093509867444E-6,NO
818,185,0.33334550500255605,NO
819,48,6.8469702156795626E-6,NO
820,46,1.1531631264558684E-5,NO
821,34,5.618040652142159E-6,NO
822,80,3.129890453834116E-5,NO
823,55,6.8469702156795626E-6,NO
824,59,1.0955062334304682E-5,NO
825,88,0.21739668870386952,NO
826,21,8.764088271897075E-6,NO
827,40,9.959167413604222E-6,NO
828,235,0.3333576748941142,NO
829,22,7.825093509867444E-6,NO
830,202,2.738675576491209E-5,NO
831,108,0.10000876404986744,NO
832,32,0.08696439118257854,NO
833,556,2.1901007446342534E-4,NO
834,768,2.1901007446342534E-4,NO
835,531,2.1901007446342534E-4,NO
836,1078,2.1901007446342534E-4,NO
837,347,2.1901007446342534E-4,NO
838,724,7.302468234263182E-5,NO
839,409,0.3333576748941142,NO
840,1383,0.9997809899255365,NO
841,1336,2.1901007446342534E-4,NO
842,291,7.302468234263182E-5,NO
843,113,4.3817369205152925E-5,NO
844,89,7.825093509867444E-6,NO
845,292,7.302468234263182E-5,NO
846,218,5.477051155657794E-5,NO
847,3601,2.1901007446342534E-4,NO
848,72,0.02381449214878189,NO
849,231,0.9997809899255365,NO
850,70,7.555266776469877E-6,NO
851,63,0.02273202601360436,NO
852,110,1.095290251916758E-4,NO
853,158,2.738675576491209E-5,NO
854,227,2.738675576491209E-5,NO
855,343,0.5999912365261589,NO
856,1157,2.1901007446342534E-4,NO
857,73,1.2888258796236629E-5,NO
858,72,0.02381449214878189,NO
859,981,0.9997809899255365,NO
860,765,2.1901007446342534E-4,NO
861,62,5.765882122305892E-6,NO
862,409,0.3333576748941142,NO
863,234,0.5,NO
864,74,0.03125320953926422,NO
865,58,0.02778352586028508,NO
866,21,8.764088271897075E-6,NO
867,931,2.1901007446342534E-4,NO
868,21,8.764088271897075E-6,NO
869,77,0.048785310432542785,NO
870,85,0.041675035147620006,NO
871,427,0.9997809899255365,NO
872,198,7.302468234263182E-5,NO
873,79,9.129251949095291E-6,NO
874,52,0.14286832138721087,NO
875,217,5.477051155657794E-5,NO
876,279,5.477051155657794E-5,NO
877,22,7.825093509867444E-6,NO
878,25,1.2888258796236629E-5,NO
879,42,5.095437545222009E-6,NO
880,67,1.2888258796236629E-5,NO
881,23,2.1909644625564174E-5,NO
882,637,0.9997809899255365,NO
883,23,2.1909644625564174E-5,NO
884,37,5.216756220981794E-6,NO
885,35,0.03448979283458499,NO
886,35,0.03448979283458499,NO
887,84,0.02857733094615067,NO
888,449,1.095290251916758E-4,NO
889,58,0.02778352586028508,NO
890,92,0.1333386891807014,NO
891,32,0.08696439118257854,NO
892,521,2.1901007446342534E-4,NO
893,24,1.3693752909922494E-5,NO
894,42,5.095437545222009E-6,NO
895,42,5.095437545222009E-6,NO
896,36,0.045463599243103274,NO
897,21,8.764088271897075E-6,NO
898,94,0.14286459528827494,NO
899,388,1.095290251916758E-4,NO
900,21,8.764088271897075E-6,NO
901,53,6.639489024924643E-6,NO
902,21,8.764088271897075E-6,NO
903,105,0.26316335708849375,NO
904,76,6.639489024924643E-6,NO
905,29,0.07144198566465304,NO
906,48,6.8469702156795626E-6,NO
907,137,0.37500684668894124,NO
908,21,8.764088271897075E-6,NO
909,42,5.095437545222009E-6,NO
910,21,8.764088271897075E-6,NO
911,646,0.9997809899255365,NO
912,132,8.764088271897075E-6,NO
913,90,0.09677989341701652,NO
914,499,2.1901007446342534E-4,NO
915,268,0.9997809899255365,NO
916,135,0.09092538740389594,NO
917,240,5.477051155657794E-5,NO
918,383,0.9997809899255365,NO
919,21,8.764088271897075E-6,NO
920,768,2.1901007446342534E-4,NO
921,21,8.764088271897075E-6,NO
922,83,0.06452228489037784,NO
923,886,2.1901007446342534E-4,NO
924,287,0.9997809899255365,NO
925,63,0.02273202601360436,NO
926,129,0.06667932575735444,NO
927,71,1.4606643101282463E-5,NO
928,21,8.764088271897075E-6,NO
929,400,2.1901007446342534E-4,NO
930,961,2.1901007446342534E-4,NO
931,76,6.639489024924643E-6,NO
932,21,8.764088271897075E-6,NO
933,21,8.764088271897075E-6,NO
934,123,0.055566375343866395,NO
935,151,1.5649942095214247E-5,NO
936,21,8.764088271897075E-6,NO
937,131,0.07693733778272153,NO
938,189,2.4343931057987246E-5,NO
939,37,5.216756220981794E-6,NO
940,61,0.05883490140482021,NO
941,21,8.764088271897075E-6,NO
942,81,0.30000876385785025,NO
943,74,0.03125320953926422,NO
944,58,0.02778352586028508,NO
945,51,7.303428229210792E-6,NO
946,26,2.4343931057987246E-5,NO
947,21,8.764088271897075E-6,NO
948,54,7.067837100490508E-6,NO
949,43,0.02703262864925683,NO
950,33,1.0955062334304682E-5,NO
951,36,0.045463599243103274,NO
952,37,5.216756220981794E-6,NO
953,28,6.639489024924643E-6,NO
954,34,5.618040652142159E-6,NO
955,36,0.045463599243103274,NO
956,34,5.618040652142159E-6,NO
957,99,0.06667932575735444,NO
958,52,0.14286832138721087,NO
959,128,2.738675576491209E-5,NO
960,38,0.057148401797899116,NO
961,525,2.1901007446342534E-4,NO
962,1361,0.9997809899255365,NO
963,129,0.06667932575735444,NO
964,21,8.764088271897075E-6,NO
965,114,0.11113004527971176,NO
966,72,0.02381449214878189,NO
967,70,7.555266776469877E-6,NO
968,42,5.095437545222009E-6,NO
969,99,0.06667932575735444,NO
970,163,1.8258170531312762E-5,NO
971,46,1.1531631264558684E-5,NO
972,85,0.041675035147620006,NO
973,247,1.1531631264558684E-5,NO
974,36,0.045463599243103274,NO
975,37,5.216756220981794E-6,NO
976,49,7.067837100490508E-6,NO
977,21,8.764088271897075E-6,NO
978,39,5.216756220981794E-6,NO
979,227,2.738675576491209E-5,NO
980,55,6.8469702156795626E-6,NO
981,175,5.477051155657794E-5,NO
982,102,3.6515007668151614E-5,NO
983,64,0.05128709311340577,NO
984,67,1.2888258796236629E-5,NO
985,180,1.8258170531312762E-5,NO
986,127,0.14287949921752738,NO
987,51,7.303428229210792E-6,NO
988,120,0.1666910100051121,NO
989,21,8.764088271897075E-6,NO
990,138,0.09092538740389594,NO
991,181,1.8258170531312762E-5,NO
992,61,0.05883490140482021,NO
993,21,8.764088271897075E-6,NO
994,114,0.11113004527971176,NO
995,66,8.114907084313885E-6,NO
996,72,0.02381449214878189,NO
997,75,0.07144198566465304,NO
998,33,1.0955062334304682E-5,NO
999,21,8.764088271897075E-6,NO
1000,46,1.1531631264558684E-5,NO
1001,46,1.1531631264558684E-5,NO
1002,51,7.303428229210792E-6,NO
1003,38,0.057148401797899116,NO
1004,40,9.959167413604222E-6,NO
1005,21,8.764088271897075E-6,NO
1006,781,0.9997809899255365,NO
1007,1323,2.1901007446342534E-4,NO
1008,21,8.764088271897075E-6,NO
1009,2645,2.1901007446342534E-4,NO
1010,246,2.1901007446342534E-4,NO
1011,21,8.764088271897075E-6,NO
1012,100,0.07408098677270145,NO
1013,57,1.1531631264558684E-5,NO
1014,68,0.4666676404428734,NO
1015,372,7.302468234263182E-5,NO
1016,147,1.5649942095214247E-5,NO
1017,45,0.04255745652883316,NO
1018,116,7.302468234263182E-5,NO
1019,40,9.959167413604222E-6,NO
1020,97,1.4606643101282463E-5,NO
1021,758,2.1901007446342534E-4,NO
1022,21,8.764088271897075E-6,NO
1023,55,6.8469702156795626E-6,NO
1024,199,0.12502054006682367,NO
1025,64,0.05128709311340577,NO
1026,103,0.041675035147620006,NO
1027,71,1.4606643101282463E-5,NO
1028,245,1.095290251916758E-4,NO
1029,21,8.764088271897075E-6,NO
1030,343,0.5999912365261589,NO
1031,244,3.129890453834116E-5,NO
1032,142,1.8258170531312762E-5,NO
1033,22,7.825093509867444E-6,NO
1034,266,0.6666423251058858,NO
1035,126,0.14287949921752738,NO
1036,170,7.302468234263182E-5,NO
1037,648,0.9997809899255365,NO
1038,150,1.5649942095214247E-5,NO
1039,65,1.8258170531312762E-5,NO
1040,119,2.1909644625564174E-5,NO
1041,42,5.095437545222009E-6,NO
1042,54,7.067837100490508E-6,NO
1043,32,0.08696439118257854,NO
1044,30,7.302468234263182E-5,NO
1045,40,9.959167413604222E-6,NO
1046,30,7.302468234263182E-5,NO
1047,34,5.618040652142159E-6,NO
1048,58,0.02778352586028508,NO
1049,34,5.618040652142159E-6,NO
1050,34,5.618040652142159E-6,NO
1051,30,7.302468234263182E-5,NO
1052,30,7.302468234263182E-5,NO
1053,49,7.067837100490508E-6,NO
1054,34,5.618040652142159E-6,NO
1055,38,0.057148401797899116,NO
1056,30,7.302468234263182E-5,NO
1057,34,5.618040652142159E-6,NO
1058,31,5.4775911745051E-6,NO
1059,42,5.095437545222009E-6,NO
1060,30,7.302468234263182E-5,NO
1061,29,0.07144198566465304,NO
1062,30,7.302468234263182E-5,NO
1063,31,5.4775911745051E-6,NO
1064,32,0.08696439118257854,NO
1065,31,5.4775911745051E-6,NO
1066,30,7.302468234263182E-5,NO
1067,34,5.618040652142159E-6,NO
1068,30,7.302468234263182E-5,NO
1069,37,5.216756220981794E-6,NO
1070,38,0.057148401797899116,NO
1071,31,5.4775911745051E-6,NO
1072,32,0.08696439118257854,NO
1073,31,5.4775911745051E-6,NO
1074,34,5.618040652142159E-6,NO
1075,30,7.302468234263182E-5,NO
1076,122,2.1901007446342534E-4,NO
1077,30,7.302468234263182E-5,NO
1078,30,7.302468234263182E-5,NO
1079,30,7.302468234263182E-5,NO
1080,45,0.04255745652883316,NO
1081,38,0.057148401797899116,NO
1082,30,7.302468234263182E-5,NO
1083,43,0.02703262864925683,NO
1084,31,5.4775911745051E-6,NO
1085,21,8.764088271897075E-6,NO
1086,21,8.764088271897075E-6,NO
1087,110,1.095290251916758E-4,NO
1088,59,1.0955062334304682E-5,NO
1089,22,7.825093509867444E-6,NO
1090,354,0.6666423251058858,NO
1091,38,0.057148401797899116,NO
1092,22,7.825093509867444E-6,NO
1093,69,0.0294178298470144,NO
1094,324,0.12502054006682367,NO
1095,100,0.07408098677270145,NO
1096,18,7.825093509867444E-6,NO
1097,51,7.303428229210792E-6,NO
1098,247,1.1531631264558684E-5,NO
1099,33,1.0955062334304682E-5,NO
1100,34,5.618040652142159E-6,NO
1101,34,5.618040652142159E-6,NO
1102,18,7.825093509867444E-6,NO
1103,37,5.216756220981794E-6,NO
1104,18,7.825093509867444E-6,NO
1105,49,7.067837100490508E-6,NO
1106,138,0.09092538740389594,NO
1107,109,0.11112057842588309,NO
1108,79,9.129251949095291E-6,NO
1109,68,0.4666676404428734,NO
1110,73,1.2888258796236629E-5,NO
1111,18,7.825093509867444E-6,NO
1112,53,6.639489024924643E-6,NO
1113,44,1.0433403584917472E-5,NO
1114,22,7.825093509867444E-6,NO
1115,18,7.825093509867444E-6,NO
1116,85,0.041675035147620006,NO
1117,131,0.07693733778272153,NO
1118,53,6.639489024924643E-6,NO
1119,57,1.1531631264558684E-5,NO
1120,64,0.05128709311340577,NO
1121,18,7.825093509867444E-6,NO
1122,75,0.07144198566465304,NO
1123,66,8.114907084313885E-6,NO
1124,74,0.03125320953926422,NO
1125,33,1.0955062334304682E-5,NO
1126,54,7.067837100490508E-6,NO
1127,53,6.639489024924643E-6,NO
1128,23,2.1909644625564174E-5,NO
1129,39,5.216756220981794E-6,NO
1130,50,4.868975859617689E-6,NO
1131,31,5.4775911745051E-6,NO
1132,39,5.216756220981794E-6,NO
1133,39,5.216756220981794E-6,NO
1134,22,7.825093509867444E-6,NO
1135,27,3.983714574818143E-6,NO
1136,28,6.639489024924643E-6,NO
1137,30,7.302468234263182E-5,NO
1138,34,5.618040652142159E-6,NO
1139,41,7.825093509867444E-6,NO
1140,59,1.0955062334304682E-5,NO
1141,31,5.4775911745051E-6,NO
1142,51,7.303428229210792E-6,NO
1143,72,0.02381449214878189,NO
1144,23,2.1909644625564174E-5,NO
1145,507,0.9997809899255365,NO
1146,48,6.8469702156795626E-6,NO
1147,77,0.048785310432542785,NO
1148,43,0.02703262864925683,NO
1149,38,0.057148401797899116,NO
1150,47,3.5339435275824294E-6,NO
1151,22,7.825093509867444E-6,NO
1152,22,7.825093509867444E-6,NO
1153,86,8.764088271897075E-6,NO
1154,43,0.02703262864925683,NO
1155,518,1.095290251916758E-4,NO
1156,37,5.216756220981794E-6,NO
1157,23,2.1909644625564174E-5,NO
1158,97,1.4606643101282463E-5,NO
1159,107,1.3693752909922494E-5,NO
1160,177,0.2000262904215231,NO
1161,688,2.1901007446342534E-4,NO
1162,23,2.1909644625564174E-5,NO
1163,152,0.06667932575735444,NO
1164,139,5.477051155657794E-5,NO
1165,140,1.6853743216368354E-5,NO
1166,129,0.06667932575735444,NO
1167,1046,2.1901007446342534E-4,NO
1168,46,1.1531631264558684E-5,NO
1169,271,0.5,NO
1170,112,4.3817369205152925E-5,NO
1171,95,2.738675576491209E-5,NO
1172,107,1.3693752909922494E-5,NO
1173,143,3.129890453834116E-5,NO
1174,22,7.825093509867444E-6,NO
1175,22,7.825093509867444E-6,NO
1176,22,7.825093509867444E-6,NO
1177,44,1.0433403584917472E-5,NO
1178,77,0.048785310432542785,NO
1179,168,0.09092538740389594,NO
1180,236,0.3333576748941142,NO
1181,131,0.07693733778272153,NO
1182,154,0.666654494997444,NO
1183,232,3.129890453834116E-5,NO
1184,142,1.8258170531312762E-5,NO
1185,23,2.1909644625564174E-5,NO
1186,110,1.095290251916758E-4,NO
1187,21,8.764088271897075E-6,NO
1188,22,7.825093509867444E-6,NO
1189,22,7.825093509867444E-6,NO
1190,22,7.825093509867444E-6,NO
1191,42,5.095437545222009E-6,NO
1192,46,1.1531631264558684E-5,NO
1193,18,7.825093509867444E-6,NO
1194,39,5.216756220981794E-6,NO
1195,22,7.825093509867444E-6,NO
1196,38,0.057148401797899116,NO
1197,25,1.2888258796236629E-5,NO
1198,104,0.06667299630446531,NO
1199,22,7.825093509867444E-6,NO
1200,92,0.1333386891807014,NO
1201,22,7.825093509867444E-6,NO
1202,17,7.825093509867444E-6,NO
1203,58,0.02778352586028508,NO
1204,31,5.4775911745051E-6,NO
1205,27,3.983714574818143E-6,NO
1206,36,0.045463599243103274,NO
1207,58,0.02778352586028508,NO
1208,31,5.4775911745051E-6,NO
1209,22,7.825093509867444E-6,NO
1210,68,0.4666676404428734,NO
1211,17,7.825093509867444E-6,NO
1212,31,5.4775911745051E-6,NO
1213,28,6.639489024924643E-6,NO
1214,31,5.4775911745051E-6,NO
1215,36,0.045463599243103274,NO
1216,17,7.825093509867444E-6,NO
1217,17,7.825093509867444E-6,NO
1218,144,0.3333576748941142,NO
1219,123,0.055566375343866395,NO
1220,44,1.0433403584917472E-5,NO
1221,70,7.555266776469877E-6,NO
1222,208,0.2000262904215231,NO
1223,106,0.07408098677270145,NO
1224,36,0.045463599243103274,NO
1225,338,7.302468234263182E-5,NO
1226,292,7.302468234263182E-5,NO
1227,22,7.825093509867444E-6,NO
1228,56,0.0294178298470144,NO
1229,56,0.0294178298470144,NO
1230,36,0.045463599243103274,NO
1231,145,5.477051155657794E-5,NO
1232,37,5.216756220981794E-6,NO
1233,662,0.5,NO
1234,22,7.825093509867444E-6,NO
1235,475,2.738675576491209E-5,NO
1236,22,7.825093509867444E-6,NO
1237,22,7.825093509867444E-6,NO
1238,58,0.02778352586028508,NO
1239,164,2.738675576491209E-5,NO
1240,77,0.048785310432542785,NO
1241,348,2.1901007446342534E-4,NO
1242,45,0.04255745652883316,NO
1243,139,5.477051155657794E-5,NO
1244,119,2.1909644625564174E-5,NO
1245,113,4.3817369205152925E-5,NO
1246,163,1.8258170531312762E-5,NO
1247,117,0.047628487365148256,NO
1248,18,7.825093509867444E-6,NO
1249,22,7.825093509867444E-6,NO
1250,48,6.8469702156795626E-6,NO
1251,266,0.6666423251058858,NO
1252,22,7.825093509867444E-6,NO
1253,18,7.825093509867444E-6,NO
1254,209,7.302468234263182E-5,NO
1255,43,0.02703262864925683,NO
1256,187,2.4343931057987246E-5,NO
1257,41,7.825093509867444E-6,NO
1258,188,2.4343931057987246E-5,NO
1259,30,7.302468234263182E-5,NO
1260,66,8.114907084313885E-6,NO
1261,57,1.1531631264558684E-5,NO
