ID, Size, Predicted, Actual
0,215,0.21,NO
1,273,0.89,YES
2,460,0.87,YES
3,138,0.92,YES
4,358,1.0,YES
5,1248,1.0,YES
6,51,0.25,NO
7,157,0.97,YES
8,31,0.19,NO
9,981,0.92,YES
10,180,0.3,NO
11,262,0.99,YES
12,553,0.99,YES
13,40,0.14,NO
14,369,1.0,YES
15,390,0.97,YES
16,51,0.17,NO
17,577,0.41,YES
18,32,0.12,NO
19,66,0.42,NO
20,188,0.98,YES
21,582,0.45,NO
22,160,1.0,YES
23,50,0.16,NO
24,27,0.24,NO
25,923,1.0,YES
26,60,0.2,NO
27,62,0.26,NO
28,87,0.35,NO
29,52,0.21,NO
30,268,0.45,YES
31,163,0.4,NO
32,109,0.37,NO
33,147,0.24,NO
34,58,0.15,NO
35,44,0.14,NO
36,106,0.26,YES
37,139,0.27,NO
38,326,0.54,YES
39,648,0.56,YES
40,792,0.99,YES
41,319,0.98,YES
42,55,0.32,NO
43,191,0.39,NO
44,90,0.5,NO
45,273,0.6,NO
46,137,0.67,NO
47,79,0.66,NO
48,82,0.46,NO
49,147,0.62,NO
50,422,0.65,NO
51,979,0.98,YES
52,495,0.99,YES
53,189,0.53,NO
54,167,0.82,YES
55,86,1.0,YES
56,182,0.61,YES
57,361,0.85,NO
58,126,0.55,NO
59,106,0.46,NO
60,109,0.45,NO
61,85,0.28,NO
62,236,0.53,NO
63,315,0.98,YES
64,695,1.0,YES
65,27,0.37,NO
66,89,0.53,NO
67,301,1.0,YES
68,153,0.51,YES
69,92,0.51,NO
70,466,0.99,YES
71,93,0.52,NO
72,244,0.44,NO
73,192,0.29,YES
74,252,0.98,YES
75,109,0.41,NO
76,601,0.24,YES
77,565,0.96,YES
78,69,0.32,NO
79,77,0.35,NO
80,94,0.41,YES
81,337,0.57,NO
82,214,0.53,NO
83,79,0.37,NO
84,25,0.24,NO
85,84,0.36,NO
86,34,0.25,NO
87,33,0.25,NO
88,104,0.4,NO
89,172,0.52,NO
90,70,0.32,NO
91,140,0.51,NO
92,156,0.92,YES
93,248,0.66,NO
94,277,1.0,YES
95,189,0.66,NO
96,194,0.69,NO
97,346,0.66,NO
98,304,0.65,NO
99,356,1.0,YES
100,84,0.96,YES
101,53,0.93,YES
102,132,0.62,NO
103,4088,0.64,NO
104,691,1.0,YES
105,47,0.39,NO
106,101,0.99,YES
107,510,0.99,YES
108,328,0.99,YES
109,273,0.51,NO
110,136,0.34,NO
111,56,0.37,NO
112,74,0.33,NO
113,359,0.99,YES
114,174,0.15,NO
115,148,0.17,NO
116,92,0.53,NO
117,45,0.76,NO
118,168,0.68,NO
119,77,0.53,NO
120,666,0.99,YES
121,88,0.62,NO
122,262,1.0,YES
123,54,0.39,NO
124,48,0.39,NO
125,140,0.88,NO
126,152,0.82,NO
127,39,0.5,NO
128,131,0.75,NO
129,47,0.34,NO
130,129,0.86,NO
131,43,0.37,NO
132,243,0.67,YES
133,62,0.96,NO
134,45,0.42,NO
135,97,1.0,YES
136,476,0.67,NO
137,77,0.34,NO
138,69,0.22,NO
139,104,0.62,NO
140,115,0.63,NO
141,421,0.67,NO
142,61,0.12,NO
143,2009,1.0,YES
144,179,0.64,NO
145,106,0.63,NO
146,33,0.19,NO
147,657,0.67,NO
148,295,0.69,NO
149,872,0.67,NO
150,444,0.67,NO
151,168,0.62,NO
152,752,0.67,NO
153,135,0.73,NO
154,1126,0.67,NO
155,163,0.6,NO
156,184,0.65,NO
157,51,0.13,NO
158,25,0.14,NO
159,180,0.64,NO
160,64,0.15,NO
161,101,0.6,NO
162,512,0.67,NO
163,187,0.65,NO
164,56,0.14,NO
165,39,0.2,NO
166,261,0.67,NO
167,73,0.25,NO
168,65,0.15,NO
169,329,0.69,NO
170,64,0.15,NO
171,164,0.6,NO
172,624,1.0,YES
173,74,0.25,NO
174,117,0.63,NO
175,84,0.42,NO
176,226,1.0,YES
177,76,0.32,NO
178,323,0.69,NO
179,72,0.2,NO
180,42,0.06,NO
181,48,0.44,NO
182,89,0.87,NO
183,380,0.7,NO
184,141,0.99,YES
185,148,0.99,YES
186,191,0.39,NO
187,46,0.26,NO
188,165,0.38,NO
189,171,0.71,NO
190,56,0.06,NO
191,179,0.56,NO
192,74,0.27,NO
193,36,0.03,NO
194,37,0.03,NO
195,34,0.04,NO
196,34,0.04,NO
197,38,0.15,NO
198,39,0.14,NO
199,156,0.41,NO
200,84,0.22,NO
201,117,0.63,NO
202,94,0.44,NO
203,71,0.25,NO
204,183,0.68,NO
205,85,0.35,NO
206,183,0.68,NO
207,70,0.25,NO
208,54,0.06,NO
209,160,0.38,NO
210,125,0.77,NO
211,151,0.72,NO
212,422,1.0,YES
213,221,1.0,YES
214,50,0.04,NO
215,42,0.08,NO
216,624,0.61,NO
217,377,0.56,NO
218,383,0.63,YES
219,72,0.09,NO
220,92,0.23,NO
221,282,0.98,YES
222,371,0.34,NO
223,47,0.05,NO
224,108,0.37,NO
225,111,0.24,NO
226,319,0.57,NO
227,129,0.54,NO
228,49,0.02,NO
229,358,0.49,NO
230,277,0.65,NO
231,49,0.06,NO
232,89,0.21,NO
233,41,0.02,NO
234,66,0.16,NO
235,63,0.08,NO
236,24,0.02,NO
237,50,0.02,NO
238,72,0.14,NO
239,47,0.05,NO
240,47,0.06,NO
241,183,0.46,NO
242,49,0.02,NO
243,50,0.02,NO
244,98,0.38,NO
245,143,0.37,NO
246,43,0.07,NO
247,42,0.06,NO
248,56,0.26,NO
249,44,0.25,NO
250,26,0.19,NO
251,254,0.74,NO
252,16883,0.79,NO
253,74,0.6,NO
254,153,0.49,NO
255,68,0.78,NO
256,100,0.53,NO
257,550,1.0,YES
258,437,0.56,NO
259,1038,1.0,YES
260,104,1.0,YES
261,332,1.0,YES
262,123,0.51,NO
263,106,0.55,NO
264,106,0.59,NO
265,94,1.0,YES
266,101,0.98,YES
267,38,0.74,NO
268,628,1.0,YES
269,32,0.29,NO
270,111,0.31,NO
271,35,0.24,NO
272,90,0.42,NO
273,27,0.2,NO
274,28,0.2,NO
275,92,0.88,NO
276,956,1.0,YES
277,67,0.18,NO
278,29,0.11,NO
279,105,0.24,NO
280,72,0.19,NO
281,37,0.12,NO
282,47,0.17,NO
283,31,0.08,NO
284,90,0.39,NO
285,223,0.68,NO
286,214,0.54,NO
287,107,0.38,NO
288,37,0.07,NO
289,27,0.06,NO
290,48,0.15,NO
291,167,1.0,YES
292,213,0.63,NO
293,867,0.99,YES
294,159,0.49,NO
295,100,0.32,NO
296,96,0.31,NO
297,842,1.0,YES
298,525,0.73,NO
299,83,0.24,NO
300,63,0.11,NO
301,76,0.13,NO
302,202,0.2,NO
303,155,0.96,YES
304,1263,0.98,YES
305,74,0.06,NO
306,101,0.18,NO
307,27,0.04,NO
308,22,0.04,NO
309,491,0.97,YES
310,62,0.06,NO
311,59,0.07,NO
312,99,0.1,NO
313,27,0.04,NO
314,77,0.17,NO
315,846,0.7,YES
316,64,0.2,NO
317,45,0.06,NO
318,63,0.24,NO
319,54,0.05,NO
320,64,0.21,NO
321,132,0.06,NO
322,177,0.3,NO
323,70,0.05,NO
324,36,0.02,NO
325,58,0.25,NO
326,62,0.03,NO
327,132,0.05,NO
328,74,0.08,NO
329,86,0.97,YES
330,74,0.13,NO
331,48,0.43,NO
332,74,0.24,NO
333,86,0.21,NO
334,355,0.63,NO
335,53,0.12,NO
336,804,0.99,YES
337,75,0.82,NO
338,125,0.78,NO
339,200,0.65,NO
340,134,0.61,NO
341,57,0.44,NO
342,123,0.57,NO
343,266,0.41,NO
344,162,0.19,NO
345,130,0.54,NO
346,108,0.18,NO
347,354,0.43,NO
348,88,0.47,NO
349,28,0.12,NO
350,58,0.71,NO
351,308,0.97,YES
352,343,1.0,YES
353,103,0.35,NO
354,35,0.19,NO
355,98,0.35,NO
356,117,0.88,YES
