ID, Size, Predicted, Actual
0,237,0.07902538954337131,NO
1,272,0.07951695688325473,NO
2,470,0.08465008898307655,NO
3,299,0.07996458478751489,NO
4,23,0.07543097015850014,NO
5,56,0.07521743505303362,NO
6,51,0.07521743505303362,NO
7,22,0.07495210070210137,NO
8,67,0.0754577342326988,NO
9,23,0.07455253536078009,NO
10,44,0.07481656963086011,NO
11,111,0.07545314009979971,NO
12,74,0.07503611913565923,NO
13,196,0.07652169226875381,NO
14,39,0.07439258677808787,NO
15,124,0.07663769502105627,NO
16,38,0.07439258677808787,NO
17,22,0.07431258713388032,NO
18,44,0.07457584008619762,NO
19,368,0.07986769109041345,NO
20,22,0.07423257088274283,NO
21,285,0.07784692548444465,NO
22,21,0.07391234422847205,NO
23,22,0.07375213700274255,NO
24,208,0.07634672151851711,NO
25,55,0.07401356329893057,NO
26,21,0.07375213700274255,NO
27,288,0.07794450536639565,NO
28,109,0.07448180328690601,NO
29,142,0.07639453845136869,NO
30,47,0.073852773029048,NO
31,54,0.07377235570667778,NO
32,105,0.07440075604561963,NO
33,528,0.08538320575387698,NO
34,284,0.07926697428173311,NO
35,32,0.07295023240306764,NO
36,35,0.07295023240306764,NO
37,144,0.07558279250174686,NO
38,95,0.07334151407693171,NO
39,164,0.07443774998304141,NO
40,70,0.07326066358989282,NO
41,120,0.07350831304625081,NO
42,38,0.07262909810319276,NO
43,22,0.07262909810319276,NO
44,26,0.07262909810319276,NO
45,21,0.07262909810319276,NO
46,56,0.07288685685788829,NO
47,102,0.07342710369194455,NO
48,107,0.07342710369194455,NO
49,67,0.07272569151474542,NO
50,39,0.0724684581584162,NO
51,52,0.07272569151474542,NO
52,20,0.07238812075315995,NO
53,42,0.07264509127895948,NO
54,36,0.07238812075315995,NO
55,30,0.07238812075315995,NO
56,71,0.07293713987729028,NO
57,57,0.07264509127895948,NO
58,31,0.07238812075315995,NO
59,20,0.07230777201744686,NO
60,90,0.07277530804485194,NO
61,52,0.07248385677522434,NO
62,108,0.07302088030169027,NO
63,20,0.07214704142820297,NO
64,93,0.07269437540435175,NO
65,52,0.0723225783553668,NO
66,121,0.07293960184539372,NO
67,20,0.07206666001113975,NO
68,31,0.07455253536078009,NO
69,109,0.07609931128100242,NO
70,44,0.07417429292883203,NO
71,72,0.0744719955433686,NO
72,99,0.07609931128100242,NO
73,103,0.07609931128100242,NO
74,20,0.07391234422847205,NO
75,71,0.07253247777312334,NO
76,155,0.07623722675680347,NO
77,1468,0.16734251448976148,NO
78,45,0.06989931739850211,NO
79,302,0.07353934215949869,NO
80,3423,0.8620170211344983,NO
81,320,0.07850044351082798,NO
82,241,0.07586799399959211,NO
83,57,0.06674448159803656,NO
84,276,0.07633781643260375,NO
85,59,0.06658276105557023,NO
86,107,0.06715435991614584,NO
87,35,0.06626511482352787,NO
88,93,0.0667710375061031,NO
89,122,0.0670728622143402,NO
90,49,0.07127331886623121,NO
91,60,0.06650190758674535,NO
92,456,0.07386064718929361,NO
93,87,0.07123594362155186,NO
94,130,0.07183017538633135,NO
95,49,0.0656936715586456,NO
96,122,0.06617674531446716,NO
97,99,0.06585108043691587,NO
98,1787,0.22373781272259574,NO
99,464,0.08029964323042785,NO
100,154,0.0649004943927117,NO
101,40,0.0634491152365752,NO
102,516,0.08202569808606247,NO
103,193,0.07363928281731295,NO
104,391,0.07765488621583921,NO
105,49,0.06311293270538255,NO
106,594,0.08774378544587172,NO
107,32,0.06224623005892399,NO
108,73,0.06272353041168843,NO
109,633,0.07468580067360726,NO
110,694,0.08935874401359806,NO
111,442,0.08236748386477355,NO
112,1162,0.1282554594548057,NO
113,278,0.07415062169485426,NO
114,31,0.060169539217223164,NO
115,73,0.060551746888816434,NO
116,59,0.059986692083133515,NO
117,172,0.06057619264808284,NO
118,87,0.06798878055335052,NO
119,166,0.0741098262267386,NO
120,53,0.05918974484466451,NO
121,420,0.07936584786695457,NO
122,219,0.07261217405988946,NO
123,264,0.06146827385789092,NO
124,172,0.07402781445124934,NO
125,38,0.06707115909177988,NO
126,126,0.07117545208871703,NO
127,85,0.05871311389243956,NO
128,67,0.0672297371207173,NO
129,50,0.05831573125258149,NO
130,37,0.05810627256972645,NO
131,286,0.0759177866846528,NO
132,37,0.05794820977690612,NO
133,239,0.060357602212689605,NO
134,41,0.05807787269578813,NO
135,240,0.07528386782483616,NO
136,109,0.06756191203685391,NO
137,215,0.07468971233738117,NO
138,387,0.07574312251602368,NO
139,22,0.0663457008593684,NO
140,100,0.0565921219022546,NO
141,72,0.05633461211173354,NO
142,351,0.07978210661593621,NO
143,232,0.057020552834115126,NO
144,162,0.05623464518406677,NO
145,42,0.055164470893872865,NO
146,458,0.07708268923043719,NO
147,262,0.05743743498231428,NO
148,139,0.05537150706134576,NO
149,69,0.05476352130083638,NO
150,67,0.054539960855953376,NO
151,197,0.05577370783845271,NO
152,930,0.07805110350719789,NO
153,156,0.05496496110874709,NO
154,303,0.06844287165753446,NO
155,25,0.05364562507876002,NO
156,304,0.06835806168320462,NO
157,414,0.07076863424539279,NO
158,1587,0.18403787679374606,NO
159,1653,0.193233661013037,NO
160,83,0.07366478764557147,NO
161,444,0.07707175863486228,NO
162,274,0.07297052300726863,NO
163,47,0.05068807822756641,NO
164,35,0.05050454721837582,NO
165,208,0.06961486811848476,NO
166,111,0.06805108687236945,NO
167,227,0.05193601268783226,NO
168,351,0.07220504509389943,NO
169,161,0.06859932267112201,NO
170,136,0.05062176662187492,NO
171,422,0.07348919487456823,NO
172,439,0.078045711981313,NO
173,153,0.06375376954868742,NO
174,112,0.06308930454742959,NO
175,224,0.06446421042329158,NO
176,458,0.07878185849445399,NO
177,2193,0.34203356751045283,NO
178,277,0.07524510881257142,NO
179,738,0.0924360998004024,NO
180,270,0.07330780987440934,NO
181,257,0.07118293528789495,NO
182,88,0.046541084548195576,NO
183,459,0.0819916689391771,NO
184,156,0.06711811007384896,NO
185,654,0.9904180745935145,NO
186,119,0.060907830579640186,NO
187,32,0.04530603430747394,NO
188,197,0.06991698206738056,NO
189,1105,0.11474421037888159,NO
190,628,0.98989973845306,NO
191,138,0.06888204913669861,NO
192,204,0.07239972710972681,NO
193,550,0.07829994331044254,NO
194,399,0.04784449514332579,NO
195,42,0.04359486272536164,NO
196,42,0.04359486272536164,NO
197,312,0.07141507601006238,NO
198,85,0.04370388539612589,NO
199,478,0.06620627577734788,NO
200,105,0.06821416508647551,NO
201,252,0.06733034193798892,NO
202,163,0.04387023529477038,NO
203,348,0.07419032441214064,NO
204,77,0.042776089623859585,NO
205,98,0.059381202537123604,NO
206,45,0.04259925990279186,NO
207,102,0.06511881270195903,NO
208,44,0.04252855727377042,NO
209,51,0.06456334068899866,NO
210,73,0.0648251701265977,NO
211,55,0.05879211074965181,NO
212,57,0.06739151471126913,NO
213,103,0.06503749527070048,NO
214,121,0.04276072028334191,NO
215,46,0.0423873186410608,NO
216,75,0.04256330770501782,NO
217,226,0.07336069749720937,NO
218,136,0.06830862183540129,NO
219,70,0.042421732414973524,NO
220,160,0.06859932267112201,NO
221,27,0.042091982531866606,NO
222,82,0.04235102889349374,NO
223,96,0.05906084554620224,NO
224,106,0.05906084554620224,NO
225,165,0.05968558515680728,NO
226,72,0.042209790638418565,NO
227,26,0.04188161615286026,NO
228,24,0.04188161615286026,NO
229,810,0.09818664443145328,NO
230,1804,0.22456154730347133,NO
231,48,0.04105678910813081,NO
232,2747,0.5898282327344585,NO
233,69,0.04018762876351959,NO
234,23,0.03987452173396691,NO
235,97,0.06723586213743805,NO
236,144,0.06945551929112301,NO
237,326,0.07286286032349489,NO
238,563,0.08524265662291691,NO
239,22,0.03932947384900844,NO
240,83,0.03963847768830344,NO
241,51,0.03947408349387644,NO
242,43,0.03940598120066986,NO
243,54,0.03940598120066986,NO
244,43,0.03940598120066986,NO
245,47,0.03940598120066986,NO
246,33,0.039261610844450914,NO
247,224,0.06512663400249367,NO
248,595,0.08351173904975409,NO
249,345,0.07462176734411953,NO
250,237,0.04000122462359667,NO
251,137,0.06381284683758633,NO
252,90,0.06977526680221537,NO
253,126,0.056957492521423195,NO
254,47,0.0627911647789689,NO
255,69,0.03814829795299969,NO
256,40,0.03778392743713946,NO
257,130,0.05687789930760471,NO
258,213,0.05782802661900041,NO
259,115,0.07163783473481419,NO
260,167,0.06367196424999268,NO
261,283,0.06892157591204469,NO
262,91,0.0661219687505106,NO
263,312,0.06581879093792987,NO
264,32,0.03692474622205861,NO
265,337,0.06636722446355044,NO
266,807,0.09347598010050297,NO
267,77,0.06248161504794388,NO
268,87,0.05562606594834462,NO
269,387,0.06731297625098676,NO
270,107,0.036727564964887195,NO
271,141,0.03685082175397915,NO
272,814,0.08747690458852296,NO
273,38,0.0358172464820242,NO
274,47,0.035949425356438025,NO
275,23,0.0358172464820242,NO
276,23,0.0358172464820242,NO
277,101,0.0554075376706273,NO
278,91,0.06215927880197423,NO
279,272,0.07221138903673396,NO
280,23,0.035688163249889535,NO
281,80,0.03596962922354466,NO
282,97,0.0360723874529857,NO
283,382,0.038747403392195685,NO
284,239,0.03705915683937464,NO
285,44,0.03562605403001598,NO
286,76,0.035775019554673354,NO
287,28,0.035495020351223795,NO
288,89,0.035710279307421926,NO
289,37,0.03543076818552274,NO
290,36,0.03543076818552274,NO
291,105,0.03587709795077981,NO
292,193,0.03642271799139523,NO
293,70,0.03564560399840134,NO
294,140,0.03599697879918527,NO
295,25,0.035366580535905766,NO
296,160,0.03613483185913991,NO
297,23,0.03530245747128332,NO
298,139,0.03586659748094374,NO
299,111,0.055092856245739216,NO
300,158,0.036003873181905004,NO
301,34,0.03517440537076164,NO
302,357,0.05856408379751663,NO
303,70,0.03532320395070328,NO
304,88,0.03532320395070328,NO
305,79,0.035002437641249606,NO
306,934,0.050351852766442405,NO
307,67,0.03460216794497081,NO
308,216,0.03574089845772539,NO
309,265,0.056623923869524244,NO
310,155,0.05512319856114217,NO
311,23,0.03434840739237477,NO
312,45,0.03447535952553226,NO
313,23,0.03434840739237477,NO
314,404,0.037670514075491435,NO
315,246,0.03566681804149199,NO
316,576,0.08310281148116452,NO
317,28,0.03353350093540639,NO
318,467,0.07851372854848371,NO
319,508,0.08202569808606247,NO
320,526,0.07810238098176737,NO
321,82,0.03305064013318212,NO
322,532,0.08020268721419978,NO
323,266,0.0713676813120022,NO
324,274,0.03360499138436703,NO
325,28,0.028997631668505743,NO
326,69,0.029227929998948562,NO
327,139,0.0635685077651523,NO
328,103,0.027831393948583676,NO
329,46,0.027529263918410655,NO
330,220,0.060022844105915525,NO
331,89,0.04968011429112398,NO
332,98,0.0499088146329795,NO
333,2186,0.3388958377011645,NO
334,41,0.025848868855227306,NO
335,85,0.06223983896550563,NO
336,169,0.06794083232091754,NO
337,346,0.061500281507045215,NO
338,131,0.05807483720108785,NO
339,66,0.025637014880087412,NO
340,106,0.048622821741544336,NO
341,46,0.02553151485943316,NO
342,157,0.07032834121486026,NO
343,185,0.07074484617438932,NO
344,126,0.06267373889095185,NO
345,66,0.05712876044641079,NO
346,67,0.05712876044641079,NO
347,289,0.06522803803065402,NO
348,94,0.025323306686486746,NO
349,44,0.04797709010496384,NO
350,95,0.04817511994019591,NO
351,44,0.02516450746749912,NO
352,23,0.025070951351666555,NO
353,23,0.025070951351666555,NO
354,763,0.08989869553483171,NO
355,398,0.061824710116786454,NO
356,333,0.06509251360299503,NO
357,138,0.02396805913324067,NO
358,59,0.02358115955830523,NO
359,78,0.02368099771835891,NO
360,53,0.02358115955830523,NO
361,521,0.07828511025151012,NO
362,23,0.02319589014191299,NO
363,45,0.023282616277755047,NO
364,79,0.02338122072916963,NO
365,222,0.04808299305170259,NO
366,107,0.02344190584550984,NO
367,168,0.0474069044011827,NO
368,192,0.023796089033715623,NO
369,91,0.02328186715707302,NO
370,252,0.02407745867500466,NO
371,282,0.04863153687861788,NO
372,23,0.02299900471017731,NO
373,342,0.06858414353281474,NO
374,69,0.022936381324364583,NO
375,21,0.022754494590762064,NO
376,39,0.022754494590762064,NO
377,22,0.022705805382149197,NO
378,217,0.06803331609221751,NO
379,22,0.02265718709278758,NO
380,76,0.05594066973305949,NO
381,111,0.046460177233234506,NO
382,81,0.04624651058194469,NO
383,106,0.06131082383673052,NO
384,112,0.05619648601945991,NO
385,87,0.05594066973305949,NO
386,132,0.0615378572986411,NO
387,97,0.04638633486084084,NO
388,133,0.04662312230094159,NO
389,177,0.05671293148295,NO
390,148,0.0615378572986411,NO
391,104,0.04631254262096624,NO
392,120,0.04631254262096624,NO
393,137,0.05632159367168658,NO
394,76,0.046026102942293805,NO
395,89,0.045952734000965445,NO
396,23,0.02212706385870221,NO
397,24,0.02212706385870221,NO
398,62,0.04576340033364175,NO
399,67,0.0605458058135641,NO
400,66,0.022161941898818423,NO
401,63,0.04569036935947636,NO
402,22,0.02207929583189762,NO
403,60,0.022161941898818423,NO
404,38,0.022031598587563456,NO
405,63,0.02211407015399037,NO
406,23,0.022031598587563456,NO
407,79,0.022207838208236037,NO
408,23,0.022031598587563456,NO
409,176,0.022509645667385225,NO
410,149,0.02238136416602602,NO
411,23,0.021983972113203562,NO
412,37,0.0219364163960075,NO
413,43,0.022018539685891157,NO
414,49,0.04561738870876135,NO
415,418,0.07340137220767566,NO
416,23,0.021746900833145393,NO
417,58,0.04510794374066428,NO
418,23,0.02090806275734262,NO
419,80,0.0448583120581953,NO
420,23,0.020679103866787618,NO
421,91,0.02079881673189069,NO
422,23,0.020633523030699537,NO
423,23,0.02049720203643206,NO
424,25,0.02049720203643206,NO
425,48,0.02052858450561065,NO
426,52,0.02052858450561065,NO
427,53,0.02052858450561065,NO
428,57,0.0444566438884084,NO
429,24,0.020406672422443654,NO
430,26,0.020406672422443654,NO
431,60,0.04438453769526147,NO
432,334,0.047195872240590665,NO
433,42,0.02034742380266016,NO
434,60,0.02034742380266016,NO
435,294,0.046722080482209744,NO
436,77,0.05460711969552961,NO
437,677,0.054752858267854386,NO
438,56,0.020033099491370124,NO
439,163,0.02043647709170009,NO
440,56,0.019988476878767106,NO
441,133,0.02022934008373723,NO
442,536,0.07940841335683685,NO
443,121,0.04412271172865471,NO
444,77,0.019717483122683125,NO
445,175,0.019850510707040026,NO
446,81,0.019497307065844984,NO
447,432,0.048107793947476475,NO
448,129,0.019560197263463888,NO
449,48,0.019284036702633515,NO
450,164,0.04423289383663642,NO
451,172,0.019584122245683875,NO
452,43,0.019197238815878998,NO
453,73,0.019278882757599092,NO
454,302,0.05674630925666594,NO
455,551,0.05014179208464959,NO
456,424,0.021025482659748008,NO
457,732,0.024317393392232437,NO
458,562,0.022092346620131056,NO
459,493,0.021172953794387734,NO
460,416,0.020381726855106936,NO
461,359,0.01993484769976173,NO
462,23,0.01840154133315361,NO
463,23,0.018359580956078415,NO
464,694,0.02292687165623228,NO
465,177,0.04350896537062633,NO
466,116,0.018467959861509273,NO
467,20,0.01823411275558321,NO
468,69,0.01838054569511747,NO
469,62,0.018302635113200832,NO
470,34,0.01823411275558321,NO
471,23,0.01823411275558321,NO
472,41,0.018260796174225852,NO
473,50,0.018260796174225852,NO
474,55,0.018260796174225852,NO
475,1468,0.04312047737523156,NO
476,187,0.01848957760527647,NO
477,162,0.018332462350328364,NO
478,23,0.01790255300891724,NO
479,143,0.018102142877485745,NO
480,74,0.017922196221877514,NO
481,109,0.0180074705586657,NO
482,144,0.01806048205796282,NO
483,75,0.01788094199539632,NO
484,112,0.042547500656180445,NO
485,33,0.017697554305282012,NO
486,92,0.0178397565957769,NO
487,108,0.017924645841654097,NO
488,612,0.021153207373511645,NO
489,20,0.01761603303104194,NO
490,20,0.0419516823187267,NO
491,199,0.01806839277287501,NO
492,56,0.017600726023558107,NO
493,200,0.06355852467466505,NO
494,60,0.01751945098891559,NO
495,75,0.017594087465584246,NO
496,150,0.01772969326139683,NO
497,40,0.017373104887263346,NO
498,20,0.017373104887263346,NO
499,60,0.017398050520468607,NO
500,88,0.05863344973371579,NO
501,67,0.052679479180734866,NO
502,76,0.04199835683624568,NO
503,21,0.04167175469362124,NO
504,53,0.017357720098234462,NO
505,114,0.04219326459364542,NO
506,121,0.05890081179714472,NO
507,78,0.01739124898775319,NO
508,20,0.04167175469362124,NO
509,69,0.04192799228379998,NO
510,80,0.04192799228379998,NO
511,79,0.052818468457179,NO
512,81,0.01735088654943671,NO
513,88,0.052818468457179,NO
514,20,0.04160191357207722,NO
515,105,0.05306080942257028,NO
516,60,0.05831573125258149,NO
517,50,0.017237137484134673,NO
518,28,0.017172534412465426,NO
519,129,0.0533297625402845,NO
520,43,0.04168448609262204,NO
521,76,0.01727036661336303,NO
522,63,0.017197079364796468,NO
523,65,0.05252537080219387,NO
524,76,0.04185768459885338,NO
525,45,0.017157089221532276,NO
526,20,0.04146240100594528,NO
527,212,0.01769102430253611,NO
528,95,0.017190119663978563,NO
529,34,0.017053005777605806,NO
530,35,0.0170132982677638,NO
531,34,0.0170132982677638,NO
532,32,0.0170132982677638,NO
533,188,0.017531320085567174,NO
534,53,0.017077312701930712,NO
535,30,0.0170132982677638,NO
536,101,0.0171916235889742,NO
537,125,0.017282082167126622,NO
538,179,0.017449738832361186,NO
539,123,0.01724180340391642,NO
540,88,0.017070260380678305,NO
541,88,0.017070260380678305,NO
542,171,0.017300711730329564,NO
543,31,0.01689458127521271,NO
544,30,0.01689458127521271,NO
545,31,0.01689458127521271,NO
546,77,0.01703044342668311,NO
547,77,0.01699069447407169,NO
548,86,0.041647103801618963,NO
549,92,0.04157702463729734,NO
550,61,0.016879058139757923,NO
551,64,0.0168396103379081,NO
552,64,0.0168396103379081,NO
553,103,0.016991948559272572,NO
554,46,0.0168396103379081,NO
555,48,0.0168396103379081,NO
556,48,0.0168396103379081,NO
557,49,0.016800230142274553,NO
558,49,0.0413351928069618,NO
559,130,0.01704143897847157,NO
560,82,0.016871855207402857,NO
561,25,0.016737236668055648,NO
562,193,0.017206660646415035,NO
563,114,0.01691255608964512,NO
564,114,0.016872962016362316,NO
565,132,0.016961772804502354,NO
566,79,0.016792968268239547,NO
567,79,0.016792968268239547,NO
568,34,0.016619935289792387,NO
569,49,0.01668249477048447,NO
570,44,0.01668249477048447,NO
571,58,0.01668249477048447,NO
572,92,0.016753626442994638,NO
573,92,0.016753626442994638,NO
574,109,0.016793977979164584,NO
575,80,0.01671435232359192,NO
576,22,0.016580969286297053,NO
577,22,0.016580969286297053,NO
578,205,0.01716130665656401,NO
579,73,0.016675145867018126,NO
580,52,0.016604341776256207,NO
581,85,0.016675145867018126,NO
582,69,0.01663600703005063,NO
583,21,0.016503238706610735,NO
584,104,0.016715265800447975,NO
585,82,0.007654050397436383,NO
586,125,0.007731712057342632,NO
587,180,0.03209119732298375,NO
588,95,0.031403488597285756,NO
589,214,0.007813609304524167,NO
590,40,0.044007515384538,NO
591,37,0.044007515384538,NO
592,22,0.044007515384538,NO
593,26,0.044007515384538,NO
594,77,0.04435157681029481,NO
595,116,0.04455689755596854,NO
596,274,0.046199940616006616,NO
597,29,0.043935870085787004,NO
598,99,0.044411954736147036,NO
599,262,0.04612483691650036,NO
600,95,0.04413519795786952,NO
601,46,0.04395300787209528,NO
602,22,0.04379273818977474,NO
603,74,0.04413519795786952,NO
604,69,0.04413519795786952,NO
605,76,0.04413519795786952,NO
606,175,0.04474292111032718,NO
607,78,0.044063178330681484,NO
608,69,0.044063178330681484,NO
609,100,0.04419494185619505,NO
610,83,0.04399121222793708,NO
611,22,0.04364981867453603,NO
612,82,0.04399121222793708,NO
613,62,0.043809589273668126,NO
614,68,0.04373796012825069,NO
615,59,0.04373796012825069,NO
616,112,0.04412271172865471,NO
617,68,0.04373796012825069,NO
618,54,0.04373796012825069,NO
619,94,0.043847441063519975,NO
620,80,0.043847441063519975,NO
621,22,0.04350711246930151,NO
622,21,0.04350711246930151,NO
623,76,0.043847441063519975,NO
624,63,0.04366638457358645,NO
625,43,0.04366638457358645,NO
626,86,0.04377563623471328,NO
627,67,0.04359486272536164,NO
628,80,0.04377563623471328,NO
629,97,0.043978413426369586,NO
630,76,0.04370388539612589,NO
631,65,0.04352339469888955,NO
632,22,0.04336462049718315,NO
633,47,0.04352339469888955,NO
634,35,0.04336462049718315,NO
635,31,0.04336462049718315,NO
636,35,0.04336462049718315,NO
637,41,0.04352339469888955,NO
638,36,0.04336462049718315,NO
639,59,0.04345198060909317,NO
640,39,0.04329345513535303,NO
641,41,0.04345198060909317,NO
642,36,0.04329345513535303,NO
643,33,0.04329345513535303,NO
644,52,0.04345198060909317,NO
645,21,0.04329345513535303,NO
646,27,0.04329345513535303,NO
647,26,0.04329345513535303,NO
648,29,0.043222343675216206,NO
649,33,0.043222343675216206,NO
650,28,0.043222343675216206,NO
651,28,0.043222343675216206,NO
652,33,0.043222343675216206,NO
653,232,0.044721316658410566,NO
654,24,0.0431512862304389,NO
655,27,0.0431512862304389,NO
656,37,0.0431512862304389,NO
657,41,0.04330931469732713,NO
658,18,0.0431512862304389,NO
659,21,0.0431512862304389,NO
660,43,0.04330931469732713,NO
661,45,0.04330931469732713,NO
662,46,0.04330931469732713,NO
663,42,0.04330931469732713,NO
664,28,0.043080282914325654,NO
665,51,0.043238063103298585,NO
666,50,0.043238063103298585,NO
667,31,0.043080282914325654,NO
668,18,0.043080282914325654,NO
669,23,0.043080282914325654,NO
670,29,0.043080282914325654,NO
671,22,0.043080282914325654,NO
672,192,0.04428322623661319,NO
673,39,0.04300933383978186,NO
674,40,0.04300933383978186,NO
675,90,0.04334594508487241,NO
676,33,0.04293843911933451,NO
677,33,0.04293843911933451,NO
678,37,0.04293843911933451,NO
679,39,0.04293843911933451,NO
680,58,0.04309572320591535,NO
681,22,0.04293843911933451,NO
682,22,0.04293843911933451,NO
683,58,0.04309572320591535,NO
684,22,0.04293843911933451,NO
685,82,0.043203150904173294,NO
686,64,0.04302463512820057,NO
687,65,0.04302463512820057,NO
688,21,0.04286759886513307,NO
689,22,0.04286759886513307,NO
690,107,0.04333176623779865,NO
691,127,0.04355367322853365,NO
692,47,0.04295360178091834,NO
693,133,0.0434817481889116,NO
694,22,0.04272608220214066,NO
695,21,0.04272608220214066,NO
696,109,0.04326019108292439,NO
697,23,0.04272608220214066,NO
698,39,0.04265540601572692,NO
699,40,0.04265540601572692,NO
700,31,0.04265540601572692,NO
701,31,0.04265540601572692,NO
702,31,0.04265540601572692,NO
703,31,0.04265540601572692,NO
704,42,0.04281169972474109,NO
705,31,0.04265540601572692,NO
706,31,0.04265540601572692,NO
707,22,0.04265540601572692,NO
708,125,0.04333806483580611,NO
709,163,0.04358110758053328,NO
710,21,0.04258478474032662,NO
711,185,0.043774116862844034,NO
712,29,0.04251421848616209,NO
713,93,0.04284712822071559,NO
714,61,0.04259925990279186,NO
715,71,0.042776089623859585,NO
716,22,0.04244370736308279,NO
717,142,0.04319460453508681,NO
718,78,0.042776089623859585,NO
719,122,0.04290314738297922,NO
720,237,0.04422658826506331,NO
721,153,0.0432928758733642,NO
722,59,0.042457910150137425,NO
723,35,0.04230285094766839,NO
724,42,0.042457910150137425,NO
725,45,0.0423873186410608,NO
726,100,0.04276072028334191,NO
727,78,0.04256330770501782,NO
728,62,0.0423873186410608,NO
729,25,0.042232505873107486,NO
730,95,0.04249249205499392,NO
731,22,0.04216221636519757,NO
732,22,0.04216221636519757,NO
733,117,0.04268959082845412,NO
734,23,0.04216221636519757,NO
735,90,0.04249249205499392,NO
736,22,0.042091982531866606,NO
737,36,0.042091982531866606,NO
738,135,0.04283693549937123,NO
739,67,0.042246302901344186,NO
740,162,0.04300554736024968,NO
741,122,0.042547500656180445,NO
742,76,0.04228038159871989,NO
743,22,0.0419516823187267,NO
744,82,0.04228038159871989,NO
745,352,0.045180773207671325,NO
746,308,0.04432481797848598,NO
747,266,0.04389784362942494,NO
748,38,0.04174165223449153,NO
749,89,0.04199835683624568,NO
750,18,0.04167175469362124,NO
751,57,0.04182460166567946,NO
752,86,0.04199835683624568,NO
753,69,0.04199835683624568,NO
754,25,0.04160191357207722,NO
755,31,0.04160191357207722,NO
756,21,0.04160191357207722,NO
757,158,0.042433628162920886,NO
758,21,0.04146240100594528,NO
759,38,0.04146240100594528,NO
760,51,0.04161451343857063,NO
761,23,0.04146240100594528,NO
762,126,0.04212585144913684,NO
763,38,0.04139272976992759,NO
764,55,0.0415445976790281,NO
765,22,0.04139272976992759,NO
766,47,0.0415445976790281,NO
767,37,0.04139272976992759,NO
768,24,0.04132311537032141,NO
769,41,0.04147473891813292,NO
770,38,0.04132311537032141,NO
771,48,0.04147473891813292,NO
772,22,0.04132311537032141,NO
773,60,0.04147473891813292,NO
774,35,0.04132311537032141,NO
775,42,0.04147473891813292,NO
776,67,0.041404937259651595,NO
777,33,0.04125355791043936,NO
778,76,0.04157702463729734,NO
779,91,0.04157702463729734,NO
780,38,0.04125355791043936,NO
781,97,0.041699729581201286,NO
782,28,0.04118405749320645,NO
783,36,0.04118405749320645,NO
784,23,0.04118405749320645,NO
785,35,0.005080829889753789,NO
786,21,0.005080829889753789,NO
787,161,0.027854321981441853,NO
788,22,0.027207306921518504,NO
789,72,0.027423788121454528,NO
790,33,0.027207306921518504,NO
791,32,0.00506565988603273,NO
792,187,0.005206235847886063,NO
793,28,0.0050505279455647,NO
794,39,0.0050505279455647,NO
795,21,0.0050505279455647,NO
796,31,0.0050505279455647,NO
797,21,0.0050505279455647,NO
798,22,0.027152518997903663,NO
799,27,0.0050505279455647,NO
800,62,0.0050697632668176475,NO
801,95,0.027368576529658035,NO
802,22,0.027152518997903663,NO
803,208,0.005226219546824063,NO
804,54,0.027253625662294407,NO
805,21,0.027152518997903663,NO
806,57,0.005039499048721506,NO
807,37,0.005020377974320367,NO
808,36,0.005020377974320367,NO
809,28,0.005020377974320367,NO
810,57,0.005039499048721506,NO
811,94,0.005046102451013202,NO
812,35,0.005005359803476366,NO
813,44,0.027198710213546876,NO
814,31,0.005005359803476366,NO
815,31,0.005005359803476366,NO
816,22,0.027097801601590036,NO
817,41,0.0050244239671325495,NO
818,185,0.027914157430650243,NO
819,48,0.027198710213546876,NO
820,46,0.027198710213546876,NO
821,34,0.004990379415907684,NO
822,80,0.005031000742579815,NO
823,55,0.005009386810270345,NO
824,59,0.004994387507948477,NO
825,88,0.005015937049226846,NO
826,21,0.004975436741679887,NO
827,40,0.004975436741679887,NO
828,235,0.04277084814551499,NO
829,22,0.02704315475085236,NO
830,202,0.027801737835603916,NO
831,108,0.027331573402162634,NO
832,32,0.0049456642538685805,NO
833,556,0.04762957680211753,NO
834,768,0.07052444715552332,NO
835,531,0.03091952503354528,NO
836,1078,0.0655584369735516,NO
837,347,0.04398373882657611,NO
838,724,0.061714582770795966,NO
839,409,0.05368662293064313,NO
840,1383,0.10347826881301687,NO
841,1336,0.08236493333824405,NO
842,291,0.02800641433212608,NO
843,113,0.0046739269682816425,NO
844,89,0.026548935252381924,NO
845,292,0.04285684543284683,NO
846,218,0.027259378389730318,NO
847,3601,0.7668051443046018,NO
848,72,0.02622556566660449,NO
849,231,0.026982526737054844,NO
850,70,0.00447099461506246,NO
851,63,0.0044381985913594085,NO
852,110,0.004478859491247502,NO
853,158,0.004529015426449503,NO
854,227,0.004574974837062292,NO
855,343,0.027989813724595254,NO
856,1157,0.06876485993915438,NO
857,73,0.004376283351390409,NO
858,72,0.004376283351390409,NO
859,981,0.0804181662315347,NO
860,765,0.03375441057800516,NO
861,62,0.004277989609182929,NO
862,409,0.028256608023176043,NO
863,234,0.026789380053738182,NO
864,74,0.004270130188311831,NO
865,58,0.004251771101278867,NO
866,21,0.004235626132943103,NO
867,931,0.057790044297290025,NO
868,21,0.004196701984376626,NO
869,77,0.004230890304950547,NO
870,85,0.004230890304950547,NO
871,427,0.02838234678145534,NO
872,198,0.004299628524472456,NO
873,79,0.004204900902883574,NO
874,52,0.004173932758476951,NO
875,217,0.004315770229232772,NO
876,279,0.04172350622284718,NO
877,22,0.025436629893682297,NO
878,25,0.004145276148252793,NO
879,42,0.004161078167984765,NO
880,67,0.004161078167984765,NO
881,23,0.004132503712942841,NO
882,637,0.04799674092140964,NO
883,23,0.004119764753693214,NO
884,37,0.004107059203866729,NO
885,35,0.004107059203866729,NO
886,35,0.02538417720134555,NO
887,84,0.02553374542089361,NO
888,449,0.04394884254692891,NO
889,58,0.004097308909929587,NO
890,92,0.004115003787706016,NO
891,32,0.004081748066339625,NO
892,521,0.055002879831645674,NO
893,24,0.00405656976868187,NO
894,42,0.025321369085173195,NO
895,42,0.025321369085173195,NO
896,36,0.02522724488399957,NO
897,21,0.00405656976868187,NO
898,94,0.025428383088785124,NO
899,388,0.042988031778163,NO
900,21,0.004031523780050746,NO
901,53,0.004046893931684719,NO
902,21,0.004031523780050746,NO
903,105,0.02549562729862042,NO
904,76,0.025375809143029126,NO
905,29,0.004019050236063964,NO
906,48,0.004034373025045265,NO
907,137,0.02562864033291577,NO
908,21,0.004019050236063964,NO
909,42,0.004021885120714595,NO
910,21,0.004006609570735076,NO
911,646,0.06516926158673211,NO
912,132,0.048643773811358884,NO
913,90,0.004014271512459787,NO
914,499,0.06025123492227994,NO
915,268,0.050177917154850295,NO
916,135,0.04856831136914947,NO
917,240,0.04098467430067624,NO
918,383,0.04276688515440878,NO
919,21,0.003920439974047514,NO
920,768,0.062150639648068294,NO
921,21,0.00389611224164142,NO
922,83,0.02511401187490133,NO
923,886,0.07388342991805184,NO
924,287,0.04148484266937783,NO
925,63,0.003862515488483485,NO
926,129,0.039751873025866344,NO
927,71,0.02500979355457444,NO
928,21,0.0038358556297893465,NO
929,400,0.027282031743257808,NO
930,961,0.07799069431882884,NO
931,76,0.02485400253630886,NO
932,21,0.00378822482813468,NO
933,21,0.00378822482813468,NO
934,123,0.04834220552032113,NO
935,151,0.03990649940704479,NO
936,21,0.0037763963752227557,NO
937,131,0.0038339411239368295,NO
938,189,0.0038808168243997117,NO
939,37,0.0037645994915546386,NO
940,61,0.024697769677954833,NO
941,21,0.0037528341122139634,NO
942,81,0.003783420213371499,NO
943,74,0.02480221526902178,NO
944,58,0.003767145780557311,NO
945,51,0.003767145780557311,NO
946,26,0.0037528341122139634,NO
947,21,0.003741100172499312,NO
948,54,0.0037553672614059896,NO
949,43,0.0037553672614059896,NO
950,33,0.003741100172499312,NO
951,36,0.003741100172499312,NO
952,37,0.003741100172499312,NO
953,28,0.003741100172499312,NO
954,34,0.003741100172499312,NO
955,36,0.003741100172499312,NO
956,34,0.0037293976077679334,NO
957,99,0.03934340759198583,NO
958,52,0.024646266230413598,NO
959,128,0.0037980933148457855,NO
960,38,0.0037293976077679334,NO
961,525,0.060608064646136627,NO
962,1361,0.11588530172434426,NO
963,129,0.03940861418562605,NO
964,21,0.003648352735416734,NO
965,114,0.003684243521281494,NO
966,72,0.0036665435409423863,NO
967,70,0.0036665435409423863,NO
968,42,0.0036507700123202913,NO
969,99,0.0036726722758831636,NO
970,163,0.0037138339059383063,NO
971,46,0.0036393035144392277,NO
972,85,0.003643542803574217,NO
973,247,0.0037788471049208777,NO
974,36,0.0036140834035214113,NO
975,37,0.0036140834035214113,NO
976,49,0.0036164629975259013,NO
977,21,0.0036027217141406426,NO
978,39,0.0036027217141406426,NO
979,227,0.040066784128780175,NO
980,55,0.024338742368917775,NO
981,175,0.003678921136558646,NO
982,102,0.024557226398514813,NO
983,64,0.003593745358354865,NO
984,67,0.003593745358354865,NO
985,180,0.024928575746183065,NO
986,127,0.003634568665231768,NO
987,51,0.0035824324578868265,NO
988,120,0.0036152816608846067,NO
989,21,0.00356882001540734,NO
990,138,0.03920339543576158,NO
991,181,0.02487633291775777,NO
992,61,0.003571150084859773,NO
993,21,0.0035575803598120186,NO
994,114,0.0035925414948981436,NO
995,66,0.0035598981755683282,NO
996,72,0.003575280491915368,NO
997,75,0.003575280491915368,NO
998,33,0.00353519203307368,NO
999,21,0.00353519203307368,NO
1000,46,0.003548676666160548,NO
1001,46,0.003548676666160548,NO
1002,51,0.003548676666160548,NO
1003,38,0.00353519203307368,NO
1004,40,0.00353519203307368,NO
1005,21,0.00353519203307368,NO
1006,781,0.032137779199685634,NO
1007,1323,0.04830353935579094,NO
1008,21,0.0034577815690803836,NO
1009,2645,0.3658183527107161,NO
1010,246,0.0035248233740150315,NO
1011,21,0.0033710980290849284,NO
1012,100,0.0034149943995909716,NO
1013,57,0.003373215141795507,NO
1014,68,0.003373215141795507,NO
1015,372,0.025845782655675754,NO
1016,147,0.024120598361371485,NO
1017,45,0.0033625007425181074,NO
1018,116,0.03859598847783359,NO
1019,40,0.0033390765207817496,NO
1020,97,0.003382557342027353,NO
1021,758,0.04977776742821749,NO
1022,21,0.003317874411945978,NO
1023,55,0.0033199351623146387,NO
1024,199,0.02430647804566706,NO
1025,64,0.0033199351623146387,NO
1026,103,0.0384608964368532,NO
1027,71,0.0033236698398913587,NO
1028,245,0.039652983683810844,NO
1029,21,0.0032862883520306035,NO
1030,343,0.04098892929515628,NO
1031,244,0.0034142957799085717,NO
1032,142,0.038591081034537324,NO
1033,22,0.023493348118012954,NO
1034,266,0.0034302149210648928,NO
1035,126,0.003314946973753432,NO
1036,170,0.0033236822997647353,NO
1037,648,0.003998103811141368,NO
1038,150,0.003283306628932186,NO
1039,65,0.0032361927474604,NO
1040,119,0.0032554441624568276,NO
1041,42,0.0032258539326125027,NO
1042,54,0.0032258539326125027,NO
1043,32,0.0032135920390047204,NO
1044,30,0.0032135920390047204,NO
1045,40,0.0032135920390047204,NO
1046,30,0.0032135920390047204,NO
1047,34,0.0032135920390047204,NO
1048,58,0.0032155435759393,NO
1049,34,0.003203320747400915,NO
1050,34,0.003203320747400915,NO
1051,30,0.003203320747400915,NO
1052,30,0.003203320747400915,NO
1053,49,0.0032155435759393,NO
1054,34,0.003203320747400915,NO
1055,38,0.003203320747400915,NO
1056,30,0.003203320747400915,NO
1057,34,0.003203320747400915,NO
1058,31,0.003193077745682456,NO
1059,42,0.0032052616159396813,NO
1060,30,0.003193077745682456,NO
1061,29,0.003193077745682456,NO
1062,30,0.003193077745682456,NO
1063,31,0.003193077745682456,NO
1064,32,0.003193077745682456,NO
1065,31,0.003193077745682456,NO
1066,30,0.003193077745682456,NO
1067,34,0.003193077745682456,NO
1068,30,0.003182862972698773,NO
1069,37,0.003182862972698773,NO
1070,38,0.003182862972698773,NO
1071,31,0.003182862972698773,NO
1072,32,0.003182862972698773,NO
1073,31,0.003182862972698773,NO
1074,34,0.003182862972698773,NO
1075,30,0.003182862972698773,NO
1076,122,0.0032139973448224546,NO
1077,30,0.0031726763672983746,NO
1078,30,0.0031726763672983746,NO
1079,30,0.0031726763672983746,NO
1080,45,0.0031847826404543256,NO
1081,38,0.0031726763672983746,NO
1082,30,0.0031726763672983746,NO
1083,43,0.0031847826404543256,NO
1084,31,0.0031726763672983746,NO
1085,21,0.0031726763672983746,NO
1086,21,0.0031625178684727318,NO
1087,110,0.038191458866112464,NO
1088,59,0.03785637966162224,NO
1089,22,0.037717463613376766,NO
1090,354,0.04063109597857643,NO
1091,38,0.03758472163295679,NO
1092,22,0.03758472163295679,NO
1093,69,0.037880557833731315,NO
1094,324,0.0494365322920994,NO
1095,100,0.03792302115090795,NO
1096,18,0.03745222775611738,NO
1097,51,0.03759020508272617,NO
1098,247,0.054121175707250974,NO
1099,33,0.03738607406037017,NO
1100,34,0.03738607406037017,NO
1101,34,0.03738607406037017,NO
1102,18,0.03738607406037017,NO
1103,37,0.03738607406037017,NO
1104,18,0.03738607406037017,NO
1105,49,0.037523817171891176,NO
1106,138,0.03798382864090105,NO
1107,109,0.037789178905848195,NO
1108,79,0.03761381646713034,NO
1109,68,0.037391228800960685,NO
1110,73,0.037547287796788904,NO
1111,18,0.03725395355855703,NO
1112,53,0.037391228800960685,NO
1113,44,0.037391228800960685,NO
1114,22,0.03725395355855703,NO
1115,18,0.03725395355855703,NO
1116,85,0.04639369840698626,NO
1117,131,0.046771574199942934,NO
1118,53,0.037325028502173486,NO
1119,57,0.03725889090140188,NO
1120,64,0.03725889090140188,NO
1121,18,0.037122082777512326,NO
1122,75,0.03741441902932963,NO
1123,66,0.03719281607834045,NO
1124,74,0.03734807909283256,NO
1125,33,0.03705624123128942,NO
1126,54,0.03719281607834045,NO
1127,53,0.03719281607834045,NO
1128,23,0.03705624123128942,NO
1129,39,0.03705624123128942,NO
1130,50,0.03719281607834045,NO
1131,31,0.03699046235329165,NO
1132,39,0.03699046235329165,NO
1133,39,0.03699046235329165,NO
1134,22,0.03699046235329165,NO
1135,27,0.03699046235329165,NO
1136,28,0.03699046235329165,NO
1137,30,0.03699046235329165,NO
1138,34,0.03699046235329165,NO
1139,41,0.037126804112283106,NO
1140,59,0.037126804112283106,NO
1141,31,0.03692474622205861,NO
1142,51,0.0370608550821428,NO
1143,72,0.03721558851292548,NO
1144,23,0.03692474622205861,NO
1145,507,0.04241802242775644,NO
1146,48,0.03692914614335148,NO
1147,77,0.037083350850800514,NO
1148,43,0.03692914614335148,NO
1149,38,0.03679350251213801,NO
1150,47,0.03692914614335148,NO
1151,22,0.03679350251213801,NO
1152,22,0.03679350251213801,NO
1153,86,0.037083350850800514,NO
1154,43,0.03686338639058262,NO
1155,518,0.04219309135486013,NO
1156,37,0.03666251072211469,NO
1157,23,0.03666251072211469,NO
1158,97,0.03705756745713384,NO
1159,107,0.03705756745713384,NO
1160,177,0.037458824356754274,NO
1161,688,0.04553210851967492,NO
1162,23,0.03640128535327585,NO
1163,152,0.037258567669692384,NO
1164,139,0.03704941854142404,NO
1165,140,0.036983155147869304,NO
1166,129,0.036983155147869304,NO
1167,1046,0.057062512352937675,NO
1168,46,0.0362744039180502,NO
1169,271,0.0379513098174756,NO
1170,112,0.036464718884225845,NO
1171,95,0.03629527082402819,NO
1172,107,0.036464718884225845,NO
1173,143,0.03658693065434584,NO
1174,22,0.035946586091888395,NO
1175,22,0.035946586091888395,NO
1176,22,0.035946586091888395,NO
1177,44,0.036079224416523926,NO
1178,77,0.03623001362452499,NO
1179,168,0.03672740047329697,NO
1180,236,0.03739503177869802,NO
1181,131,0.03645537414323831,NO
1182,154,0.0024214572563069138,NO
1183,232,0.002445416029373883,NO
1184,142,0.002399361398715439,NO
1185,23,0.0023559045774338996,NO
1186,110,0.03620290545743357,NO
1187,21,0.03575267278307903,NO
1188,22,0.035688163249889535,NO
1189,22,0.035688163249889535,NO
1190,22,0.035688163249889535,NO
1191,42,0.035819883456676374,NO
1192,46,0.035819883456676374,NO
1193,18,0.035688163249889535,NO
1194,39,0.035688163249889535,NO
1195,22,0.035688163249889535,NO
1196,38,0.03562371795327847,NO
1197,25,0.03562371795327847,NO
1198,104,0.0360723874529857,NO
1199,22,0.03562371795327847,NO
1200,92,0.03590469458334136,NO
1201,22,0.03562371795327847,NO
1202,17,0.03562371795327847,NO
1203,58,0.03569059928824075,NO
1204,31,0.03555933696370377,NO
1205,27,0.03555933696370377,NO
1206,36,0.03555933696370377,NO
1207,58,0.03569059928824075,NO
1208,31,0.03555933696370377,NO
1209,22,0.03555933696370377,NO
1210,68,0.03562605403001598,NO
1211,17,0.035495020351223795,NO
1212,31,0.035495020351223795,NO
1213,28,0.035495020351223795,NO
1214,31,0.035495020351223795,NO
1215,36,0.035495020351223795,NO
1216,17,0.035495020351223795,NO
1217,17,0.035495020351223795,NO
1218,144,0.03612762227113471,NO
1219,123,0.03606226780117814,NO
1220,44,0.03556157341594817,NO
1221,70,0.035710279307421926,NO
1222,208,0.03666422284893607,NO
1223,106,0.03568239515215034,NO
1224,36,0.03523839906018712,NO
1225,338,0.037624606012347454,NO
1226,292,0.03723654992540357,NO
1227,22,0.03511047647078376,NO
1228,56,0.035240142431965424,NO
1229,56,0.035240142431965424,NO
1230,36,0.03511047647078376,NO
1231,145,0.03567151826472279,NO
1232,37,0.0350466124276322,NO
1233,662,0.0429766601113877,NO
1234,22,0.034919079179422066,NO
1235,475,0.03919717756460278,NO
1236,22,0.03485541010721905,NO
1237,22,0.03485541010721905,NO
1238,58,0.034920337834657034,NO
1239,164,0.04496231872281306,NO
1240,77,0.035002437641249606,NO
1241,348,0.03741765889285043,NO
1242,45,0.03472923921335323,NO
1243,139,0.03521864257183134,NO
1244,119,0.0349735345364521,NO
1245,113,0.0349735345364521,NO
1246,163,0.03528833816225379,NO
1247,117,0.03490948815648302,NO
1248,18,0.03447476552536917,NO
1249,22,0.03447476552536917,NO
1250,48,0.0345387308473294,NO
1251,266,0.045899856300081726,NO
1252,22,0.03434840739237477,NO
1253,18,0.03434840739237477,NO
1254,209,0.051389741094647355,NO
1255,43,0.0018659944407430442,NO
1256,187,0.02010946891731216,NO
1257,41,0.0018595956035606324,NO
1258,188,0.044795058432601224,NO
1259,30,0.0018461621103987365,NO
1260,66,0.0018532160913266498,NO
1261,57,0.0018532160913266498,NO
