ID, Size, Predicted, Actual
0,215,0.002413055942648628,NO
1,274,0.002413055942648628,NO
2,461,0.002413055942648628,NO
3,138,0.002413055942648628,NO
4,358,0.002413055942648628,NO
5,1248,0.9997576417223875,YES
6,51,8.069482626168995E-4,NO
7,45,0.9997576417223875,NO
8,157,0.002413055942648628,NO
9,31,8.069482626168995E-4,NO
10,1008,0.002413055942648628,YES
11,55,0.002413055942648628,NO
12,204,0.002413055942648628,NO
13,55,0.002413055942648628,NO
14,103,0.002413055942648628,NO
15,83,0.9997576417223875,YES
16,262,0.002413055942648628,NO
17,83,0.002413055942648628,NO
18,867,0.002413055942648628,YES
19,40,8.069482626168995E-4,NO
20,387,0.002413055942648628,NO
21,390,0.002413055942648628,NO
22,51,0.0012094464332273282,NO
23,637,0.9997576417223875,YES
24,32,8.069482626168995E-4,NO
25,68,0.002413055942648628,NO
26,547,0.9997576417223875,NO
27,566,0.002413055942648628,NO
28,314,0.002413055942648628,NO
29,839,0.002413055942648628,NO
30,211,0.002413055942648628,NO
31,31,0.002413055942648628,NO
32,50,0.0012094464332273282,NO
33,27,8.069482626168995E-4,NO
34,175,0.002413055942648628,NO
35,50,0.002413055942648628,NO
36,62,0.0012094464332273282,NO
37,87,0.002413055942648628,NO
38,52,0.0012094464332273282,NO
39,373,0.9997576417223875,NO
40,224,0.002413055942648628,NO
41,118,0.002413055942648628,NO
42,83,0.0012094464332273282,NO
43,147,6.054554825875576E-4,NO
44,58,0.002413055942648628,NO
45,44,8.069482626168995E-4,NO
46,106,0.002413055942648628,NO
47,189,0.002413055942648628,NO
48,151,0.0012094464332273282,NO
49,352,0.9997576417223875,YES
50,849,0.002413055942648628,YES
51,877,0.002413055942648628,YES
52,41,0.002413055942648628,NO
53,319,0.0012094464332273282,YES
54,27,8.069482626168995E-4,NO
55,55,8.069482626168995E-4,NO
56,94,8.069482626168995E-4,NO
57,191,0.0012094464332273282,NO
58,90,0.0012094464332273282,NO
59,90,0.0012094464332273282,NO
60,271,0.002413055942648628,YES
61,152,0.002413055942648628,NO
62,90,0.002413055942648628,NO
63,82,0.002413055942648628,NO
64,147,0.0012094464332273282,NO
65,422,0.002413055942648628,YES
66,1059,0.9997576417223875,YES
67,530,0.0012094464332273282,NO
68,205,0.9997576417223875,YES
69,190,0.9997576417223875,YES
70,86,0.002413055942648628,NO
71,207,0.9997576417223875,YES
72,397,0.002413055942648628,YES
73,573,0.9997576417223875,NO
74,126,0.0012094464332273282,YES
75,167,0.9997576417223875,YES
76,109,0.0012094464332273282,NO
77,85,6.054554825875576E-4,NO
78,237,0.002413055942648628,NO
79,424,0.002413055942648628,NO
80,47,0.002413055942648628,NO
81,1118,0.9997576417223875,YES
82,27,8.069482626168995E-4,NO
83,89,0.0012094464332273282,NO
84,474,0.9997576417223875,YES
85,166,0.9997576417223875,NO
86,92,0.0012094464332273282,NO
87,476,0.9997576417223875,YES
88,93,0.0012094464332273282,NO
89,244,0.0012094464332273282,NO
90,204,0.9997576417223875,YES
91,252,0.002413055942648628,NO
92,109,0.0012094464332273282,YES
93,618,0.9997576417223875,YES
94,565,0.9997576417223875,YES
95,69,0.0012094464332273282,NO
96,77,0.0012094464332273282,NO
97,97,0.002413055942648628,NO
98,343,0.002413055942648628,NO
99,214,0.0012094464332273282,NO
100,79,0.0012094464332273282,NO
101,25,0.0012094464332273282,NO
102,84,0.0012094464332273282,NO
103,34,0.0012094464332273282,NO
104,33,0.0012094464332273282,NO
105,104,0.0012094464332273282,NO
106,172,0.0012094464332273282,NO
107,70,0.0012094464332273282,NO
108,140,0.0012094464332273282,NO
109,156,0.002413055942648628,NO
110,142,0.002413055942648628,NO
111,152,0.002413055942648628,NO
112,31,0.0012094464332273282,NO
113,60,0.0012094464332273282,NO
114,60,0.0012094464332273282,NO
115,876,0.9997576417223875,NO
116,61,0.0012094464332273282,NO
117,185,0.0012094464332273282,NO
118,264,0.0012094464332273282,NO
119,43,0.002413055942648628,NO
120,248,0.0012094464332273282,NO
121,310,0.9997576417223875,YES
122,199,0.9997576417223875,YES
123,194,0.002413055942648628,NO
124,346,0.002413055942648628,NO
125,90,0.002413055942648628,NO
126,335,0.002413055942648628,YES
127,372,0.9997576417223875,YES
128,84,0.002413055942648628,NO
129,53,0.002413055942648628,NO
130,148,0.9997576417223875,YES
131,4088,0.0012094464332273282,NO
132,860,0.9997576417223875,YES
133,47,0.002413055942648628,NO
134,101,0.002413055942648628,NO
135,517,0.002413055942648628,YES
136,327,0.002413055942648628,YES
137,275,0.002413055942648628,YES
138,136,0.9997576417223875,YES
139,56,0.0012094464332273282,NO
140,74,0.0012094464332273282,YES
141,362,0.002413055942648628,YES
142,174,0.002413055942648628,NO
143,148,0.002413055942648628,NO
144,92,0.002413055942648628,NO
145,45,0.0012094464332273282,NO
146,39,0.002413055942648628,NO
147,182,0.002413055942648628,NO
148,77,0.002413055942648628,NO
149,666,0.002413055942648628,NO
150,88,0.0012094464332273282,NO
151,263,0.002413055942648628,NO
152,54,6.054554825875576E-4,NO
153,76,0.002413055942648628,NO
154,132,0.002413055942648628,NO
155,160,0.002413055942648628,YES
156,152,0.0012094464332273282,NO
157,39,6.054554825875576E-4,NO
158,677,0.002413055942648628,NO
159,131,0.0012094464332273282,NO
160,47,8.069482626168995E-4,NO
161,129,0.0012094464332273282,NO
162,43,8.069482626168995E-4,NO
163,73,0.002413055942648628,NO
164,257,0.9997576417223875,NO
165,356,0.0012094464332273282,NO
166,62,0.0012094464332273282,NO
167,45,0.0012094464332273282,NO
168,97,0.002413055942648628,NO
169,131,0.9997576417223875,YES
170,68,0.9997576417223875,NO
171,99,0.9997576417223875,NO
172,53,0.9997576417223875,NO
173,81,0.9997576417223875,NO
174,78,0.9997576417223875,NO
175,69,0.9997576417223875,NO
176,69,0.9997576417223875,NO
177,77,0.9997576417223875,NO
178,72,0.9997576417223875,NO
179,72,0.9997576417223875,NO
180,63,0.9997576417223875,NO
181,50,0.9997576417223875,NO
182,28,0.9997576417223875,NO
183,96,0.9997576417223875,NO
184,40,0.9997576417223875,NO
185,76,0.9997576417223875,NO
186,49,0.9997576417223875,NO
187,63,0.002413055942648628,NO
188,55,0.002413055942648628,NO
189,45,0.002413055942648628,NO
190,476,0.002413055942648628,NO
191,77,0.002413055942648628,NO
192,69,0.002413055942648628,NO
193,104,0.002413055942648628,NO
194,115,0.002413055942648628,NO
195,421,0.002413055942648628,NO
196,61,0.002413055942648628,NO
197,2009,0.002413055942648628,NO
198,179,0.002413055942648628,NO
199,106,0.002413055942648628,NO
200,33,0.002413055942648628,NO
201,657,0.002413055942648628,NO
202,295,0.002413055942648628,NO
203,872,0.002413055942648628,NO
204,444,0.002413055942648628,NO
205,168,0.002413055942648628,NO
206,752,0.002413055942648628,NO
207,135,0.002413055942648628,NO
208,1126,0.002413055942648628,NO
209,163,0.002413055942648628,NO
210,184,0.002413055942648628,NO
211,51,0.002413055942648628,NO
212,25,0.002413055942648628,NO
213,180,0.002413055942648628,NO
214,64,0.002413055942648628,NO
215,101,0.002413055942648628,NO
216,512,0.002413055942648628,NO
217,187,0.002413055942648628,NO
218,56,0.002413055942648628,NO
219,39,0.002413055942648628,NO
220,261,0.002413055942648628,NO
221,73,0.002413055942648628,NO
222,65,0.002413055942648628,NO
223,329,0.002413055942648628,NO
224,64,0.002413055942648628,NO
225,164,0.002413055942648628,NO
226,624,0.002413055942648628,NO
227,74,0.002413055942648628,NO
228,117,0.002413055942648628,NO
229,84,0.002413055942648628,NO
230,226,0.002413055942648628,NO
231,76,0.002413055942648628,NO
232,323,0.002413055942648628,NO
233,72,6.054554825875576E-4,NO
234,42,6.054554825875576E-4,NO
235,48,6.054554825875576E-4,NO
236,89,0.0012094464332273282,NO
237,380,0.0012094464332273282,NO
238,141,0.002413055942648628,NO
239,148,0.002413055942648628,NO
240,191,0.0012094464332273282,NO
241,46,6.054554825875576E-4,NO
242,165,8.069482626168995E-4,NO
243,171,0.0012094464332273282,NO
244,56,0.0012094464332273282,NO
245,179,0.0012094464332273282,NO
246,74,6.054554825875576E-4,NO
247,36,8.069482626168995E-4,NO
248,37,6.054554825875576E-4,NO
249,34,0.0012094464332273282,NO
250,34,0.0012094464332273282,NO
251,38,6.054554825875576E-4,NO
252,39,6.054554825875576E-4,NO
253,156,0.0012094464332273282,NO
254,84,0.0012094464332273282,NO
255,117,0.0012094464332273282,NO
256,94,0.0012094464332273282,NO
257,71,0.0012094464332273282,NO
258,183,0.0012094464332273282,NO
259,85,0.0012094464332273282,NO
260,183,0.0012094464332273282,NO
261,70,0.0012094464332273282,NO
262,54,0.0012094464332273282,NO
263,160,0.0012094464332273282,NO
264,128,0.002413055942648628,NO
265,151,0.0012094464332273282,NO
266,422,0.002413055942648628,NO
267,221,0.002413055942648628,NO
268,50,0.0012094464332273282,NO
269,42,0.0012094464332273282,NO
270,624,0.0012094464332273282,NO
271,377,0.0012094464332273282,NO
272,382,0.002413055942648628,NO
273,72,0.0012094464332273282,NO
274,92,0.0012094464332273282,NO
275,282,0.002413055942648628,NO
276,371,0.0012094464332273282,NO
277,47,0.0012094464332273282,NO
278,108,0.0012094464332273282,NO
279,111,0.0012094464332273282,NO
280,319,0.0012094464332273282,NO
281,129,0.0012094464332273282,NO
282,49,0.0012094464332273282,NO
283,358,0.0012094464332273282,NO
284,277,0.0012094464332273282,NO
285,49,0.0012094464332273282,NO
286,89,0.0012094464332273282,NO
287,41,6.054554825875576E-4,NO
288,66,6.054554825875576E-4,NO
289,63,8.069482626168995E-4,NO
290,24,0.0012094464332273282,NO
291,50,0.0012094464332273282,NO
292,72,0.0012094464332273282,NO
293,47,0.0012094464332273282,NO
294,47,6.054554825875576E-4,NO
295,183,6.054554825875576E-4,NO
296,49,6.054554825875576E-4,NO
297,50,6.054554825875576E-4,NO
298,98,6.054554825875576E-4,NO
299,143,8.069482626168995E-4,NO
300,43,6.054554825875576E-4,NO
301,42,6.054554825875576E-4,NO
302,56,8.069482626168995E-4,NO
303,44,0.0012094464332273282,NO
304,26,0.0012094464332273282,NO
305,254,0.0012094464332273282,NO
306,16883,0.0012094464332273282,NO
307,74,0.0012094464332273282,NO
308,153,6.054554825875576E-4,NO
309,68,0.0012094464332273282,NO
310,100,0.0012094464332273282,NO
311,550,0.002413055942648628,NO
312,437,0.0012094464332273282,NO
313,1038,0.002413055942648628,NO
314,104,0.002413055942648628,NO
315,332,0.002413055942648628,NO
316,123,8.069482626168995E-4,NO
317,106,0.0012094464332273282,NO
318,106,0.002413055942648628,NO
319,94,0.002413055942648628,NO
320,101,0.002413055942648628,NO
321,38,0.0012094464332273282,NO
322,628,0.002413055942648628,YES
323,32,8.069482626168995E-4,NO
324,111,6.054554825875576E-4,NO
325,35,6.054554825875576E-4,NO
326,90,0.0012094464332273282,NO
327,27,6.054554825875576E-4,NO
328,28,6.054554825875576E-4,NO
329,92,0.0012094464332273282,NO
330,979,0.002413055942648628,NO
331,67,8.069482626168995E-4,NO
332,29,6.054554825875576E-4,NO
333,105,0.0012094464332273282,NO
334,72,8.069482626168995E-4,NO
335,37,6.054554825875576E-4,NO
336,47,0.0012094464332273282,NO
337,31,8.069482626168995E-4,NO
338,90,0.0012094464332273282,NO
339,223,0.0012094464332273282,NO
340,214,0.0012094464332273282,NO
341,107,0.0012094464332273282,NO
342,37,8.069482626168995E-4,NO
343,27,8.069482626168995E-4,NO
344,48,8.069482626168995E-4,NO
345,167,0.002413055942648628,NO
346,213,0.0012094464332273282,NO
347,867,0.002413055942648628,NO
348,159,0.0012094464332273282,NO
349,100,0.0012094464332273282,NO
350,96,0.0012094464332273282,NO
351,842,0.002413055942648628,NO
352,535,0.002413055942648628,NO
353,83,0.0012094464332273282,NO
354,63,8.069482626168995E-4,NO
355,76,6.054554825875576E-4,NO
356,202,0.0012094464332273282,NO
357,155,0.002413055942648628,NO
358,1263,0.002413055942648628,NO
359,74,6.054554825875576E-4,NO
360,101,0.0012094464332273282,NO
361,27,0.0012094464332273282,NO
362,22,6.054554825875576E-4,NO
363,491,0.002413055942648628,NO
364,62,6.054554825875576E-4,NO
365,59,0.0012094464332273282,NO
366,99,0.0012094464332273282,NO
367,27,6.054554825875576E-4,NO
368,77,6.054554825875576E-4,NO
369,863,0.002413055942648628,NO
370,64,0.0012094464332273282,NO
371,45,8.069482626168995E-4,NO
372,63,6.054554825875576E-4,NO
373,54,0.0012094464332273282,NO
374,64,6.054554825875576E-4,NO
375,132,0.0012094464332273282,NO
376,182,0.002413055942648628,NO
377,70,0.0012094464332273282,NO
378,36,8.069482626168995E-4,NO
379,58,6.054554825875576E-4,NO
380,62,6.054554825875576E-4,NO
381,132,8.069482626168995E-4,NO
382,74,8.069482626168995E-4,NO
383,86,0.002413055942648628,NO
384,74,6.054554825875576E-4,NO
385,48,6.054554825875576E-4,NO
386,74,0.0012094464332273282,NO
387,86,8.069482626168995E-4,NO
388,355,0.0012094464332273282,NO
389,53,6.054554825875576E-4,NO
390,804,0.002413055942648628,NO
391,75,0.0012094464332273282,NO
392,125,0.0012094464332273282,NO
393,200,0.0012094464332273282,NO
394,134,0.0012094464332273282,NO
395,57,6.054554825875576E-4,NO
396,123,0.0012094464332273282,NO
397,266,0.002413055942648628,YES
398,162,0.0012094464332273282,NO
399,130,0.0012094464332273282,YES
400,108,0.0012094464332273282,YES
401,354,0.002413055942648628,YES
402,88,0.002413055942648628,YES
403,28,6.054554825875576E-4,NO
404,58,0.002413055942648628,NO
405,308,0.002413055942648628,YES
406,343,0.002413055942648628,YES
407,103,6.054554825875576E-4,NO
408,35,8.069482626168995E-4,NO
409,98,6.054554825875576E-4,NO
410,117,0.002413055942648628,NO
