ID, Size, Predicted, Actual
0,227,7.731284334841043E-4,NO
1,276,7.731284334841043E-4,NO
2,460,7.731284334841043E-4,NO
3,138,7.731284334841043E-4,NO
4,355,7.731284334841043E-4,NO
5,23,7.731284334841043E-4,NO
6,31,0.9999225794157526,YES
7,109,0.9999225794157526,YES
8,44,0.9999225794157526,YES
9,72,0.9999225794157526,YES
10,99,0.9999225794157526,YES
11,103,0.9999225794157526,YES
12,20,7.731284334841043E-4,NO
13,135,7.731284334841043E-4,YES
14,1699,0.9999225794157526,YES
15,45,0.4545470543357174,NO
16,200,7.731284334841043E-4,NO
17,2583,0.9999225794157526,YES
18,55,7.731284334841043E-4,NO
19,204,7.731284334841043E-4,NO
20,59,7.731284334841043E-4,NO
21,102,7.731284334841043E-4,NO
22,34,7.731284334841043E-4,NO
23,83,7.731284334841043E-4,NO
24,114,0.9999225794157526,YES
25,60,7.731284334841043E-4,NO
26,512,7.731284334841043E-4,NO
27,87,7.731284334841043E-4,NO
28,130,0.9999225794157526,NO
29,37,7.731284334841043E-4,NO
30,101,0.3225895079684207,NO
31,1185,7.731284334841043E-4,YES
32,455,0.9999225794157526,YES
33,40,7.731284334841043E-4,NO
34,518,0.9999225794157526,YES
35,382,7.731284334841043E-4,NO
36,49,7.731284334841043E-4,NO
37,586,7.731284334841043E-4,NO
38,32,4.8390674980399314E-5,NO
39,73,0.9999225794157526,YES
40,633,0.9999225794157526,NO
41,681,7.731284334841043E-4,NO
42,470,0.9999225794157526,YES
43,1015,7.731284334841043E-4,NO
44,278,7.731284334841043E-4,NO
45,31,7.731284334841043E-4,NO
46,36,7.731284334841043E-4,NO
47,58,0.9999225794157526,YES
48,172,7.731284334841043E-4,YES
49,86,7.731284334841043E-4,NO
50,162,7.731284334841043E-4,NO
51,53,7.731284334841043E-4,NO
52,415,7.731284334841043E-4,NO
53,200,7.731284334841043E-4,NO
54,264,7.731284334841043E-4,NO
55,166,0.9999225794157526,YES
56,38,7.731284334841043E-4,NO
57,117,7.731284334841043E-4,NO
58,85,7.731284334841043E-4,NO
59,66,7.731284334841043E-4,NO
60,60,7.731284334841043E-4,NO
61,37,7.731284334841043E-4,NO
62,233,7.731284334841043E-4,NO
63,37,1.935065164559309E-4,NO
64,239,7.731284334841043E-4,NO
65,40,7.731284334841043E-4,NO
66,208,7.731284334841043E-4,YES
67,189,7.731284334841043E-4,NO
68,22,7.731284334841043E-4,NO
69,262,7.731284334841043E-4,NO
70,489,0.9999225794157526,YES
71,1417,0.9999225794157526,YES
72,1376,0.9999225794157526,YES
73,66,7.731284334841043E-4,NO
74,438,7.731284334841043E-4,NO
75,430,0.9999225794157526,YES
76,35,7.731284334841043E-4,NO
77,53,7.731284334841043E-4,NO
78,197,7.731284334841043E-4,NO
79,108,7.731284334841043E-4,NO
80,237,7.731284334841043E-4,NO
81,119,7.731284334841043E-4,NO
82,334,7.731284334841043E-4,NO
83,161,0.9999225794157526,NO
84,136,7.731284334841043E-4,NO
85,281,7.731284334841043E-4,NO
86,203,7.731284334841043E-4,NO
87,97,8.602139142463069E-5,NO
88,107,7.731284334841043E-4,NO
89,148,0.40000619422221206,NO
90,462,0.9999225794157526,NO
91,1856,0.9999225794157526,YES
92,245,0.9999225794157526,YES
93,634,0.9999225794157526,YES
94,214,7.731284334841043E-4,NO
95,258,7.731284334841043E-4,NO
96,70,3.86863311768252E-4,NO
97,93,7.731284334841043E-4,NO
98,337,7.731284334841043E-4,NO
99,149,0.9999225794157526,NO
100,585,0.9999225794157526,NO
101,115,7.731284334841043E-4,NO
102,192,0.9999225794157526,YES
103,704,0.9999225794157526,YES
104,591,0.9999225794157526,NO
105,141,7.731284334841043E-4,NO
106,179,0.9999225794157526,YES
107,602,7.731284334841043E-4,YES
108,141,7.731284334841043E-4,NO
109,42,7.731284334841043E-4,NO
110,42,7.731284334841043E-4,NO
111,85,5.955642367947242E-5,NO
112,69,0.9999225794157526,YES
113,471,7.731284334841043E-4,NO
114,106,0.9999225794157526,NO
115,250,7.731284334841043E-4,NO
116,162,0.9999225794157526,NO
117,24,7.731284334841043E-4,NO
118,56,0.8332903207876214,NO
119,51,3.86863311768252E-4,NO
120,22,3.86863311768252E-4,NO
121,24,7.731284334841043E-4,NO
122,492,0.9999225794157526,YES
123,1624,0.9999225794157526,YES
124,47,1.759769289281071E-5,NO
125,2258,0.9999225794157526,YES
126,85,2.579754086594672E-4,NO
127,50,3.86863311768252E-4,NO
128,44,3.86863311768252E-4,NO
129,52,3.86863311768252E-4,NO
130,41,1.935065164559309E-4,NO
131,48,3.86863311768252E-4,NO
132,213,3.86863311768252E-4,NO
133,543,7.731284334841043E-4,YES
134,233,7.731284334841043E-4,NO
135,134,7.731284334841043E-4,NO
136,104,0.9999225794157526,NO
137,121,0.9999225794157526,YES
138,39,7.731284334841043E-4,NO
139,41,6.451881856774615E-5,NO
140,248,7.731284334841043E-4,NO
141,215,3.86863311768252E-4,NO
142,269,7.731284334841043E-4,NO
143,165,7.731284334841043E-4,NO
144,277,0.9999225794157526,NO
145,100,7.731284334841043E-4,NO
146,358,0.9999225794157526,NO
147,29,7.731284334841043E-4,NO
148,339,0.9999225794157526,NO
149,719,7.731284334841043E-4,NO
150,141,7.731284334841043E-4,NO
151,801,0.9999225794157526,YES
152,69,0.34483587224676127,NO
153,77,2.5809525667223064E-5,NO
154,97,8.602139142463069E-5,NO
155,380,9.677198423752576E-5,NO
156,214,7.038334006482346E-5,NO
157,38,7.731284334841043E-4,NO
158,79,8.602139142463069E-5,NO
159,25,6.451881856774615E-5,NO
160,84,0.3225895079684207,NO
161,34,2.867708626536029E-5,NO
162,33,5.5302863936766575E-5,NO
163,104,4.55444239727779E-5,NO
164,193,7.731284334841043E-4,NO
165,70,4.0750664810497134E-5,NO
166,140,1.1059349559945433E-4,NO
167,22,7.742058424744399E-5,NO
168,158,7.731284334841043E-4,NO
169,142,7.731284334841043E-4,NO
170,109,0.9999225794157526,NO
171,152,7.731284334841043E-4,YES
172,31,3.226149075714195E-5,NO
173,344,7.731284334841043E-4,NO
174,60,3.86863311768252E-4,YES
175,85,7.731284334841043E-4,YES
176,78,7.731284334841043E-4,YES
177,880,7.731284334841043E-4,YES
178,64,7.731284334841043E-4,NO
179,199,7.731284334841043E-4,NO
180,264,7.731284334841043E-4,YES
181,155,7.731284334841043E-4,NO
182,42,7.731284334841043E-4,NO
183,405,0.9999225794157526,YES
184,248,1.290209885719861E-4,NO
185,541,7.731284334841043E-4,YES
186,28,2.579754086594672E-4,NO
187,452,7.731284334841043E-4,YES
188,474,0.9999225794157526,NO
189,379,0.9999225794157526,YES
190,83,7.731284334841043E-4,NO
191,393,7.731284334841043E-4,YES
192,439,0.9999225794157526,YES
193,248,7.731284334841043E-4,NO
194,13253,0.9999225794157526,YES
195,28,2.579754086594672E-4,NO
196,69,0.9999225794157526,YES
197,6303,0.9999225794157526,NO
198,116,7.731284334841043E-4,NO
199,100,0.9999225794157526,NO
200,46,7.731284334841043E-4,NO
201,226,0.9999225794157526,NO
202,79,7.731284334841043E-4,NO
203,93,7.731284334841043E-4,NO
204,2156,0.9999225794157526,YES
205,41,7.731284334841043E-4,NO
206,64,1.935065164559309E-4,NO
207,149,7.731284334841043E-4,NO
208,334,0.9999225794157526,NO
209,114,0.9999225794157526,NO
210,66,7.731284334841043E-4,NO
211,38,7.731284334841043E-4,NO
212,46,7.731284334841043E-4,NO
213,101,0.3225895079684207,NO
214,111,7.731284334841043E-4,NO
215,156,7.731284334841043E-4,NO
216,113,0.9999225794157526,NO
217,770,7.731284334841043E-4,YES
218,392,7.731284334841043E-4,NO
219,314,7.731284334841043E-4,NO
220,139,0.9999225794157526,YES
221,59,7.731284334841043E-4,NO
222,78,7.731284334841043E-4,NO
223,49,7.731284334841043E-4,NO
224,511,0.9999225794157526,YES
225,42,3.86863311768252E-4,NO
226,75,0.9999225794157526,NO
227,219,0.9999225794157526,NO
228,103,7.731284334841043E-4,NO
229,158,0.9999225794157526,NO
230,190,7.731284334841043E-4,NO
231,88,7.731284334841043E-4,NO
232,248,7.731284334841043E-4,NO
233,276,0.9999225794157526,NO
234,60,2.579754086594672E-4,NO
235,35,0.9090333227217652,NO
236,63,2.579754086594672E-4,NO
237,79,7.731284334841043E-4,NO
238,174,7.731284334841043E-4,NO
239,148,3.86863311768252E-4,NO
240,34,3.86863311768252E-4,NO
241,35,0.9090333227217652,NO
242,45,1.5481719641929133E-4,NO
243,293,7.731284334841043E-4,NO
244,88,0.9999225794157526,YES
245,57,7.731284334841043E-4,NO
246,39,2.867708626536029E-5,NO
247,57,7.038334006482346E-5,NO
248,277,7.731284334841043E-4,NO
249,468,7.731284334841043E-4,NO
250,75,7.731284334841043E-4,NO
251,666,1.1059349559945433E-4,NO
252,53,0.9999225794157526,YES
253,145,3.86863311768252E-4,NO
254,396,7.731284334841043E-4,YES
255,54,3.366406982892398E-5,NO
256,104,7.731284334841043E-4,NO
257,119,1.935065164559309E-4,NO
258,514,0.9999225794157526,YES
259,152,9.677198423752576E-5,NO
260,95,7.731284334841043E-4,NO
261,415,0.9999225794157526,NO
262,131,0.5882272568663577,NO
263,45,7.731284334841043E-4,NO
264,156,7.731284334841043E-4,NO
265,166,0.9999225794157526,YES
266,43,3.366406982892398E-5,NO
267,74,0.9999225794157526,YES
268,302,7.731284334841043E-4,NO
269,494,7.731284334841043E-4,NO
270,421,0.9999225794157526,NO
271,723,7.731284334841043E-4,NO
272,550,7.731284334841043E-4,NO
273,493,7.731284334841043E-4,NO
274,416,0.9999225794157526,NO
275,359,7.731284334841043E-4,NO
276,62,2.5809525667223064E-5,NO
277,45,0.4545470543357174,NO
278,41,6.451881856774615E-5,NO
279,47,1.759769289281071E-5,NO
280,55,4.3014395870499405E-5,NO
281,1456,0.9999225794157526,NO
282,187,7.731284334841043E-4,NO
283,163,9.677198423752576E-5,NO
284,142,7.731284334841043E-4,NO
285,73,7.731284334841043E-4,NO
286,108,0.9999225794157526,YES
287,20,7.731284334841043E-4,NO
288,60,7.731284334841043E-4,NO
289,84,7.731284334841043E-4,NO
290,82,0.9999225794157526,NO
291,86,0.9999225794157526,YES
292,67,0.9999225794157526,NO
293,20,7.731284334841043E-4,NO
294,60,0.9999225794157526,YES
295,88,0.9999225794157526,YES
296,47,0.9999225794157526,YES
297,76,0.9999225794157526,YES
298,21,7.731284334841043E-4,NO
299,53,2.579754086594672E-4,NO
300,114,0.9999225794157526,YES
301,121,0.9999225794157526,YES
302,78,0.9999225794157526,YES
303,20,7.731284334841043E-4,NO
304,69,7.731284334841043E-4,NO
305,80,7.731284334841043E-4,NO
306,79,7.731284334841043E-4,NO
307,81,0.9999225794157526,YES
308,88,0.9999225794157526,YES
309,20,7.731284334841043E-4,NO
310,105,0.9999225794157526,YES
311,60,0.9999225794157526,YES
312,50,7.731284334841043E-4,NO
313,28,7.731284334841043E-4,NO
314,129,0.9999225794157526,YES
315,43,7.731284334841043E-4,NO
316,76,7.731284334841043E-4,NO
317,63,7.731284334841043E-4,NO
318,65,7.731284334841043E-4,NO
319,76,0.9999225794157526,YES
320,45,7.731284334841043E-4,NO
321,20,7.731284334841043E-4,NO
