ID, Size, Predicted, Actual
0,227,1.5935290856622717E-4,NO
1,276,3.1860427609629914E-4,NO
2,460,6.368027760176599E-4,NO
3,138,1.274904532427972E-4,NO
4,352,6.368027760176599E-4,NO
5,23,6.368027760176599E-4,NO
6,56,0.7692043617388299,NO
7,51,2.1244797528644893E-4,NO
8,22,2.1244797528644893E-4,NO
9,44,2.1244797528644893E-4,NO
10,111,2.1244797528644893E-4,NO
11,71,6.368027760176599E-4,NO
12,196,0.9999362466454346,NO
13,39,2.1244797528644893E-4,NO
14,124,6.368027760176599E-4,NO
15,38,3.1860427609629914E-4,NO
16,22,2.1244797528644893E-4,NO
17,44,2.1244797528644893E-4,NO
18,368,0.9999362466454346,NO
19,22,2.1244797528644893E-4,NO
20,285,6.368027760176599E-4,NO
21,21,2.1244797528644893E-4,NO
22,22,2.1244797528644893E-4,NO
23,208,6.368027760176599E-4,NO
24,55,1.5935290856622717E-4,NO
25,21,2.1244797528644893E-4,NO
26,288,6.368027760176599E-4,NO
27,47,1.274904532427972E-4,NO
28,54,6.368027760176599E-4,NO
29,105,6.368027760176599E-4,NO
30,483,6.368027760176599E-4,NO
31,35,0.7692043617388299,NO
32,142,6.368027760176599E-4,NO
33,95,0.8332979140503198,NO
34,164,6.368027760176599E-4,NO
35,70,2.1244797528644893E-4,NO
36,22,2.1244797528644893E-4,NO
37,26,6.368027760176599E-4,NO
38,21,2.1244797528644893E-4,NO
39,56,0.7692043617388299,NO
40,102,6.368027760176599E-4,NO
41,107,6.368027760176599E-4,NO
42,67,7.083605706468385E-5,NO
43,39,2.1244797528644893E-4,NO
44,52,6.368027760176599E-4,NO
45,20,1.0624655950967344E-4,NO
46,42,1.5935290856622717E-4,NO
47,36,6.368027760176599E-4,NO
48,30,6.368027760176599E-4,NO
49,71,6.368027760176599E-4,NO
50,57,6.368027760176599E-4,NO
51,31,1.5935290856622717E-4,NO
52,20,1.0624655950967344E-4,NO
53,90,6.368027760176599E-4,NO
54,52,6.368027760176599E-4,NO
55,108,6.368027760176599E-4,NO
56,20,1.0624655950967344E-4,NO
57,93,6.368027760176599E-4,NO
58,52,6.368027760176599E-4,NO
59,117,6.368027760176599E-4,NO
60,20,1.0624655950967344E-4,NO
61,31,2.277092170249649E-5,NO
62,109,0.6896468329906084,NO
63,44,4.250404289385664E-5,NO
64,72,1.875267446641428E-5,NO
65,99,5.7958266883868734E-5,NO
66,103,3.9847751924310224E-5,NO
67,20,1.0624655950967344E-4,NO
68,71,6.368027760176599E-4,NO
69,140,6.368027760176599E-4,NO
70,1579,6.368027760176599E-4,NO
71,45,0.3921595592418042,NO
72,282,6.368027760176599E-4,NO
73,2582,0.9999362466454346,NO
74,242,6.368027760176599E-4,NO
75,55,3.0360768041547384E-5,NO
76,204,9.107124415296625E-5,NO
77,59,5.7958266883868734E-5,NO
78,102,3.1860427609629914E-4,NO
79,34,2.0567374764464E-5,NO
80,83,0.333340417641594,NO
81,114,2.1244797528644893E-4,NO
82,60,0.4000051006585861,NO
83,461,6.368027760176599E-4,NO
84,87,9.107124415296625E-5,NO
85,130,0.9090671975165385,NO
86,49,6.368027760176599E-4,NO
87,123,6.368027760176599E-4,NO
88,101,0.28572209295855205,NO
89,1350,6.368027760176599E-4,NO
90,455,6.368027760176599E-4,NO
91,40,4.250404289385664E-5,NO
92,518,6.368027760176599E-4,NO
93,371,6.368027760176599E-4,NO
94,49,2.8980813119635666E-5,NO
95,490,6.368027760176599E-4,NO
96,32,3.750394233438495E-5,NO
97,73,5.7958266883868734E-5,NO
98,633,6.368027760176599E-4,NO
99,780,0.9999362466454346,NO
100,470,6.368027760176599E-4,NO
101,1015,6.368027760176599E-4,NO
102,278,6.368027760176599E-4,NO
103,31,2.277092170249649E-5,NO
104,36,3.750394233438495E-5,NO
105,58,0.3030379142999943,NO
106,172,1.274904532427972E-4,NO
107,86,3.5420537583563456E-5,NO
108,162,0.49999999999999994,NO
109,53,2.8980813119635666E-5,NO
110,415,3.1860427609629914E-4,NO
111,200,7.968915298142233E-5,NO
112,264,1.5935290856622717E-4,NO
113,166,1.0624655950967344E-4,NO
114,38,0.31250747175121824,NO
115,122,6.368027760176599E-4,NO
116,85,3.1860427609629914E-4,NO
117,66,6.368027760176599E-4,NO
118,60,0.4000051006585861,NO
119,37,1.9924669915459075E-5,NO
120,233,2.1244797528644893E-4,NO
121,37,1.9924669915459075E-5,NO
122,239,6.368027760176599E-4,NO
123,40,4.250404289385664E-5,NO
124,208,0.9090434886907315,NO
125,210,6.368027760176599E-4,NO
126,388,6.368027760176599E-4,NO
127,22,4.553976943994445E-5,NO
128,262,3.1860427609629914E-4,NO
129,306,0.9999362466454346,NO
130,1438,0.9999362466454346,NO
131,1469,6.368027760176599E-4,NO
132,67,6.368027760176599E-4,NO
133,437,0.9999362466454346,NO
134,223,6.368027760176599E-4,NO
135,35,3.1878709657413815E-5,NO
136,53,2.8980813119635666E-5,NO
137,196,6.368027760176599E-4,NO
138,108,0.6896468329906084,NO
139,237,1.5935290856622717E-4,NO
140,219,3.1860427609629914E-4,NO
141,340,6.368027760176599E-4,NO
142,161,6.368027760176599E-4,NO
143,136,2.1244797528644893E-4,NO
144,376,0.9999362466454346,NO
145,388,6.368027760176599E-4,NO
146,153,6.368027760176599E-4,NO
147,114,0.9999362466454346,NO
148,220,6.368027760176599E-4,NO
149,453,6.368027760176599E-4,NO
150,1828,6.368027760176599E-4,NO
151,246,6.368027760176599E-4,NO
152,636,6.368027760176599E-4,NO
153,299,6.368027760176599E-4,NO
154,259,6.368027760176599E-4,NO
155,90,0.333340417641594,NO
156,93,0.5263140233461117,NO
157,441,6.368027760176599E-4,NO
158,149,1.5935290856622717E-4,NO
159,610,6.368027760176599E-4,NO
160,123,6.368027760176599E-4,NO
161,197,6.368027760176599E-4,NO
162,865,6.368027760176599E-4,NO
163,596,6.368027760176599E-4,NO
164,141,6.368027760176599E-4,NO
165,179,6.368027760176599E-4,NO
166,630,6.368027760176599E-4,NO
167,402,6.368027760176599E-4,NO
168,42,2.125292478215488E-5,NO
169,42,2.125292478215488E-5,NO
170,315,6.368027760176599E-4,NO
171,85,3.750394233438495E-5,NO
172,472,6.368027760176599E-4,NO
173,106,3.1860427609629914E-4,NO
174,250,2.1244797528644893E-4,NO
175,162,0.49999999999999994,NO
176,236,0.9999362466454346,NO
177,73,3.1860427609629914E-4,NO
178,104,3.1860427609629914E-4,NO
179,40,3.1860427609629914E-4,NO
180,98,6.368027760176599E-4,NO
181,39,2.1244797528644893E-4,NO
182,38,3.1860427609629914E-4,NO
183,67,3.1860427609629914E-4,NO
184,76,3.1860427609629914E-4,NO
185,42,1.5935290856622717E-4,NO
186,71,6.368027760176599E-4,NO
187,101,6.368027760176599E-4,NO
188,59,3.1860427609629914E-4,NO
189,55,1.5935290856622717E-4,NO
190,27,1.274904532427972E-4,NO
191,89,6.368027760176599E-4,NO
192,26,6.368027760176599E-4,NO
193,24,7.083605706468385E-5,NO
194,485,6.368027760176599E-4,NO
195,1651,0.9999362466454346,NO
196,48,6.368027760176599E-4,NO
197,2479,0.9999362466454346,NO
198,23,1.0624655950967344E-4,NO
199,115,0.9999362466454346,NO
200,108,6.368027760176599E-4,NO
201,346,6.368027760176599E-4,NO
202,391,6.368027760176599E-4,NO
203,22,2.1244797528644893E-4,NO
204,83,6.368027760176599E-4,NO
205,51,6.368027760176599E-4,NO
206,43,6.368027760176599E-4,NO
207,54,6.368027760176599E-4,NO
208,43,6.368027760176599E-4,NO
209,47,6.368027760176599E-4,NO
210,33,3.1860427609629914E-4,NO
211,195,6.368027760176599E-4,NO
212,91,6.368027760176599E-4,NO
213,110,6.368027760176599E-4,NO
214,81,0.9090434886907315,NO
215,108,0.9999362466454346,NO
216,109,6.368027760176599E-4,NO
217,90,0.9090434886907315,NO
218,131,6.368027760176599E-4,NO
219,95,6.368027760176599E-4,NO
220,132,6.368027760176599E-4,NO
221,176,6.368027760176599E-4,NO
222,124,6.368027760176599E-4,NO
223,103,6.368027760176599E-4,NO
224,120,0.9090434886907315,NO
225,149,6.368027760176599E-4,NO
226,76,3.1860427609629914E-4,NO
227,89,3.1860427609629914E-4,NO
228,20,1.0624655950967344E-4,NO
229,213,1.0624655950967344E-4,NO
230,542,6.368027760176599E-4,NO
231,233,2.1244797528644893E-4,NO
232,134,9.107124415296625E-5,NO
233,104,3.0360768041547384E-5,NO
234,121,3.1860427609629914E-4,NO
235,39,2.125292478215488E-5,NO
236,41,3.5420537583563456E-5,NO
237,248,5.7958266883868734E-5,NO
238,215,1.5935290856622717E-4,NO
239,269,6.368027760176599E-4,NO
240,165,7.083605706468385E-5,NO
241,277,9.107124415296625E-5,NO
242,100,0.5405391433319121,NO
243,358,5.7958266883868734E-5,NO
244,29,6.375335456546789E-5,NO
245,339,6.368027760176599E-4,NO
246,719,6.368027760176599E-4,NO
247,141,9.107124415296625E-5,NO
248,801,6.368027760176599E-4,NO
249,77,1.9924669915459075E-5,NO
250,97,4.904248503017694E-5,NO
251,380,6.375335456546789E-5,NO
252,214,4.553976943994445E-5,NO
253,38,0.31250747175121824,NO
254,79,4.553976943994445E-5,NO
255,25,4.553976943994445E-5,NO
256,84,0.29412536874830963,NO
257,34,2.0567374764464E-5,NO
258,33,3.9847751924310224E-5,NO
259,104,3.0360768041547384E-5,NO
260,193,0.7692043617388299,NO
261,70,3.0360768041547384E-5,NO
262,140,7.083605706468385E-5,NO
263,22,4.553976943994445E-5,NO
264,158,3.1860427609629914E-4,NO
265,142,1.274904532427972E-4,NO
266,109,0.6896468329906084,NO
267,158,3.1860427609629914E-4,NO
268,31,2.277092170249649E-5,NO
269,344,6.368027760176599E-4,NO
270,71,9.107124415296625E-5,NO
271,84,0.29412536874830963,NO
272,79,4.553976943994445E-5,NO
273,881,3.1860427609629914E-4,NO
274,64,2.3614249341979855E-5,NO
275,199,0.7692043617388299,NO
276,261,1.0624655950967344E-4,NO
277,155,1.274904532427972E-4,NO
278,45,6.368027760176599E-4,NO
279,23,1.0624655950967344E-4,NO
280,405,6.368027760176599E-4,NO
281,248,5.7958266883868734E-5,NO
282,599,6.368027760176599E-4,NO
283,28,2.6565873676436092E-5,NO
284,452,6.368027760176599E-4,NO
285,482,0.9999362466454346,NO
286,434,0.9999362466454346,NO
287,83,0.333340417641594,NO
288,393,6.368027760176599E-4,NO
289,230,0.9999362466454346,NO
290,248,5.7958266883868734E-5,NO
291,28,2.6565873676436092E-5,NO
292,69,0.3030379142999943,NO
293,116,6.368027760176599E-4,NO
294,100,0.5405391433319121,NO
295,46,4.553976943994445E-5,NO
296,226,1.0624655950967344E-4,NO
297,86,6.368027760176599E-4,NO
298,93,0.5263140233461117,NO
299,1935,0.9999362466454346,NO
300,41,3.5420537583563456E-5,NO
301,64,2.3614249341979855E-5,NO
302,176,6.368027760176599E-4,NO
303,334,3.1860427609629914E-4,NO
304,114,2.1244797528644893E-4,NO
305,66,3.5420537583563456E-5,NO
306,38,0.31250747175121824,NO
307,46,6.368027760176599E-4,NO
308,101,0.28572209295855205,NO
309,144,6.368027760176599E-4,NO
310,156,5.312892452027744E-5,NO
311,113,2.1244797528644893E-4,NO
312,753,6.368027760176599E-4,NO
313,397,6.368027760176599E-4,NO
314,327,0.9999362466454346,NO
315,139,2.1244797528644893E-4,NO
316,59,5.7958266883868734E-5,NO
317,78,0.7407293709169835,NO
318,50,6.368027760176599E-4,NO
319,483,6.368027760176599E-4,NO
320,42,2.125292478215488E-5,NO
321,75,7.968915298142233E-5,NO
322,219,6.368027760176599E-4,NO
323,103,3.9847751924310224E-5,NO
324,158,3.1860427609629914E-4,NO
325,190,1.5935290856622717E-4,NO
326,88,0.7692219661578233,NO
327,248,5.7958266883868734E-5,NO
328,276,3.1860427609629914E-4,NO
329,330,0.9999362466454346,NO
330,69,1.5935290856622717E-4,NO
331,21,2.1244797528644893E-4,NO
332,39,2.1244797528644893E-4,NO
333,22,2.1244797528644893E-4,NO
334,24,2.1244797528644893E-4,NO
335,62,3.1860427609629914E-4,NO
336,67,6.368027760176599E-4,NO
337,65,6.368027760176599E-4,NO
338,63,0.8332979140503198,NO
339,22,2.1244797528644893E-4,NO
340,60,0.4000051006585861,NO
341,38,6.368027760176599E-4,NO
342,62,6.368027760176599E-4,NO
343,23,1.0624655950967344E-4,NO
344,79,6.368027760176599E-4,NO
345,23,1.0624655950967344E-4,NO
346,176,0.9999362466454346,NO
347,149,6.368027760176599E-4,NO
348,23,1.0624655950967344E-4,NO
349,34,2.0567374764464E-5,NO
350,35,3.1878709657413815E-5,NO
351,45,0.3921595592418042,NO
352,293,6.368027760176599E-4,NO
353,58,3.1860427609629914E-4,NO
354,39,2.125292478215488E-5,NO
355,57,4.553976943994445E-5,NO
356,277,9.107124415296625E-5,NO
357,468,0.9999362466454346,NO
358,75,7.968915298142233E-5,NO
359,666,7.083605706468385E-5,NO
360,53,2.8980813119635666E-5,NO
361,145,3.1860427609629914E-4,NO
362,53,2.8980813119635666E-5,NO
363,398,6.368027760176599E-4,NO
364,119,9.107124415296625E-5,NO
365,271,6.368027760176599E-4,NO
366,175,6.368027760176599E-4,NO
367,78,6.368027760176599E-4,NO
368,415,3.1860427609629914E-4,NO
369,131,0.5263140233461117,NO
370,45,0.3921595592418042,NO
371,156,5.312892452027744E-5,NO
372,166,1.0624655950967344E-4,NO
373,43,2.5503292930759313E-5,NO
374,74,0.15873706648611866,NO
375,302,6.368027760176599E-4,NO
376,494,6.368027760176599E-4,NO
377,421,1.0624655950967344E-4,NO
378,723,6.368027760176599E-4,NO
379,550,1.274904532427972E-4,NO
380,493,6.368027760176599E-4,NO
381,416,6.368027760176599E-4,NO
382,359,3.1860427609629914E-4,NO
383,66,6.368027760176599E-4,NO
384,62,6.368027760176599E-4,NO
385,34,6.368027760176599E-4,NO
386,23,1.0624655950967344E-4,NO
387,41,3.5420537583563456E-5,NO
388,50,6.368027760176599E-4,NO
389,55,6.368027760176599E-4,NO
390,1467,0.9999362466454346,NO
391,187,6.368027760176599E-4,NO
392,162,0.9999362466454346,NO
393,23,1.0624655950967344E-4,NO
394,142,1.274904532427972E-4,NO
395,73,5.7958266883868734E-5,NO
396,108,0.6896468329906084,NO
397,20,1.0624655950967344E-4,NO
398,61,3.1860427609629914E-4,NO
399,86,6.368027760176599E-4,NO
400,84,2.1244797528644893E-4,NO
401,90,0.9090434886907315,NO
402,67,3.1860427609629914E-4,NO
403,20,1.274904532427972E-4,NO
404,60,0.4000051006585861,NO
405,88,0.7692219661578233,NO
406,47,1.3012209229995896E-5,NO
407,76,2.7720847625104077E-5,NO
408,21,3.3556423877752026E-5,NO
409,53,2.8980813119635666E-5,NO
410,114,2.1244797528644893E-4,NO
411,121,3.1860427609629914E-4,NO
412,78,0.7407293709169835,NO
413,20,1.0624655950967344E-4,NO
414,69,0.3030379142999943,NO
415,80,2.1244797528644893E-4,NO
416,79,4.553976943994445E-5,NO
417,81,0.7692043617388299,NO
418,88,0.7692219661578233,NO
419,20,1.0624655950967344E-4,NO
420,105,0.6896468329906084,NO
421,60,0.4000051006585861,NO
422,50,1.875267446641428E-5,NO
423,28,2.6565873676436092E-5,NO
424,129,5.7958266883868734E-5,NO
425,43,2.5503292930759313E-5,NO
426,76,2.7720847625104077E-5,NO
427,63,0.2325660706904002,NO
428,65,7.968915298142233E-5,NO
429,76,2.7720847625104077E-5,NO
430,45,0.3921595592418042,NO
431,20,1.0624655950967344E-4,NO
432,126,0.7142661972416686,NO
