ID, Size, Predicted, Actual
0,227,0.05169839427982076,NO
1,276,0.05257601342965354,NO
2,460,0.054814549943433266,NO
3,138,0.050400992759187246,NO
4,355,0.05346379620979653,NO
5,23,0.049126374088940473,NO
6,31,0.9815946129749769,YES
7,109,0.9819168319948323,YES
8,44,0.9815946129749769,YES
9,72,0.9817565929292036,YES
10,99,0.9819168319948323,YES
11,103,0.9819168319948323,YES
12,20,0.049126374088940473,NO
13,135,0.050400992759187246,YES
14,1699,1.0,YES
15,45,0.049126374088940473,NO
16,200,0.051263392030469306,NO
17,2583,0.9903263119435795,YES
18,55,0.04954871944960071,NO
19,204,0.051263392030469306,NO
20,59,0.04954871944960071,NO
21,102,0.04997359151017667,NO
22,34,0.049126374088940473,NO
23,83,0.04997359151017667,NO
24,114,0.9820753506379323,YES
25,60,0.04954871944960071,NO
26,512,0.05572778312926872,NO
27,87,0.04997359151017667,NO
28,130,0.050400992759187246,NO
29,37,0.049126374088940473,NO
30,101,0.04997359151017667,NO
31,1185,0.9864614250173201,YES
32,455,0.9835702387953428,YES
33,40,0.049126374088940473,NO
34,518,0.983850493717855,YES
35,382,0.05391150241019759,NO
36,49,0.04954871944960071,NO
37,586,0.05665120626222614,NO
38,32,0.049126374088940473,NO
39,73,0.9817565929292036,YES
40,633,0.05758482100243661,NO
41,681,0.05805545001504539,NO
42,470,1.0,YES
43,1015,0.06340028560354449,NO
44,278,0.05257601342965354,NO
45,31,0.049126374088940473,NO
46,36,0.049126374088940473,NO
47,58,0.9817565929292036,YES
48,172,0.9822321690706066,YES
49,86,0.04997359151017667,NO
50,162,0.05083092553618378,NO
51,53,0.04954871944960071,NO
52,415,0.05436175334057308,NO
53,200,0.051263392030469306,NO
54,264,0.05213593416923006,NO
55,166,1.0,YES
56,38,0.049126374088940473,NO
57,117,0.050400992759187246,NO
58,85,0.04997359151017667,NO
59,66,0.04954871944960071,NO
60,60,0.04954871944960071,NO
61,37,0.049126374088940473,NO
62,233,0.05169839427982076,NO
63,37,0.049126374088940473,NO
64,239,0.05169839427982076,NO
65,40,0.049126374088940473,NO
66,208,0.9823873072541629,YES
67,189,0.051263392030469306,NO
68,22,0.049126374088940473,NO
69,262,0.05213593416923006,NO
70,489,0.9837111131359173,YES
71,1417,1.0,YES
72,1376,1.0,YES
73,66,0.04954871944960071,NO
74,438,0.054814549943433266,NO
75,430,0.9834278530764448,YES
76,35,0.049126374088940473,NO
77,53,0.04954871944960071,NO
78,197,0.051263392030469306,NO
79,108,0.04997359151017667,NO
80,237,0.05169839427982076,NO
81,119,0.050400992759187246,NO
82,334,0.053018633636778674,NO
83,161,0.05083092553618378,NO
84,136,0.050400992759187246,NO
85,281,0.05257601342965354,NO
86,203,0.051263392030469306,NO
87,97,0.04997359151017667,NO
88,107,0.04997359151017667,NO
89,148,0.05083092553618378,NO
90,462,0.054814549943433266,NO
91,1856,1.0,YES
92,245,1.0,YES
93,634,0.9843934232700142,YES
94,214,0.05169839427982076,NO
95,258,0.05213593416923006,NO
96,70,0.04954871944960071,NO
97,93,0.04997359151017667,NO
98,337,0.053018633636778674,NO
99,149,0.05083092553618378,NO
100,585,0.05665120626222614,NO
101,115,0.050400992759187246,NO
102,192,0.051263392030469306,YES
103,704,0.05852862634051543,YES
104,591,0.05665120626222614,NO
105,141,0.050400992759187246,NO
106,179,0.9823873072541629,YES
107,602,0.9842598458506933,YES
108,141,0.050400992759187246,NO
109,42,0.049126374088940473,NO
110,42,0.049126374088940473,NO
111,85,0.04997359151017667,NO
112,69,0.9817565929292036,YES
113,471,0.0552698930000429,NO
114,106,0.04997359151017667,NO
115,250,0.05213593416923006,NO
116,162,0.05083092553618378,NO
117,24,0.049126374088940473,NO
118,56,0.04954871944960071,NO
119,51,0.04954871944960071,NO
120,22,0.049126374088940473,NO
121,24,0.049126374088940473,NO
122,492,1.0,YES
123,1624,1.0,YES
124,47,0.049126374088940473,NO
125,2258,1.0,YES
126,85,0.04997359151017667,NO
127,50,0.04954871944960071,NO
128,44,0.049126374088940473,NO
129,52,0.04954871944960071,NO
130,41,0.049126374088940473,NO
131,48,0.049126374088940473,NO
132,213,0.05169839427982076,NO
133,543,0.9839883979425432,YES
134,233,0.05169839427982076,NO
135,134,0.050400992759187246,NO
136,104,0.04997359151017667,NO
137,121,0.9820753506379323,YES
138,39,0.049126374088940473,NO
139,41,0.049126374088940473,NO
140,248,0.05213593416923006,NO
141,215,0.05169839427982076,NO
142,269,0.05213593416923006,NO
143,165,0.05083092553618378,NO
144,277,0.05257601342965354,NO
145,100,0.04997359151017667,NO
146,358,0.05346379620979653,NO
147,29,0.049126374088940473,NO
148,339,0.05346379620979653,NO
149,719,0.05852862634051543,NO
150,141,0.050400992759187246,NO
151,801,0.9850405011539533,YES
152,69,0.04954871944960071,NO
153,77,0.04954871944960071,NO
154,97,0.04997359151017667,NO
155,380,0.05391150241019759,NO
156,214,0.05169839427982076,NO
157,38,0.049126374088940473,NO
158,79,0.04954871944960071,NO
159,25,0.049126374088940473,NO
160,84,0.04997359151017667,NO
161,34,0.049126374088940473,NO
162,33,0.049126374088940473,NO
163,104,0.04997359151017667,NO
164,193,0.051263392030469306,NO
165,70,0.04954871944960071,NO
166,140,0.050400992759187246,NO
167,22,0.049126374088940473,NO
168,158,0.05083092553618378,NO
169,142,0.050400992759187246,NO
170,109,0.04997359151017667,NO
171,152,0.05083092553618378,YES
172,31,0.049126374088940473,NO
173,344,0.05346379620979653,NO
174,60,0.04954871944960071,YES
175,85,0.04997359151017667,YES
176,78,0.04954871944960071,YES
177,880,0.060932692442559375,YES
178,64,0.04954871944960071,NO
179,199,0.051263392030469306,NO
180,264,0.05213593416923006,YES
181,155,0.05083092553618378,NO
182,42,0.049126374088940473,NO
183,405,1.0,YES
184,248,0.05213593416923006,NO
185,541,0.9839883979425432,YES
186,28,0.049126374088940473,NO
187,452,0.9835702387953428,YES
188,474,0.0552698930000429,NO
189,379,0.983283938138458,YES
190,83,0.04997359151017667,NO
191,393,0.983283938138458,YES
192,439,1.0,YES
193,248,0.05213593416923006,NO
194,13253,0.9827993150751119,YES
195,28,0.049126374088940473,NO
196,69,0.9817565929292036,YES
197,6303,0.1723672720739018,NO
198,116,0.050400992759187246,NO
199,100,0.04997359151017667,NO
200,46,0.049126374088940473,NO
201,226,0.05169839427982076,NO
202,79,0.04954871944960071,NO
203,93,0.04997359151017667,NO
204,2156,1.0,YES
205,41,0.049126374088940473,NO
206,64,0.04954871944960071,NO
207,149,0.05083092553618378,NO
208,334,0.053018633636778674,NO
209,114,0.050400992759187246,NO
210,66,0.04954871944960071,NO
211,38,0.049126374088940473,NO
212,46,0.049126374088940473,NO
213,101,0.04997359151017667,NO
214,111,0.04997359151017667,NO
215,156,0.05083092553618378,NO
216,113,0.050400992759187246,NO
217,770,0.9849138066411127,YES
218,392,0.05391150241019759,NO
219,314,0.053018633636778674,NO
220,139,0.9820753506379323,YES
221,59,0.04954871944960071,NO
222,78,0.04954871944960071,NO
223,49,0.04954871944960071,NO
224,511,0.983850493717855,YES
225,42,0.049126374088940473,NO
226,75,0.04954871944960071,NO
227,219,0.05169839427982076,NO
228,103,0.04997359151017667,NO
229,158,0.05083092553618378,NO
230,190,0.051263392030469306,NO
231,88,0.04997359151017667,NO
232,248,0.05213593416923006,NO
233,276,0.05257601342965354,NO
234,60,0.04954871944960071,NO
235,35,0.049126374088940473,NO
236,63,0.04954871944960071,NO
237,79,0.04954871944960071,NO
238,174,0.05083092553618378,NO
239,148,0.05083092553618378,NO
240,34,0.049126374088940473,NO
241,35,0.049126374088940473,NO
242,45,0.049126374088940473,NO
243,293,0.05257601342965354,NO
244,88,0.9819168319948323,YES
245,57,0.04954871944960071,NO
246,39,0.049126374088940473,NO
247,57,0.04954871944960071,NO
248,277,0.05257601342965354,NO
249,468,0.0552698930000429,NO
250,75,0.04954871944960071,NO
251,666,0.05805545001504539,NO
252,53,0.9817565929292036,YES
253,145,0.05083092553618378,NO
254,396,0.983283938138458,YES
255,54,0.04954871944960071,NO
256,104,0.04997359151017667,NO
257,119,0.050400992759187246,NO
258,514,0.983850493717855,YES
259,152,0.05083092553618378,NO
260,95,0.04997359151017667,NO
261,415,0.05436175334057308,NO
262,131,0.050400992759187246,NO
263,45,0.049126374088940473,NO
264,156,0.05083092553618378,NO
265,166,0.9822321690706066,YES
266,43,0.049126374088940473,NO
267,74,0.9817565929292036,YES
268,302,0.05257601342965354,NO
269,494,0.0552698930000429,NO
270,421,0.05436175334057308,NO
271,723,0.059004349429968225,NO
272,550,0.05618822078643845,NO
273,493,0.0552698930000429,NO
274,416,0.05436175334057308,NO
275,359,0.05346379620979653,NO
276,62,0.04954871944960071,NO
277,45,0.049126374088940473,NO
278,41,0.049126374088940473,NO
279,47,0.049126374088940473,NO
280,55,0.04954871944960071,NO
281,1456,0.07011126396731052,NO
282,187,0.051263392030469306,NO
283,163,0.05083092553618378,NO
284,142,0.050400992759187246,NO
285,73,0.04954871944960071,NO
286,108,0.9819168319948323,YES
287,20,0.049126374088940473,NO
288,60,0.04954871944960071,NO
289,84,0.04997359151017667,NO
290,82,0.04997359151017667,NO
291,86,0.9819168319948323,YES
292,67,0.04954871944960071,NO
293,20,0.049126374088940473,NO
294,60,0.9817565929292036,YES
295,88,0.9819168319948323,YES
296,47,0.9815946129749769,YES
297,76,0.9817565929292036,YES
298,21,0.049126374088940473,NO
299,53,0.04954871944960071,NO
300,114,0.9820753506379323,YES
301,121,0.9820753506379323,YES
302,78,0.9817565929292036,YES
303,20,0.049126374088940473,NO
304,69,0.04954871944960071,NO
305,80,0.04954871944960071,NO
306,79,0.04954871944960071,NO
307,81,0.9819168319948323,YES
308,88,0.9819168319948323,YES
309,20,0.049126374088940473,NO
310,105,0.9819168319948323,YES
311,60,0.9817565929292036,YES
312,50,0.04954871944960071,NO
313,28,0.049126374088940473,NO
314,129,0.9820753506379323,YES
315,43,0.049126374088940473,NO
316,76,0.04954871944960071,NO
317,63,0.04954871944960071,NO
318,65,0.04954871944960071,NO
319,76,0.9817565929292036,YES
320,45,0.049126374088940473,NO
321,20,0.049126374088940473,NO
