ID, Size, Predicted, Actual
0,227,0.205,NO
1,276,0.4814880952380953,NO
2,460,0.73,NO
3,138,0.3045,NO
4,352,0.64,NO
5,23,0.01,NO
6,56,0.06,NO
7,51,0.06,NO
8,22,0.03,NO
9,44,0.03,NO
10,111,0.19,NO
11,71,0.16,NO
12,196,0.23,NO
13,39,0.03,NO
14,124,0.35,NO
15,38,0.03,NO
16,22,0.03,NO
17,44,0.03,NO
18,368,0.63,NO
19,22,0.03,NO
20,285,0.5,NO
21,21,0.03,NO
22,22,0.01,NO
23,208,0.19,NO
24,55,0.02,NO
25,21,0.01,NO
26,288,0.48,NO
27,47,0.01,NO
28,54,0.01,NO
29,105,0.12,NO
30,483,0.57,NO
31,35,0.0,NO
32,142,0.17,NO
33,95,0.08,NO
34,164,0.19,NO
35,70,0.05,NO
36,22,0.0,NO
37,26,0.0,NO
38,21,0.0,NO
39,56,0.0,NO
40,102,0.1,NO
41,107,0.11,NO
42,67,0.09,NO
43,39,0.0,NO
44,52,0.0,NO
45,20,0.0,NO
46,42,0.0,NO
47,36,0.0,NO
48,30,0.0,NO
49,71,0.06,NO
50,57,0.0,NO
51,31,0.0,NO
52,20,0.0,NO
53,90,0.11,NO
54,52,0.0,NO
55,108,0.12,NO
56,20,0.0,NO
57,93,0.08,NO
58,52,0.01,NO
59,117,0.17,NO
60,20,0.0,NO
61,31,0.01,NO
62,109,0.0,NO
63,44,0.01,NO
64,72,0.09,NO
65,99,0.01,NO
66,103,0.0,NO
67,20,0.01,NO
68,71,0.17,NO
69,140,0.5,NO
70,1579,0.83,NO
71,45,0.0,NO
72,282,0.76,NO
73,2582,0.54,NO
74,242,0.23,NO
75,55,0.0,NO
76,204,0.04,NO
77,59,0.0,NO
78,102,0.01,NO
79,34,0.0,NO
80,83,0.01,NO
81,114,0.0,NO
82,60,0.01,NO
83,461,0.53,NO
84,87,0.02,NO
85,130,0.03,NO
86,49,0.03,NO
87,123,0.19,NO
88,101,0.04,NO
89,1350,0.77,NO
90,455,0.45,NO
91,40,0.0,NO
92,518,0.41,NO
93,371,0.18,NO
94,49,0.0,NO
95,490,0.48,NO
96,32,0.0,NO
97,73,0.58,NO
98,633,0.49,NO
99,780,0.81,NO
100,470,0.87,NO
101,1015,0.9,NO
102,278,0.49,NO
103,31,0.01,NO
104,36,0.04,NO
105,58,0.05,NO
106,172,0.1,NO
107,86,0.1,NO
108,162,0.07,NO
109,53,0.0,NO
110,415,0.32,NO
111,200,0.16,NO
112,264,0.52,NO
113,166,0.18,NO
114,38,0.04,NO
115,122,0.16,NO
116,85,0.14,NO
117,66,0.08,NO
118,60,0.02,NO
119,37,0.01,NO
120,233,0.53,NO
121,37,0.0068571428571428585,NO
122,239,0.16822222222222222,NO
123,40,0.0068571428571428585,NO
124,208,0.24,NO
125,210,0.83,NO
126,388,0.77,NO
127,22,0.0,NO
128,262,0.27,NO
129,306,0.85,NO
130,1438,0.48,NO
131,1469,0.74,NO
132,67,0.23,NO
133,437,0.49,NO
134,223,0.28,NO
135,35,0.0,NO
136,53,0.0,NO
137,196,0.16,NO
138,108,0.10125,NO
139,237,0.02,NO
140,219,0.29,NO
141,340,0.62,NO
142,161,0.33,NO
143,136,0.16540476190476192,NO
144,376,0.32,NO
145,388,0.59,NO
146,153,0.53,NO
147,114,0.3,NO
148,220,0.43,NO
149,453,0.49,NO
150,1828,0.74,NO
151,246,0.41,NO
152,636,0.8,NO
153,299,0.58,NO
154,259,0.47,NO
155,90,0.77,NO
156,93,0.03,NO
157,441,0.54,NO
158,149,0.39,NO
159,610,0.55,NO
160,123,0.5371428571428571,NO
161,197,0.36,NO
162,865,0.53,NO
163,596,0.38,NO
164,141,0.55,NO
165,179,0.26,NO
166,630,0.37,NO
167,402,0.41,NO
168,42,0.016666666666666663,NO
169,42,0.0,NO
170,315,0.38,NO
171,85,0.0,NO
172,472,0.47,NO
173,106,0.19,NO
174,250,0.05571428571428571,NO
175,162,0.0948051948051948,NO
176,236,0.21,NO
177,73,0.29,NO
178,104,0.25,NO
179,40,0.07,NO
180,98,0.28,NO
181,39,0.05,NO
182,38,0.05,NO
183,67,0.3,NO
184,76,0.37,NO
185,42,0.03,NO
186,71,0.31,NO
187,101,0.32,NO
188,59,0.13,NO
189,55,0.08,NO
190,27,0.01,NO
191,89,0.8,NO
192,26,0.01,NO
193,24,0.05266666666666666,NO
194,485,0.71,NO
195,1651,0.74,NO
196,48,0.01,NO
197,2479,0.78,NO
198,23,0.0,NO
199,115,0.82,NO
200,108,0.3,NO
201,346,0.72,NO
202,391,0.71,NO
203,22,0.0,NO
204,83,0.25,NO
205,51,0.02,NO
206,43,0.0,NO
207,54,0.05,NO
208,43,0.0,NO
209,47,0.0,NO
210,33,0.0,NO
211,195,0.76,NO
212,91,0.31,NO
213,110,0.31,NO
214,81,0.29,NO
215,108,0.81,NO
216,109,0.3,NO
217,90,0.32,NO
218,131,0.49,NO
219,95,0.34,NO
220,132,0.48,NO
221,176,0.41,NO
222,124,0.51,NO
223,103,0.33,NO
224,120,0.49,NO
225,149,0.82,NO
226,76,0.29,NO
227,89,0.35,NO
228,20,0.0,NO
229,213,0.02,NO
230,542,0.13380952380952377,NO
231,233,0.2,NO
232,134,0.32,NO
233,104,0.32705555555555554,NO
234,121,0.18055555555555558,NO
235,39,0.016666666666666666,NO
236,41,0.06,NO
237,248,0.0,NO
238,215,0.04,NO
239,269,0.2863095238095238,NO
240,165,0.04,NO
241,277,0.43839285714285714,NO
242,100,0.29,NO
243,358,0.26899999999999996,NO
244,29,0.0,NO
245,339,0.22047619047619046,NO
246,719,0.35,NO
247,141,0.12916666666666665,NO
248,801,0.28,NO
249,77,0.03,NO
250,97,0.13,NO
251,380,0.03,NO
252,214,0.0,NO
253,38,0.0,NO
254,79,0.01,NO
255,25,0.0,NO
256,84,0.0,NO
257,34,0.0,NO
258,33,0.0,NO
259,104,0.0,NO
260,193,0.03,NO
261,70,0.0,NO
262,140,0.0,NO
263,22,0.0,NO
264,158,0.15043650793650792,NO
265,142,0.0,NO
266,109,0.1829761904761905,NO
267,158,0.16,NO
268,31,0.0,NO
269,344,0.056666666666666664,NO
270,71,0.1,NO
271,84,0.21,NO
272,79,0.14,NO
273,881,0.09666666666666668,NO
274,64,0.04,NO
275,199,0.0455,NO
276,261,0.05,NO
277,155,0.17500793650793647,NO
278,45,0.07875,NO
279,23,0.07,NO
280,405,0.76,NO
281,248,0.008333333333333333,NO
282,599,0.78,NO
283,28,0.075,NO
284,452,0.128,NO
285,482,0.24,NO
286,434,0.385,NO
287,83,0.32,NO
288,393,0.85,NO
289,230,0.64,NO
290,248,0.18888888888888888,NO
291,28,0.03,NO
292,69,0.15833333333333335,NO
293,116,0.09875,NO
294,100,0.10041666666666667,NO
295,46,0.0,NO
296,226,0.515,NO
297,86,0.19,NO
298,93,0.11360714285714288,NO
299,1935,0.64,NO
300,41,0.01,NO
301,64,0.14,NO
302,176,0.11,NO
303,334,0.08349999999999999,NO
304,114,0.12125,NO
305,66,0.2,NO
306,38,0.03,NO
307,46,0.11,NO
308,101,0.06,NO
309,144,0.1,NO
310,156,0.1045,NO
311,113,0.12125,NO
312,753,0.7,NO
313,397,0.45,NO
314,327,0.72,NO
315,139,0.05,NO
316,59,0.0375,NO
317,78,0.01,NO
318,50,0.01,NO
319,483,0.48,NO
320,42,0.0,NO
321,75,0.2885873015873016,NO
322,219,0.155,NO
323,103,0.17,NO
324,158,0.045,NO
325,190,0.12,NO
326,88,0.02,NO
327,248,0.15,NO
328,276,0.24625,NO
329,330,0.71,NO
330,69,0.03,NO
331,21,0.0,NO
332,39,0.0,NO
333,22,0.0,NO
334,24,0.0,NO
335,62,0.32666666666666666,NO
336,67,0.31666666666666665,NO
337,65,0.16666666666666663,NO
338,63,0.31666666666666665,NO
339,22,0.0,NO
340,60,0.02,NO
341,38,0.0,NO
342,62,0.0,NO
343,23,0.0,NO
344,79,0.0,NO
345,23,0.0,NO
346,176,0.01,NO
347,149,0.05,NO
348,23,0.0,NO
349,34,0.0,NO
350,35,0.0,NO
351,45,0.0,NO
352,293,0.3,NO
353,58,0.01,NO
354,39,0.0,NO
355,57,0.06,NO
356,277,0.35291666666666666,NO
357,468,0.48083333333333333,NO
358,75,0.03,NO
359,666,0.0475,NO
360,53,0.4479642857142857,NO
361,145,0.2659047619047619,NO
362,53,0.059666666666666666,NO
363,398,0.5,NO
364,119,0.09,NO
365,271,0.14,NO
366,175,0.02,NO
367,78,0.19,NO
368,415,0.09,NO
369,131,0.0,NO
370,45,0.0,NO
371,156,0.04,NO
372,166,0.16,NO
373,43,0.01,NO
374,74,0.1,NO
375,302,0.3418809523809524,NO
376,494,0.04,NO
377,421,0.04,NO
378,723,0.05,NO
379,550,0.02,NO
380,493,0.02,NO
381,416,0.03,NO
382,359,0.03,NO
383,66,0.28,NO
384,62,0.16,NO
385,34,0.06,NO
386,23,0.05,NO
387,41,0.0,NO
388,50,0.06,NO
389,55,0.08,NO
390,1467,0.03,NO
391,187,0.11,NO
392,162,0.17,NO
393,23,0.22,NO
394,142,0.14,NO
395,73,0.16666666666666663,NO
396,108,0.33,NO
397,20,0.04,NO
398,61,0.18,NO
399,86,0.49,NO
400,84,0.48,NO
401,90,0.45,NO
402,67,0.31,NO
403,20,0.08,NO
404,60,0.24,NO
405,88,0.24,NO
406,47,0.02,NO
407,76,0.05,NO
408,21,0.03,NO
409,53,0.01,NO
410,114,0.22,NO
411,121,0.25,NO
412,78,0.15,NO
413,20,0.02,NO
414,69,0.08,NO
415,80,0.09,NO
416,79,0.04,NO
417,81,0.05,NO
418,88,0.0475,NO
419,20,0.02,NO
420,105,0.12,NO
421,60,0.07333333333333333,NO
422,50,0.0,NO
423,28,0.0,NO
424,129,0.04,NO
425,43,0.01,NO
426,76,0.0,NO
427,63,0.0,NO
428,65,0.09,NO
429,76,0.05,NO
430,45,0.02,NO
431,20,0.02,NO
432,126,0.0,NO
