ID, Size, Predicted, Actual
0,212,5.37345513164965E-4,NO
1,274,0.9994626544868349,NO
2,461,5.37345513164965E-4,NO
3,138,5.37345513164965E-4,NO
4,358,2.688172043010752E-4,NO
5,1272,0.9994626544868349,YES
6,51,1.3444474321054045E-4,NO
7,45,2.688172043010752E-4,NO
8,157,2.688172043010752E-4,NO
9,31,1.3444474321054045E-4,NO
10,1406,0.9994626544868349,YES
11,55,1.7924359204158448E-4,NO
12,204,1.7924359204158448E-4,NO
13,55,5.37345513164965E-4,NO
14,103,5.37345513164965E-4,NO
15,34,5.37345513164965E-4,NO
16,83,5.37345513164965E-4,NO
17,285,5.37345513164965E-4,NO
18,83,5.37345513164965E-4,NO
19,129,5.37345513164965E-4,NO
20,867,5.37345513164965E-4,YES
21,380,5.37345513164965E-4,NO
22,40,1.3444474321054045E-4,NO
23,387,5.37345513164965E-4,NO
24,390,5.37345513164965E-4,NO
25,51,1.7924359204158448E-4,NO
26,637,5.37345513164965E-4,YES
27,32,1.3444474321054045E-4,NO
28,68,1.3444474321054045E-4,NO
29,547,1.7924359204158448E-4,NO
30,566,5.37345513164965E-4,NO
31,314,5.37345513164965E-4,NO
32,907,5.37345513164965E-4,YES
33,275,5.37345513164965E-4,NO
34,31,1.7924359204158448E-4,NO
35,50,1.7924359204158448E-4,NO
36,27,1.3444474321054045E-4,NO
37,175,1.7924359204158448E-4,NO
38,50,1.7924359204158448E-4,NO
39,62,1.7924359204158448E-4,NO
40,87,2.688172043010752E-4,NO
41,52,1.7924359204158448E-4,NO
42,373,0.9994626544868349,NO
43,224,5.37345513164965E-4,NO
44,118,5.37345513164965E-4,NO
45,83,5.37345513164965E-4,NO
46,147,1.0756157900397977E-4,NO
47,58,2.688172043010752E-4,NO
48,44,1.3444474321054045E-4,NO
49,106,5.37345513164965E-4,NO
50,238,5.37345513164965E-4,NO
51,43,5.37345513164965E-4,NO
52,185,5.37345513164965E-4,YES
53,189,1.7924359204158448E-4,NO
54,151,5.37345513164965E-4,NO
55,364,0.9994626544868349,YES
56,910,0.9994626544868349,YES
57,889,0.9994626544868349,YES
58,43,5.37345513164965E-4,NO
59,325,0.9994626544868349,YES
60,27,5.37345513164965E-4,NO
61,55,1.3444474321054045E-4,NO
62,93,5.37345513164965E-4,NO
63,191,1.7924359204158448E-4,NO
64,90,1.7924359204158448E-4,NO
65,89,5.37345513164965E-4,NO
66,272,0.9994626544868349,YES
67,152,5.37345513164965E-4,NO
68,90,2.688172043010752E-4,NO
69,82,2.688172043010752E-4,NO
70,148,5.37345513164965E-4,NO
71,421,0.9994626544868349,YES
72,1190,0.9994626544868349,YES
73,528,5.37345513164965E-4,YES
74,205,0.9994626544868349,YES
75,190,5.37345513164965E-4,NO
76,86,5.37345513164965E-4,NO
77,212,0.9994626544868349,YES
78,404,0.9994626544868349,YES
79,572,5.37345513164965E-4,NO
80,132,5.37345513164965E-4,YES
81,168,5.37345513164965E-4,NO
82,109,1.7924359204158448E-4,YES
83,85,1.0756157900397977E-4,NO
84,107,5.37345513164965E-4,NO
85,237,5.37345513164965E-4,NO
86,511,5.37345513164965E-4,YES
87,47,5.37345513164965E-4,NO
88,1328,0.9994626544868349,YES
89,27,1.3444474321054045E-4,NO
90,89,1.7924359204158448E-4,NO
91,482,5.37345513164965E-4,NO
92,226,0.9994626544868349,YES
93,166,5.37345513164965E-4,NO
94,92,5.37345513164965E-4,NO
95,476,2.688172043010752E-4,NO
96,93,5.37345513164965E-4,NO
97,244,1.7924359204158448E-4,NO
98,204,2.688172043010752E-4,NO
99,252,2.688172043010752E-4,NO
100,119,0.9994626544868349,YES
101,733,5.37345513164965E-4,NO
102,630,0.9994626544868349,YES
103,69,1.7924359204158448E-4,NO
104,77,1.7924359204158448E-4,NO
105,97,5.37345513164965E-4,NO
106,380,5.37345513164965E-4,NO
107,214,1.7924359204158448E-4,NO
108,38,5.37345513164965E-4,NO
109,79,1.7924359204158448E-4,NO
110,25,1.7924359204158448E-4,NO
111,84,1.7924359204158448E-4,NO
112,34,1.7924359204158448E-4,NO
113,33,1.7924359204158448E-4,NO
114,104,1.7924359204158448E-4,NO
115,193,5.37345513164965E-4,NO
116,70,1.7924359204158448E-4,NO
117,140,1.7924359204158448E-4,NO
118,22,5.37345513164965E-4,NO
119,156,2.688172043010752E-4,NO
120,142,5.37345513164965E-4,NO
121,100,5.37345513164965E-4,NO
122,152,5.37345513164965E-4,NO
123,31,5.37345513164965E-4,NO
124,60,5.37345513164965E-4,NO
125,60,5.37345513164965E-4,NO
126,876,5.37345513164965E-4,NO
127,61,5.37345513164965E-4,NO
128,185,5.37345513164965E-4,NO
129,264,5.37345513164965E-4,NO
130,43,5.37345513164965E-4,NO
131,248,1.7924359204158448E-4,NO
132,361,0.9994626544868349,YES
133,199,5.37345513164965E-4,NO
134,194,1.7924359204158448E-4,NO
135,346,2.688172043010752E-4,NO
136,91,5.37345513164965E-4,NO
137,335,0.9994626544868349,YES
138,370,5.37345513164965E-4,NO
139,82,0.9994626544868349,NO
140,53,2.688172043010752E-4,NO
141,148,5.37345513164965E-4,NO
142,4088,1.7924359204158448E-4,NO
143,88,5.37345513164965E-4,NO
144,878,0.9994626544868349,YES
145,37,5.37345513164965E-4,NO
146,48,5.37345513164965E-4,NO
147,47,2.688172043010752E-4,NO
148,101,2.688172043010752E-4,NO
149,556,0.9994626544868349,YES
150,360,0.9994626544868349,YES
151,284,0.9994626544868349,YES
152,135,5.37345513164965E-4,NO
153,56,1.7924359204158448E-4,NO
154,78,5.37345513164965E-4,YES
155,409,5.37345513164965E-4,YES
156,174,1.7924359204158448E-4,NO
157,148,1.7924359204158448E-4,NO
158,88,5.37345513164965E-4,NO
159,45,1.7924359204158448E-4,YES
160,39,1.7924359204158448E-4,NO
161,182,1.7924359204158448E-4,NO
162,77,1.7924359204158448E-4,NO
163,666,2.688172043010752E-4,NO
164,104,5.37345513164965E-4,NO
165,263,5.37345513164965E-4,NO
166,54,1.0756157900397977E-4,NO
167,76,5.37345513164965E-4,NO
168,119,5.37345513164965E-4,NO
169,200,0.9994626544868349,YES
170,152,1.7924359204158448E-4,NO
171,39,1.0756157900397977E-4,NO
172,677,5.37345513164965E-4,NO
173,131,1.7924359204158448E-4,NO
174,47,1.3444474321054045E-4,NO
175,100,5.37345513164965E-4,NO
176,43,1.3444474321054045E-4,NO
177,73,5.37345513164965E-4,NO
178,257,5.37345513164965E-4,NO
179,356,5.37345513164965E-4,NO
180,62,1.7924359204158448E-4,NO
181,45,1.7924359204158448E-4,NO
182,97,2.688172043010752E-4,NO
183,131,1.7924359204158448E-4,YES
184,68,2.688172043010752E-4,NO
185,99,2.688172043010752E-4,NO
186,53,2.688172043010752E-4,NO
187,81,2.688172043010752E-4,NO
188,78,2.688172043010752E-4,YES
189,69,2.688172043010752E-4,NO
190,69,2.688172043010752E-4,NO
191,77,2.688172043010752E-4,NO
192,72,2.688172043010752E-4,NO
193,72,2.688172043010752E-4,NO
194,63,2.688172043010752E-4,NO
195,50,2.688172043010752E-4,NO
196,28,2.688172043010752E-4,NO
197,96,2.688172043010752E-4,NO
198,40,2.688172043010752E-4,NO
199,76,2.688172043010752E-4,NO
200,49,2.688172043010752E-4,NO
201,63,2.688172043010752E-4,NO
202,55,2.688172043010752E-4,NO
203,45,2.688172043010752E-4,NO
204,476,2.688172043010752E-4,NO
205,77,2.688172043010752E-4,NO
206,69,2.688172043010752E-4,NO
207,104,2.688172043010752E-4,NO
208,115,2.688172043010752E-4,NO
209,421,2.688172043010752E-4,NO
210,61,2.688172043010752E-4,NO
211,2009,2.688172043010752E-4,NO
212,179,2.688172043010752E-4,NO
213,106,2.688172043010752E-4,NO
214,33,2.688172043010752E-4,NO
215,657,2.688172043010752E-4,NO
216,295,2.688172043010752E-4,NO
217,872,2.688172043010752E-4,NO
218,444,2.688172043010752E-4,NO
219,168,2.688172043010752E-4,NO
220,752,2.688172043010752E-4,NO
221,135,2.688172043010752E-4,NO
222,1126,2.688172043010752E-4,NO
223,163,2.688172043010752E-4,NO
224,184,2.688172043010752E-4,NO
225,51,2.688172043010752E-4,NO
226,25,2.688172043010752E-4,NO
227,180,2.688172043010752E-4,NO
228,64,2.688172043010752E-4,NO
229,101,2.688172043010752E-4,NO
230,512,2.688172043010752E-4,NO
231,187,2.688172043010752E-4,NO
232,56,2.688172043010752E-4,NO
233,39,2.688172043010752E-4,NO
234,261,2.688172043010752E-4,NO
235,73,2.688172043010752E-4,NO
236,65,2.688172043010752E-4,NO
237,329,2.688172043010752E-4,NO
238,64,2.688172043010752E-4,NO
239,164,2.688172043010752E-4,NO
240,624,2.688172043010752E-4,NO
241,74,2.688172043010752E-4,NO
242,117,2.688172043010752E-4,NO
243,84,2.688172043010752E-4,NO
244,226,2.688172043010752E-4,NO
245,76,2.688172043010752E-4,NO
246,323,2.688172043010752E-4,NO
247,72,1.0756157900397977E-4,NO
248,42,1.0756157900397977E-4,NO
249,48,1.0756157900397977E-4,NO
250,89,1.7924359204158448E-4,NO
251,380,1.7924359204158448E-4,NO
252,141,2.688172043010752E-4,NO
253,148,2.688172043010752E-4,NO
254,191,1.7924359204158448E-4,NO
255,46,1.0756157900397977E-4,NO
256,165,1.3444474321054045E-4,NO
257,171,1.7924359204158448E-4,NO
258,56,1.7924359204158448E-4,NO
259,179,1.7924359204158448E-4,NO
260,74,1.0756157900397977E-4,NO
261,36,1.3444474321054045E-4,NO
262,37,1.0756157900397977E-4,NO
263,34,1.7924359204158448E-4,NO
264,34,1.7924359204158448E-4,NO
265,38,1.0756157900397977E-4,NO
266,39,1.0756157900397977E-4,NO
267,156,1.7924359204158448E-4,NO
268,84,1.7924359204158448E-4,NO
269,117,1.7924359204158448E-4,NO
270,94,1.7924359204158448E-4,NO
271,71,1.7924359204158448E-4,NO
272,183,1.7924359204158448E-4,NO
273,85,1.7924359204158448E-4,NO
274,183,1.7924359204158448E-4,NO
275,70,1.7924359204158448E-4,NO
276,54,1.7924359204158448E-4,NO
277,160,1.7924359204158448E-4,NO
278,128,5.37345513164965E-4,NO
279,151,1.7924359204158448E-4,NO
280,422,2.688172043010752E-4,NO
281,221,2.688172043010752E-4,NO
282,50,1.7924359204158448E-4,NO
283,42,1.7924359204158448E-4,NO
284,624,1.7924359204158448E-4,NO
285,377,1.7924359204158448E-4,NO
286,382,5.37345513164965E-4,NO
287,72,1.7924359204158448E-4,NO
288,92,1.7924359204158448E-4,NO
289,282,2.688172043010752E-4,NO
290,371,1.7924359204158448E-4,NO
291,47,1.7924359204158448E-4,NO
292,108,1.7924359204158448E-4,NO
293,111,1.7924359204158448E-4,NO
294,319,1.7924359204158448E-4,NO
295,129,1.7924359204158448E-4,NO
296,49,1.7924359204158448E-4,NO
297,358,1.7924359204158448E-4,NO
298,277,1.7924359204158448E-4,NO
299,49,1.7924359204158448E-4,NO
300,89,1.7924359204158448E-4,NO
301,41,1.0756157900397977E-4,NO
302,66,1.0756157900397977E-4,NO
303,63,1.3444474321054045E-4,NO
304,24,1.7924359204158448E-4,NO
305,50,1.7924359204158448E-4,NO
306,72,1.7924359204158448E-4,NO
307,47,1.7924359204158448E-4,NO
308,47,1.0756157900397977E-4,NO
309,183,1.0756157900397977E-4,NO
310,49,1.0756157900397977E-4,NO
311,50,1.0756157900397977E-4,NO
312,98,1.0756157900397977E-4,NO
313,143,1.3444474321054045E-4,NO
314,43,1.0756157900397977E-4,NO
315,42,1.0756157900397977E-4,NO
316,56,1.3444474321054045E-4,NO
317,44,1.7924359204158448E-4,NO
318,26,1.7924359204158448E-4,NO
319,254,1.7924359204158448E-4,NO
320,16883,1.7924359204158448E-4,NO
321,74,1.7924359204158448E-4,NO
322,153,1.0756157900397977E-4,NO
323,68,1.7924359204158448E-4,NO
324,100,1.7924359204158448E-4,NO
325,550,2.688172043010752E-4,NO
326,437,1.7924359204158448E-4,NO
327,1038,2.688172043010752E-4,NO
328,104,2.688172043010752E-4,NO
329,332,2.688172043010752E-4,NO
330,123,1.3444474321054045E-4,NO
331,106,1.7924359204158448E-4,NO
332,105,5.37345513164965E-4,NO
333,94,2.688172043010752E-4,NO
334,101,2.688172043010752E-4,NO
335,38,1.7924359204158448E-4,NO
336,666,0.9994626544868349,YES
337,32,1.3444474321054045E-4,NO
338,111,1.0756157900397977E-4,NO
339,35,1.0756157900397977E-4,NO
340,90,1.7924359204158448E-4,NO
341,27,1.0756157900397977E-4,NO
342,28,1.0756157900397977E-4,NO
343,92,1.7924359204158448E-4,NO
344,979,5.37345513164965E-4,NO
345,67,1.3444474321054045E-4,NO
346,29,1.0756157900397977E-4,NO
347,105,1.7924359204158448E-4,NO
348,72,1.3444474321054045E-4,NO
349,37,1.0756157900397977E-4,NO
350,47,1.7924359204158448E-4,NO
351,31,1.3444474321054045E-4,NO
352,90,1.7924359204158448E-4,NO
353,223,1.7924359204158448E-4,NO
354,214,1.7924359204158448E-4,NO
355,107,1.7924359204158448E-4,NO
356,37,1.3444474321054045E-4,NO
357,27,1.3444474321054045E-4,NO
358,48,1.3444474321054045E-4,NO
359,167,2.688172043010752E-4,NO
360,213,1.7924359204158448E-4,NO
361,867,2.688172043010752E-4,NO
362,159,1.7924359204158448E-4,NO
363,100,1.7924359204158448E-4,NO
364,96,1.7924359204158448E-4,NO
365,842,2.688172043010752E-4,NO
366,535,5.37345513164965E-4,NO
367,83,1.7924359204158448E-4,NO
368,63,1.3444474321054045E-4,NO
369,76,1.0756157900397977E-4,NO
370,202,1.7924359204158448E-4,NO
371,155,2.688172043010752E-4,NO
372,1263,2.688172043010752E-4,NO
373,74,1.0756157900397977E-4,NO
374,101,1.7924359204158448E-4,NO
375,27,1.7924359204158448E-4,NO
376,22,1.0756157900397977E-4,NO
377,491,2.688172043010752E-4,NO
378,62,1.0756157900397977E-4,NO
379,59,1.7924359204158448E-4,NO
380,99,1.7924359204158448E-4,NO
381,27,1.0756157900397977E-4,NO
382,77,1.0756157900397977E-4,NO
383,863,5.37345513164965E-4,NO
384,64,1.7924359204158448E-4,NO
385,45,1.3444474321054045E-4,NO
386,63,1.0756157900397977E-4,NO
387,54,1.7924359204158448E-4,NO
388,64,1.0756157900397977E-4,NO
389,132,1.7924359204158448E-4,NO
390,182,5.37345513164965E-4,NO
391,70,1.7924359204158448E-4,NO
392,36,1.3444474321054045E-4,NO
393,58,1.0756157900397977E-4,NO
394,62,1.0756157900397977E-4,NO
395,132,1.3444474321054045E-4,NO
396,74,1.3444474321054045E-4,NO
397,86,2.688172043010752E-4,NO
398,74,1.0756157900397977E-4,NO
399,48,1.0756157900397977E-4,NO
400,74,1.7924359204158448E-4,NO
401,86,1.3444474321054045E-4,NO
402,355,1.7924359204158448E-4,NO
403,53,1.0756157900397977E-4,NO
404,804,2.688172043010752E-4,NO
405,75,1.7924359204158448E-4,NO
406,125,1.7924359204158448E-4,NO
407,200,1.7924359204158448E-4,NO
408,134,1.7924359204158448E-4,NO
409,57,1.0756157900397977E-4,NO
410,123,1.7924359204158448E-4,NO
411,314,0.9994626544868349,YES
412,162,1.7924359204158448E-4,NO
413,137,0.9994626544868349,YES
414,124,0.9994626544868349,YES
415,359,0.9994626544868349,YES
416,151,0.9994626544868349,YES
417,107,0.9994626544868349,YES
418,28,1.0756157900397977E-4,NO
419,58,2.688172043010752E-4,NO
420,470,0.9994626544868349,YES
421,347,0.9994626544868349,YES
422,103,1.0756157900397977E-4,NO
423,35,1.3444474321054045E-4,NO
424,98,1.0756157900397977E-4,NO
425,117,2.688172043010752E-4,NO
