ID, Size, Predicted, Actual
0,215,0.08286298750687436,NO
1,274,0.31852042345157167,NO
2,461,0.3299730443346002,NO
3,138,0.08028576334124546,NO
4,358,0.05862963553023723,NO
5,1248,0.9999999959946083,YES
6,51,0.045748993992299064,NO
7,45,0.06635980631123885,NO
8,157,0.046843529996667896,NO
9,31,0.044799118165197264,NO
10,1008,0.35553984813476736,YES
11,55,0.2497949657153708,NO
12,204,0.2557173751277876,NO
13,55,0.06067581479460852,NO
14,103,0.061074056901326945,NO
15,83,0.9875147283934991,YES
16,262,0.06295190167365998,NO
17,83,0.05938531286735032,NO
18,867,0.8866845049240947,YES
19,40,0.038344847462925095,NO
20,387,0.2480489760210702,NO
21,390,0.05992767247516805,NO
22,51,0.03773741804446155,NO
23,637,0.9999981576396076,YES
24,32,0.03714254302733555,NO
25,68,0.054241995674455805,NO
26,547,0.2507941846965031,NO
27,566,0.8610392124540087,NO
28,314,0.9973584796496318,NO
29,839,0.8759056301042558,NO
30,211,0.22175262230132783,NO
31,31,0.05085951207227335,NO
32,50,0.03474800700051475,NO
33,27,0.034613619841214,NO
34,175,0.21646080182995758,NO
35,50,0.049900687034874915,NO
36,62,0.03421460319855224,NO
37,87,0.05004192045930894,NO
38,52,0.03408296642508754,NO
39,373,0.9972242339350514,NO
40,224,0.05084395084741288,NO
41,118,0.034060685372065344,NO
42,83,0.033532275366601985,NO
43,147,0.033801115367431835,NO
44,58,0.04841594318074974,NO
45,44,0.03318028334657403,NO
46,106,0.03340447791664619,NO
47,189,0.20785222583466087,NO
48,151,0.029236238033741015,NO
49,352,0.030899788382738786,YES
50,849,0.05612031575533821,YES
51,877,0.05655962910575908,YES
52,41,0.03966949942352056,NO
53,319,0.028468993905083374,YES
54,27,0.02672864685151051,NO
55,55,0.026635044550448805,NO
56,94,0.026816240506559282,NO
57,191,0.027095145368117912,NO
58,90,0.026629208018763183,NO
59,90,0.026536391888770713,NO
60,271,0.0398473467657469,YES
61,152,0.0384876306371197,NO
62,90,0.03792313745233915,NO
63,82,0.03792313745233915,NO
64,147,0.026018931630915072,NO
65,422,0.040874510513714386,YES
66,1059,1.0,YES
67,530,0.028040266995784074,NO
68,205,0.995764696897595,YES
69,190,0.9784256490426876,YES
70,86,0.03522646534319128,NO
71,207,0.9957212122315265,YES
72,397,0.16649412057439955,YES
73,573,0.027418463654623106,NO
74,126,0.0229882299993258,YES
75,167,0.9771071558313474,YES
76,109,0.022509949395289972,NO
77,85,0.02236538713811409,NO
78,237,0.0218634586106226,NO
79,424,0.03402437092549375,NO
80,47,0.02059544207331385,NO
81,1118,0.9999887426951948,YES
82,27,0.019326288896219714,NO
83,89,0.019458757986205236,NO
84,474,0.9951339451481803,YES
85,166,0.019453987577364842,NO
86,92,0.019116868267357735,NO
87,476,0.9752597216275356,YES
88,93,0.019005080322734777,NO
89,244,0.019490249382492636,NO
90,204,0.9727723029687245,YES
91,252,0.01960932018981024,NO
92,109,0.018730264511852848,YES
93,618,0.995212035118365,YES
94,565,0.021217487899408898,YES
95,69,0.0179949186939565,NO
96,77,0.017893832817852073,NO
97,97,0.017893832817852073,NO
98,343,0.019094829984005707,NO
99,214,0.018302005698797603,NO
100,79,0.017793708122370924,NO
101,25,0.01767236987295241,NO
102,84,0.017793708122370924,NO
103,34,0.017622997823790936,NO
104,33,0.017622997823790936,NO
105,104,0.017744003208608874,NO
106,172,0.0180573582104834,NO
107,70,0.017694534993484126,NO
108,140,0.017838741974667786,NO
109,156,0.018007032413160956,NO
110,142,0.017789115303229536,NO
111,152,0.0177397248036007,NO
112,31,0.01747628785964829,NO
113,60,0.017427849365861742,NO
114,60,0.017427849365861742,NO
115,876,0.024518510377053687,NO
116,61,0.01718909121236746,NO
117,185,0.017612948689697448,NO
118,264,0.017966326598661923,NO
119,43,0.025136928367494024,NO
120,248,0.01786843785032209,NO
121,310,0.9941320957076349,YES
122,199,0.9938315876746856,YES
123,194,0.02520375208734774,NO
124,346,0.017881363684459754,NO
125,90,0.11378761787894519,NO
126,335,0.026144599634243922,YES
127,372,0.9996675930277972,YES
128,84,0.016357806941336515,NO
129,53,0.016246098382512224,NO
130,148,0.9679770386422316,YES
131,4088,0.8496467083412197,NO
132,860,1.0,YES
133,47,0.013580738748268324,NO
134,101,0.013674374980869344,NO
135,517,0.015541337413172629,YES
136,327,0.013994084342745919,YES
137,275,0.020124835558578698,YES
138,136,0.9601938081949224,YES
139,56,0.013007125599691947,NO
140,74,0.013096859405092441,YES
141,362,0.09707188128362547,YES
142,174,0.018815949639047442,NO
143,148,0.018640242711979997,NO
144,92,0.018309663836689537,NO
145,45,0.011901373532958259,NO
146,39,0.017479398627760667,NO
147,182,0.017910284201029976,NO
148,77,0.017535510527138108,NO
149,666,0.014562444488448009,NO
150,88,0.011852720059355086,NO
151,263,0.012274114105316385,NO
152,54,0.011666007492478788,NO
153,76,0.017316657927689445,NO
154,132,0.017457840017120613,NO
155,160,0.01193405302039042,YES
156,152,0.011779989232753824,NO
157,39,0.011604009509917067,NO
158,677,0.01430556911137676,NO
159,131,0.011738556485286555,NO
160,47,0.011563188478411947,NO
161,129,0.011717994437255788,NO
162,43,0.011542930028872501,NO
163,73,0.01710524499592894,NO
164,257,0.012080189038065962,NO
165,356,0.012169261223820633,NO
166,62,0.011232242785220165,NO
167,45,0.011232242785220165,NO
168,97,0.011217198486027162,NO
169,131,0.9905694904833003,YES
170,68,0.016460523096312938,NO
171,99,0.016460523096312938,NO
172,53,0.0161423569050121,NO
173,81,0.016253363920431464,NO
174,78,0.016228064761374342,NO
175,69,0.016228064761374342,NO
176,69,0.016228064761374342,NO
177,77,0.016228064761374342,NO
178,72,0.016202896367152286,NO
179,72,0.016202896367152286,NO
180,63,0.016092228396023787,NO
181,50,0.016067358508851857,NO
182,28,0.016067358508851857,NO
183,96,0.016177858259313612,NO
184,40,0.016067358508851857,NO
185,76,0.016177858259313612,NO
186,49,0.016067358508851857,NO
187,63,0.016042617568895745,NO
188,55,0.016042617568895745,NO
189,45,0.016042617568895745,NO
190,476,0.012088226199032368,NO
191,77,0.010724467418538405,NO
192,69,0.01070878153205746,NO
193,104,0.01070878153205746,NO
194,115,0.010796681750743413,NO
195,421,0.011631886828865772,NO
196,61,0.01061973733346237,NO
197,2009,0.04708054876470744,NO
198,179,0.010805283232951057,NO
199,106,0.010616415144411967,NO
200,33,0.010543494666902489,NO
201,657,0.013010294574052214,NO
202,295,0.011170341506978688,NO
203,872,0.014874292520560349,NO
204,444,0.011665575208210686,NO
205,168,0.010714296405133767,NO
206,752,0.01359401748351035,NO
207,135,0.010584030291681224,NO
208,1126,0.017455808299941884,NO
209,163,0.01064072467064939,NO
210,184,0.01064072467064939,NO
211,51,0.010382881153832913,NO
212,25,0.010382881153832913,NO
213,180,0.010626252505936126,NO
214,64,0.010368755999897042,NO
215,101,0.010440480709118067,NO
216,512,0.011986514816441335,NO
217,187,0.010597548180379167,NO
218,56,0.010340739970755127,NO
219,39,0.010340739970755127,NO
220,261,0.010841602673754188,NO
221,73,0.01041227292124704,NO
222,65,0.010326848571200262,NO
223,329,0.010972085244426949,NO
224,64,0.010326848571200262,NO
225,164,0.010569162073150378,NO
226,624,0.012449338409015197,NO
227,74,0.010370546977795351,NO
228,117,0.010441834998548095,NO
229,84,0.010356793486097055,NO
230,226,0.01065495169708558,NO
231,76,0.010343117143599144,NO
232,323,0.010913905171615532,NO
233,72,0.010343117143599144,NO
234,42,0.010258547384698762,NO
235,48,0.010258547384698762,NO
236,89,0.010329517695432397,NO
237,380,0.01122196651087163,NO
238,141,0.010400704916851673,NO
239,148,0.010400704916851673,NO
240,191,0.010485891988990354,NO
241,46,0.01023176153989898,NO
242,165,0.010485891988990354,NO
243,171,0.010472286291807555,NO
244,56,0.010218482177936958,NO
245,179,0.010472286291807555,NO
246,74,0.01027588380527557,NO
247,36,0.010205278193359984,NO
248,37,0.010205278193359984,NO
249,34,0.010205278193359984,NO
250,34,0.010205278193359984,NO
251,38,0.010205278193359984,NO
252,39,0.010205278193359984,NO
253,156,0.010458757815389377,NO
254,84,0.010262665062203932,NO
255,117,0.010346941749970844,NO
256,94,0.010262665062203932,NO
257,71,0.010262665062203932,NO
258,183,0.010418633208021319,NO
259,85,0.010236453529068077,NO
260,183,0.010405411119979729,NO
261,70,0.010223460253213884,NO
262,54,0.010140380404085705,NO
263,160,0.010392265013356482,NO
264,128,0.010281446198324004,NO
265,151,0.010268572439132102,NO
266,422,0.011052000091358058,NO
267,221,0.010439244378781179,NO
268,50,0.010064940258089686,NO
269,42,0.010064940258089686,NO
270,624,0.012151800075425047,NO
271,377,0.010824722240203194,NO
272,382,0.010984599792069573,NO
273,72,0.010097595558525876,NO
274,92,0.010097595558525876,NO
275,282,0.010501406041609096,NO
276,371,0.010785611093394666,NO
277,47,0.010004070431704409,NO
278,108,0.010073298147191632,NO
279,111,0.010061257410514134,NO
280,319,0.010616657787286973,NO
281,129,0.010119836428235685,NO
282,49,0.00996840734007625,NO
283,358,0.010734538584951022,NO
284,277,0.01042688211038934,NO
285,49,0.009944986129723537,NO
286,89,0.010002124625445644,NO
287,41,0.009933381134553228,NO
288,66,0.009933381134553228,NO
289,63,0.009933381134553228,NO
290,24,0.009933381134553228,NO
291,50,0.009933381134553228,NO
292,72,0.010002124625445644,NO
293,47,0.009921846262638789,NO
294,47,0.009921846262638789,NO
295,183,0.010168358299134839,NO
296,49,0.009921846262638789,NO
297,50,0.009921846262638789,NO
298,98,0.00997896722913981,NO
299,143,0.010060937881273314,NO
300,43,0.009910381303203947,NO
301,42,0.009910381303203947,NO
302,56,0.009910381303203947,NO
303,44,0.009910381303203947,NO
304,26,0.009910381303203947,NO
305,254,0.010378676405847925,NO
306,16883,0.012405414579339481,NO
307,74,0.00932764667412456,NO
308,153,0.009404317978152993,NO
309,68,0.00932764667412456,NO
310,100,0.009320699620588575,NO
311,550,0.010709313466159135,NO
312,437,0.010300588362502097,NO
313,1038,0.014431450311873624,NO
314,104,0.009286837942818326,NO
315,332,0.009792952711856531,NO
316,123,0.009356524802505498,NO
317,106,0.009273698738563504,NO
318,106,0.009273698738563504,NO
319,94,0.009273698738563504,NO
320,101,0.009267215558542258,NO
321,38,0.009203476060045969,NO
322,628,0.011119628328967403,YES
323,32,0.009197094128908649,NO
324,111,0.009254421476381669,NO
325,35,0.009190769158689894,NO
326,90,0.009254421476381669,NO
327,27,0.009190769158689894,NO
328,28,0.009190769158689894,NO
329,92,0.009254421476381669,NO
330,979,0.013876280152845722,NO
331,67,0.009235659380343602,NO
332,29,0.009172134914484811,NO
333,105,0.009229519318224527,NO
334,72,0.009229519318224527,NO
335,37,0.009166036694064813,NO
336,47,0.009166036694064813,NO
337,31,0.009166036694064813,NO
338,90,0.009229519318224527,NO
339,223,0.00948927928566823,NO
340,214,0.009483080690714348,NO
341,107,0.009217409505253654,NO
342,37,0.009154009405422952,NO
343,27,0.009154009405422952,NO
344,48,0.009154009405422952,NO
345,167,0.009375549697484685,NO
346,213,0.00947694030404647,NO
347,867,0.012587302730707552,NO
348,159,0.009363571422561633,NO
349,100,0.009193868193184915,NO
350,96,0.009193868193184915,NO
351,842,0.012563803142966621,NO
352,535,0.010551995481557164,NO
353,83,0.009171225866445396,NO
354,63,0.00910814051124402,NO
355,76,0.009171225866445396,NO
356,202,0.009435578588875466,NO
357,155,0.009241057602383472,NO
358,1263,0.017142576036171427,NO
359,74,0.009144177594228035,NO
360,101,0.009144177594228035,NO
361,27,0.009081276588492997,NO
362,22,0.009030408410638117,NO
363,491,0.010303171278838511,NO
364,62,0.009076069010699904,NO
365,59,0.00907091628902886,NO
366,99,0.009133746196115764,NO
367,27,0.00907091628902886,NO
368,77,0.009133746196115764,NO
369,863,0.012476637886229118,NO
370,64,0.009055786373311519,NO
371,45,0.009055786373311519,NO
372,63,0.009055786373311519,NO
373,54,0.009055786373311519,NO
374,64,0.009055786373311519,NO
375,132,0.009188472155392749,NO
376,182,0.009275926796130445,NO
377,70,0.00911354440440074,NO
378,36,0.0090508521935819,NO
379,58,0.0090508521935819,NO
380,62,0.009045972433581101,NO
381,132,0.00918351888531485,NO
382,74,0.009108631154630576,NO
383,86,0.009108631154630576,NO
384,74,0.009108631154630576,NO
385,48,0.009041147008947124,NO
386,74,0.00910377261280099,NO
387,86,0.00910377261280099,NO
388,355,0.009743062006286557,NO
389,53,0.009036375836288975,NO
390,804,0.012085619517640965,NO
391,75,0.009089524400271155,NO
392,125,0.00915957815451532,NO
393,200,0.009246760352569989,NO
394,134,0.009154954553572766,NO
395,57,0.009017832031246873,NO
396,123,0.009154954553572766,NO
397,266,0.009450513357571758,YES
398,162,0.009232924202513393,NO
399,130,0.009145871253039856,YES
400,108,0.009066863892866435,YES
401,354,0.00970870685208194,YES
402,88,0.009062494060607216,YES
403,28,0.009000149836174184,NO
404,58,0.009000149836174184,NO
405,308,0.00955874131494027,YES
406,343,0.00969034809044094,YES
407,103,0.009049707738319996,NO
408,35,0.008987450677910878,NO
409,98,0.009049707738319996,NO
410,117,0.009119927010964972,NO
