ID, Size, Predicted, Actual
0,227,0.0,NO
1,276,0.02857142857142857,NO
2,460,0.8946746031746032,NO
3,138,0.5668581696081697,NO
4,355,0.03,NO
5,23,0.0,NO
6,48,0.0,NO
7,59,0.0,NO
8,79,0.0,NO
9,67,0.045537296021728,NO
10,49,0.0,NO
11,40,0.0,NO
12,20,0.0,NO
13,42,0.0,NO
14,36,0.36236072995631813,NO
15,31,0.0,NO
16,30,0.0,NO
17,71,0.013183417459733249,NO
18,57,0.0,NO
19,20,0.0,NO
20,89,0.0,NO
21,60,0.31512656787656795,NO
22,102,0.19299997224997217,NO
23,20,0.0,NO
24,93,0.41838629344511696,NO
25,59,0.0,NO
26,111,0.00375,NO
27,20,0.0,NO
28,31,0.0,NO
29,109,0.6772976947802799,NO
30,44,0.0,NO
31,72,0.1863407968458009,NO
32,99,0.43960239760239767,NO
33,103,0.35985030466609397,NO
34,20,0.0,NO
35,137,1.0,YES
36,1699,0.58,NO
37,45,0.39278317437063565,NO
38,200,0.04566666666666666,NO
39,2582,0.03,NO
40,55,0.0,NO
41,204,0.4886761294261292,NO
42,59,0.0,NO
43,102,0.19299997224997217,NO
44,34,0.0,NO
45,83,0.4491827283266978,NO
46,114,0.8892976190476191,NO
47,60,0.31512656787656795,NO
48,512,0.07,NO
49,87,0.5086426073926075,NO
50,130,0.9059961474713796,NO
51,37,0.0,NO
52,101,0.4204459607247871,NO
53,1185,0.0,NO
54,455,0.9117579365079365,NO
55,40,0.0,NO
56,518,0.73,NO
57,382,0.22,NO
58,49,0.0,NO
59,585,0.64375,NO
60,32,0.5100870310030525,NO
61,73,0.005847058823529413,NO
62,633,0.6259166666666666,NO
63,681,0.68,NO
64,470,0.24,NO
65,1015,0.63,NO
66,278,0.0,NO
67,31,0.0,NO
68,36,0.36236072995631813,NO
69,58,0.24862610105603097,NO
70,172,0.13162698412698412,NO
71,86,0.0,NO
72,162,0.6085969872845631,NO
73,53,0.0,NO
74,415,0.3326984126984127,NO
75,200,0.04566666666666666,NO
76,264,0.038,NO
77,166,0.1338203463203463,NO
78,38,0.44058425047529903,NO
79,117,0.3569758041665938,NO
80,85,0.0,NO
81,66,0.0,NO
82,60,0.31512656787656795,NO
83,37,0.0,NO
84,233,0.3164047619047619,NO
85,37,0.0,NO
86,239,0.08974999999999998,NO
87,40,0.0,NO
88,208,0.885484126984127,NO
89,189,0.0,NO
90,22,0.0,NO
91,262,0.3309321789321789,NO
92,489,0.98,NO
93,1418,0.7,NO
94,1376,1.0,NO
95,66,0.0,NO
96,438,0.0,NO
97,430,1.0,NO
98,35,0.32090287778097365,NO
99,53,0.0,NO
100,197,0.8998809523809524,NO
101,108,0.6457550526958422,NO
102,237,0.607417082917083,NO
103,119,0.07476587301587301,NO
104,334,0.52,NO
105,161,0.40108877890367667,NO
106,136,0.255619638144793,NO
107,281,0.07,NO
108,203,0.3296071428571427,NO
109,97,0.0036507936507936506,NO
110,107,0.0,NO
111,148,0.565301587129869,NO
112,462,0.5308095238095237,NO
113,1856,0.06,NO
114,245,0.05466666666666666,NO
115,634,0.69,NO
116,214,0.38866064001358125,NO
117,259,0.532861111111111,NO
118,90,0.5712786242059881,NO
119,93,0.41838629344511696,NO
120,337,0.28716666666666674,NO
121,149,0.8477620908503262,NO
122,611,0.5981865079365078,NO
123,115,0.019166666666666665,NO
124,193,1.0,YES
125,815,1.0,YES
126,591,0.15966666666666665,NO
127,141,0.0,NO
128,179,0.0,NO
129,606,1.0,YES
130,141,0.0,NO
131,42,0.0,NO
132,42,0.0,NO
133,85,0.0,NO
134,69,0.28435931934422637,NO
135,471,0.13,NO
136,106,0.47505509386840666,NO
137,250,0.7716215728715728,NO
138,162,0.6085969872845631,NO
139,24,0.0,NO
140,56,0.24265270455901763,NO
141,51,0.0,NO
142,22,0.0,NO
143,24,0.0,NO
144,488,0.47,NO
145,1624,0.58,NO
146,47,0.0,NO
147,2307,0.03,NO
148,85,0.0,NO
149,50,0.0,NO
150,44,0.0,NO
151,52,0.7434814662461721,NO
152,41,0.0,NO
153,48,0.0,NO
154,110,0.00375,NO
155,69,0.28435931934422637,NO
156,20,0.0,NO
157,213,0.003333333333333333,NO
158,542,0.8753611111111111,NO
159,233,0.3164047619047619,NO
160,134,0.006666666666666666,NO
161,104,0.49610628335111423,NO
162,121,0.7015036075036074,NO
163,39,0.0,NO
164,41,0.0,NO
165,248,0.016666666666666663,NO
166,215,0.019727272727272725,NO
167,269,0.9235555555555556,NO
168,165,0.48771431346431365,NO
169,277,0.018571428571428572,NO
170,100,0.47225748924278327,NO
171,358,0.0,NO
172,29,0.4659189144189144,NO
173,339,0.5239722222222222,NO
174,719,0.35,NO
175,141,0.0,NO
176,801,0.12,NO
177,77,0.3493774919659262,NO
178,97,0.0036507936507936506,NO
179,380,0.03,NO
180,214,0.38866064001358125,NO
181,38,0.44058425047529903,NO
182,79,0.0,NO
183,25,0.0,NO
184,84,0.2456141531413204,NO
185,34,0.0,NO
186,33,0.0,NO
187,104,0.49610628335111423,NO
188,193,0.7737702273216979,NO
189,70,0.0,NO
190,140,0.0,NO
191,22,0.0,NO
192,158,0.004285714285714285,NO
193,142,0.0,NO
194,109,0.6772976947802799,NO
195,158,1.0,YES
196,31,0.0,NO
197,344,0.5823095238095237,NO
198,71,1.0,YES
199,84,1.0,YES
200,79,1.0,YES
201,881,1.0,YES
202,64,0.37294347482456536,NO
203,199,0.6475606338106339,NO
204,261,1.0,YES
205,155,0.6418629426129426,NO
206,42,0.0,NO
207,405,0.9321071428571429,NO
208,248,0.016666666666666663,NO
209,541,0.5943095238095237,NO
210,28,0.0,NO
211,452,0.97,NO
212,474,0.0,NO
213,379,0.03,NO
214,83,0.4491827283266978,NO
215,393,0.5,NO
216,458,0.9117579365079365,NO
217,248,0.016666666666666663,NO
218,28,0.0,NO
219,69,0.28435931934422637,NO
220,116,0.24286433230512172,NO
221,100,0.47225748924278327,NO
222,46,0.0,NO
223,226,0.0,NO
224,79,0.0,NO
225,93,0.41838629344511696,NO
226,2156,0.03,NO
227,41,0.0,NO
228,64,0.37294347482456536,NO
229,149,0.8477620908503262,NO
230,334,0.52,NO
231,114,0.8892976190476191,NO
232,66,0.0,NO
233,38,0.44058425047529903,NO
234,46,0.0,NO
235,101,0.4204459607247871,NO
236,111,0.00375,NO
237,156,0.01,NO
238,113,0.34333333333333327,NO
239,770,0.98,NO
240,392,0.12,NO
241,330,0.9171587301587302,NO
242,139,0.0,NO
243,59,0.0,NO
244,78,0.7761480339766024,NO
245,49,0.0,NO
246,511,0.98,NO
247,42,0.0,NO
248,75,0.48074500499500494,NO
249,219,0.0,NO
250,103,0.35985030466609397,NO
251,158,0.004285714285714285,NO
252,190,0.0,NO
253,88,0.8112651836736959,NO
254,248,0.016666666666666663,NO
255,276,0.02857142857142857,NO
256,60,0.31512656787656795,NO
257,35,0.32090287778097365,NO
258,63,0.19696079506822822,NO
259,79,0.0,NO
260,174,0.01,NO
261,148,0.565301587129869,NO
262,34,0.0,NO
263,35,0.32090287778097365,NO
264,45,0.39278317437063565,NO
265,293,0.05438888888888889,NO
266,57,0.0,NO
267,39,0.0,NO
268,57,0.0,NO
269,277,0.018571428571428572,NO
270,468,0.75,NO
271,75,0.48074500499500494,NO
272,666,0.02,NO
273,53,0.0,NO
274,145,0.3254047619047619,NO
275,53,0.0,NO
276,397,0.99,NO
277,54,0.0,NO
278,104,0.49610628335111423,NO
279,119,0.07476587301587301,NO
280,514,0.98,NO
281,152,0.005,NO
282,95,0.10639141414141415,NO
283,415,0.3326984126984127,NO
284,131,0.5361772394272396,NO
285,45,0.39278317437063565,NO
286,156,0.01,NO
287,166,0.1338203463203463,NO
288,43,0.26845340711396704,NO
289,74,0.24767980816670454,NO
290,302,0.37,NO
291,494,0.08,NO
292,421,0.03216666666666667,NO
293,723,0.16,NO
294,550,0.24,NO
295,493,0.08,NO
296,416,0.3326984126984127,NO
297,359,0.0,NO
298,66,0.0,NO
299,62,0.0,NO
300,45,0.39278317437063565,NO
301,41,0.0,NO
302,47,0.0,NO
303,55,0.0,NO
304,1456,0.5,NO
305,187,0.0,NO
306,163,0.0,NO
307,142,0.0,NO
308,73,0.005847058823529413,NO
309,108,0.6457550526958422,NO
310,20,0.0,NO
311,60,0.31512656787656795,NO
312,84,0.2456141531413204,NO
313,82,0.004117647058823529,NO
314,86,0.0,NO
315,67,0.045537296021728,NO
316,20,0.0,NO
317,60,0.31512656787656795,NO
318,88,0.8112651836736959,NO
319,47,0.0,NO
320,76,0.0,NO
321,21,0.0,NO
322,53,0.0,NO
323,114,0.8892976190476191,NO
324,121,0.7015036075036074,NO
325,78,0.7761480339766024,NO
326,20,0.0,NO
327,69,0.28435931934422637,NO
328,80,0.1580152552126237,NO
329,79,0.0,NO
330,81,0.8788716835280302,NO
331,88,0.8112651836736959,NO
332,20,0.0,NO
333,105,0.8144074232361194,NO
334,60,0.31512656787656795,NO
335,50,0.0,NO
336,28,0.0,NO
337,129,0.4416239593739593,NO
338,43,0.26845340711396704,NO
339,76,0.0,NO
340,63,0.19696079506822822,NO
341,65,0.0,NO
342,76,0.0,NO
343,45,0.39278317437063565,NO
344,20,0.0,NO
345,126,0.6858391053391053,NO
