ID, Size, Predicted, Actual
0,215,0.002638263310159377,NO
1,274,0.999734914812842,YES
2,461,0.999734914812842,YES
3,138,0.002638263310159377,NO
4,358,8.825255497573966E-4,NO
5,1248,0.999734914812842,YES
6,51,4.4165254453336437E-4,NO
7,45,8.825255497573966E-4,NO
8,157,0.002638263310159377,NO
9,31,3.7860709896820883E-4,NO
10,1008,0.002638263310159377,YES
11,55,0.999734914812842,NO
12,204,0.002638263310159377,NO
13,55,0.002638263310159377,NO
14,103,0.0013226210777423396,NO
15,83,0.999734914812842,YES
16,262,0.002638263310159377,NO
17,83,0.0013226210777423396,NO
18,867,0.999734914812842,YES
19,40,8.825255497573966E-4,NO
20,387,0.999734914812842,YES
21,390,0.002638263310159377,NO
22,51,4.4165254453336437E-4,NO
23,637,0.999734914812842,YES
24,32,4.4165254453336437E-4,NO
25,68,0.002638263310159377,YES
26,547,0.002638263310159377,NO
27,566,0.999734914812842,NO
28,314,0.999734914812842,YES
29,839,0.999734914812842,NO
30,211,0.002638263310159377,NO
31,31,0.0013226210777423396,NO
32,50,2.6508518715795984E-4,NO
33,27,1.395535661093174E-4,NO
34,175,0.002638263310159377,NO
35,50,0.002638263310159377,NO
36,62,2.209238438444643E-4,NO
37,87,0.002638263310159377,NO
38,52,0.0013226210777423396,NO
39,373,0.002638263310159377,NO
40,224,0.002638263310159377,NO
41,118,6.621863605089724E-4,YES
42,83,0.7691209571973643,NO
43,147,4.4165254453336437E-4,NO
44,58,0.002638263310159377,NO
45,44,5.298894426317733E-4,NO
46,106,0.6666077484350648,NO
47,189,0.002638263310159377,NO
48,151,0.0013226210777423396,NO
49,352,0.002638263310159377,YES
50,849,0.999734914812842,YES
51,877,0.002638263310159377,YES
52,41,0.002638263310159377,NO
53,319,0.0013226210777423396,YES
54,27,1.395535661093174E-4,NO
55,55,8.825255497573966E-4,NO
56,94,0.8332596757793418,NO
57,191,6.621863605089724E-4,NO
58,90,4.4165254453336437E-4,NO
59,90,4.4165254453336437E-4,NO
60,271,0.002638263310159377,YES
61,152,0.002638263310159377,NO
62,90,0.999734914812842,YES
63,82,0.002638263310159377,NO
64,147,4.4165254453336437E-4,NO
65,422,0.002638263310159377,YES
66,1059,0.999734914812842,YES
67,530,0.002638263310159377,NO
68,205,0.999734914812842,YES
69,190,0.999734914812842,YES
70,86,0.002638263310159377,NO
71,207,0.999734914812842,YES
72,397,0.002638263310159377,YES
73,573,0.002638263310159377,NO
74,126,0.0013226210777423396,YES
75,167,0.999734914812842,YES
76,109,5.298894426317733E-4,NO
77,85,4.4165254453336437E-4,NO
78,237,0.002638263310159377,NO
79,424,0.999734914812842,YES
80,47,1.8937524829747878E-4,NO
81,1118,0.999734914812842,YES
82,27,1.395535661093174E-4,NO
83,89,4.4165254453336437E-4,NO
84,474,0.999734914812842,YES
85,166,6.621863605089724E-4,NO
86,92,0.5263084445491523,NO
87,476,0.999734914812842,YES
88,93,0.0013226210777423396,NO
89,244,0.0013226210777423396,NO
90,204,0.999734914812842,YES
91,252,0.002638263310159377,NO
92,109,5.298894426317733E-4,YES
93,618,0.999734914812842,YES
94,565,0.002638263310159377,YES
95,69,0.7691209571973643,NO
96,77,2.6508518715795984E-4,NO
97,97,0.002638263310159377,NO
98,343,0.002638263310159377,NO
99,214,6.621863605089724E-4,NO
100,79,5.298894426317733E-4,NO
101,25,8.825255497573966E-4,NO
102,84,0.5555391884157878,NO
103,34,4.4165254453336437E-4,NO
104,33,8.825255497573966E-4,NO
105,104,6.621863605089724E-4,NO
106,172,0.0013226210777423396,NO
107,70,4.4165254453336437E-4,NO
108,140,8.825255497573966E-4,NO
109,156,8.825255497573966E-4,NO
110,142,8.825255497573966E-4,NO
111,152,0.0013226210777423396,NO
112,31,3.7860709896820883E-4,NO
113,60,0.7691209571973643,NO
114,60,0.7691209571973643,NO
115,876,0.002638263310159377,NO
116,61,0.002638263310159377,NO
117,185,0.002638263310159377,NO
118,264,0.002638263310159377,NO
119,43,0.8331860507707703,NO
120,248,0.0013226210777423396,NO
121,310,0.999734914812842,YES
122,199,0.002638263310159377,NO
123,194,0.002638263310159377,NO
124,346,0.002638263310159377,NO
125,90,0.002638263310159377,NO
126,335,0.002638263310159377,YES
127,372,0.999734914812842,YES
128,84,0.5555391884157878,NO
129,53,5.298894426317733E-4,NO
130,148,0.999734914812842,YES
131,4088,0.0013226210777423396,NO
132,860,0.999734914812842,YES
133,47,1.8937524829747878E-4,NO
134,101,0.6249585722030853,NO
135,517,0.002638263310159377,YES
136,327,0.999734914812842,YES
137,275,0.002638263310159377,YES
138,136,0.999734914812842,YES
139,56,3.3131257092001466E-4,NO
140,74,1.2052812167510037E-4,YES
141,362,0.002638263310159377,YES
142,174,0.002638263310159377,NO
143,148,0.002638263310159377,NO
144,92,0.002638263310159377,NO
145,45,0.5882077706156401,NO
146,39,0.0013226210777423396,NO
147,182,0.999734914812842,NO
148,77,0.002638263310159377,NO
149,666,0.002638263310159377,NO
150,88,6.621863605089724E-4,YES
151,263,0.002638263310159377,YES
152,54,3.3131257092001466E-4,NO
153,76,0.002638263310159377,NO
154,132,0.002638263310159377,NO
155,160,0.0013226210777423396,YES
156,152,0.0013226210777423396,NO
157,39,2.6508518715795984E-4,NO
158,677,0.002638263310159377,NO
159,131,0.0013226210777423396,NO
160,47,1.8937524829747878E-4,NO
161,129,6.621863605089724E-4,NO
162,43,3.7860709896820883E-4,NO
163,73,0.002638263310159377,NO
164,257,0.0013226210777423396,NO
165,356,0.0013226210777423396,NO
166,62,2.209238438444643E-4,NO
167,45,0.5882077706156401,NO
168,97,0.002638263310159377,NO
169,131,0.999734914812842,YES
170,68,0.002638263310159377,YES
171,99,0.002638263310159377,NO
172,53,0.002638263310159377,NO
173,81,0.999734914812842,NO
174,78,0.999734914812842,YES
175,69,0.002638263310159377,NO
176,69,0.002638263310159377,NO
177,77,0.7691209571973643,NO
178,72,0.0013226210777423396,NO
179,72,0.0013226210777423396,NO
180,63,0.002638263310159377,NO
181,50,8.825255497573966E-4,NO
182,28,0.0013226210777423396,NO
183,96,0.8331860507707703,NO
184,40,0.0013226210777423396,NO
185,76,0.002638263310159377,NO
186,49,0.0013226210777423396,NO
187,63,0.002638263310159377,NO
188,55,0.002638263310159377,NO
189,45,8.825255497573966E-4,NO
190,476,0.002638263310159377,NO
191,77,2.6508518715795984E-4,NO
192,69,0.7691209571973643,NO
193,104,6.621863605089724E-4,NO
194,115,0.002638263310159377,NO
195,421,0.002638263310159377,NO
196,61,0.002638263310159377,NO
197,2009,0.002638263310159377,NO
198,179,8.825255497573966E-4,NO
199,106,0.6666077484350648,NO
200,33,8.825255497573966E-4,NO
201,657,0.002638263310159377,NO
202,295,0.002638263310159377,NO
203,872,0.002638263310159377,NO
204,444,0.002638263310159377,NO
205,168,8.825255497573966E-4,NO
206,752,0.002638263310159377,NO
207,135,0.002638263310159377,NO
208,1126,0.002638263310159377,NO
209,163,6.621863605089724E-4,NO
210,184,0.002638263310159377,NO
211,51,4.4165254453336437E-4,NO
212,25,8.825255497573966E-4,NO
213,180,6.621863605089724E-4,NO
214,64,3.3131257092001466E-4,NO
215,101,0.6249585722030853,NO
216,512,0.002638263310159377,NO
217,187,0.002638263310159377,NO
218,56,3.3131257092001466E-4,NO
219,39,2.6508518715795984E-4,NO
220,261,0.002638263310159377,NO
221,73,0.002638263310159377,NO
222,65,0.002638263310159377,NO
223,329,0.002638263310159377,NO
224,64,3.3131257092001466E-4,NO
225,164,0.002638263310159377,NO
226,624,8.825255497573966E-4,NO
227,74,1.2052812167510037E-4,NO
228,117,6.621863605089724E-4,NO
229,84,0.5555391884157878,NO
230,226,0.002638263310159377,NO
231,76,5.298894426317733E-4,NO
232,323,0.002638263310159377,NO
233,72,2.4099814924169013E-4,NO
234,42,2.6508518715795984E-4,NO
235,48,2.209238438444643E-4,NO
236,89,4.4165254453336437E-4,NO
237,380,0.0013226210777423396,NO
238,141,0.002638263310159377,NO
239,148,0.6666077484350648,NO
240,191,6.621863605089724E-4,NO
241,46,6.621863605089724E-4,NO
242,165,8.825255497573966E-4,NO
243,171,0.0013226210777423396,NO
244,56,3.3131257092001466E-4,NO
245,179,8.825255497573966E-4,NO
246,74,1.2052812167510037E-4,NO
247,36,4.4165254453336437E-4,NO
248,37,2.209238438444643E-4,NO
249,34,4.4165254453336437E-4,NO
250,34,4.4165254453336437E-4,NO
251,38,0.6249585722030853,NO
252,39,2.6508518715795984E-4,NO
253,156,8.825255497573966E-4,NO
254,84,0.5555391884157878,NO
255,117,6.621863605089724E-4,NO
256,94,0.8332596757793418,NO
257,71,8.825255497573966E-4,NO
258,183,3.3131257092001466E-4,NO
259,85,4.4165254453336437E-4,NO
260,183,3.3131257092001466E-4,NO
261,70,4.4165254453336437E-4,NO
262,54,3.3131257092001466E-4,NO
263,160,0.0013226210777423396,NO
264,128,6.621863605089724E-4,NO
265,151,0.0013226210777423396,NO
266,422,8.825255497573966E-4,NO
267,221,0.002638263310159377,NO
268,50,2.6508518715795984E-4,NO
269,42,2.6508518715795984E-4,NO
270,624,8.825255497573966E-4,NO
271,377,0.0013226210777423396,NO
272,382,0.999734914812842,NO
273,72,2.4099814924169013E-4,NO
274,92,0.5263084445491523,NO
275,282,0.002638263310159377,NO
276,371,0.0013226210777423396,NO
277,47,1.8937524829747878E-4,NO
278,108,6.621863605089724E-4,NO
279,111,4.4165254453336437E-4,NO
280,319,0.0013226210777423396,NO
281,129,6.621863605089724E-4,NO
282,49,3.3131257092001466E-4,NO
283,358,8.825255497573966E-4,NO
284,277,0.0013226210777423396,NO
285,49,3.3131257092001466E-4,NO
286,89,4.4165254453336437E-4,NO
287,41,5.298894426317733E-4,NO
288,66,3.7860709896820883E-4,NO
289,63,0.5000000000000002,NO
290,24,0.0013226210777423396,NO
291,50,2.6508518715795984E-4,NO
292,72,2.4099814924169013E-4,NO
293,47,1.8937524829747878E-4,NO
294,47,1.8937524829747878E-4,NO
295,183,3.3131257092001466E-4,NO
296,49,3.3131257092001466E-4,NO
297,50,2.6508518715795984E-4,NO
298,98,0.5555391884157878,NO
299,143,8.825255497573966E-4,NO
300,43,3.7860709896820883E-4,NO
301,42,2.6508518715795984E-4,NO
302,56,3.3131257092001466E-4,NO
303,44,5.298894426317733E-4,NO
304,26,0.0013226210777423396,NO
305,254,0.0013226210777423396,NO
306,16883,0.0013226210777423396,NO
307,74,1.2052812167510037E-4,NO
308,153,0.7142045534650154,NO
309,68,0.0013226210777423396,NO
310,100,6.621863605089724E-4,NO
311,550,0.002638263310159377,NO
312,437,0.0013226210777423396,NO
313,1038,0.002638263310159377,NO
314,104,6.621863605089724E-4,NO
315,332,0.002638263310159377,NO
316,123,5.298894426317733E-4,NO
317,106,0.6666077484350648,NO
318,106,0.6666077484350648,NO
319,94,0.8332596757793418,NO
320,101,0.6249585722030853,NO
321,38,0.6249585722030853,NO
322,628,0.002638263310159377,YES
323,32,4.4165254453336437E-4,NO
324,111,4.4165254453336437E-4,NO
325,35,3.7860709896820883E-4,NO
326,90,4.4165254453336437E-4,NO
327,27,1.395535661093174E-4,NO
328,28,3.3131257092001466E-4,NO
329,92,0.5263084445491523,NO
330,979,0.002638263310159377,NO
331,67,8.825255497573966E-4,NO
332,29,6.621863605089724E-4,NO
333,105,0.9089922951731749,NO
334,72,2.4099814924169013E-4,NO
335,37,2.209238438444643E-4,NO
336,47,1.8937524829747878E-4,NO
337,31,3.7860709896820883E-4,NO
338,90,4.4165254453336437E-4,NO
339,223,0.0013226210777423396,NO
340,214,6.621863605089724E-4,NO
341,107,0.0013226210777423396,NO
342,37,2.209238438444643E-4,NO
343,27,1.395535661093174E-4,NO
344,48,2.209238438444643E-4,NO
345,167,0.002638263310159377,NO
346,213,0.0013226210777423396,NO
347,867,0.002638263310159377,NO
348,159,0.0013226210777423396,NO
349,100,6.621863605089724E-4,NO
350,96,0.8331860507707703,NO
351,842,0.002638263310159377,NO
352,535,0.002638263310159377,NO
353,83,0.7691209571973643,NO
354,63,0.5000000000000002,NO
355,76,5.298894426317733E-4,NO
356,202,0.0013226210777423396,NO
357,155,0.002638263310159377,NO
358,1263,0.002638263310159377,NO
359,74,1.2052812167510037E-4,NO
360,101,0.6249585722030853,NO
361,27,1.395535661093174E-4,NO
362,22,6.621863605089724E-4,NO
363,491,0.002638263310159377,NO
364,62,2.209238438444643E-4,NO
365,59,0.0013226210777423396,NO
366,99,0.0013226210777423396,NO
367,27,1.395535661093174E-4,NO
368,77,2.6508518715795984E-4,NO
369,863,0.002638263310159377,NO
370,64,3.3131257092001466E-4,NO
371,45,0.5882077706156401,NO
372,63,0.5000000000000002,NO
373,54,3.3131257092001466E-4,NO
374,64,3.3131257092001466E-4,NO
375,132,3.3131257092001466E-4,NO
376,182,0.999734914812842,NO
377,70,4.4165254453336437E-4,NO
378,36,4.4165254453336437E-4,NO
379,58,0.5000000000000001,NO
380,62,2.209238438444643E-4,NO
381,132,3.3131257092001466E-4,NO
382,74,1.2052812167510037E-4,NO
383,86,5.298894426317733E-4,NO
384,74,1.2052812167510037E-4,NO
385,48,2.209238438444643E-4,NO
386,74,1.2052812167510037E-4,NO
387,86,5.298894426317733E-4,NO
388,355,0.0013226210777423396,NO
389,53,5.298894426317733E-4,NO
390,804,0.002638263310159377,NO
391,75,0.0013226210777423396,NO
392,125,8.825255497573966E-4,NO
393,200,0.0013226210777423396,NO
394,134,0.0013226210777423396,NO
395,57,5.298894426317733E-4,NO
396,123,5.298894426317733E-4,NO
397,266,0.002638263310159377,YES
398,162,0.8331860507707703,NO
399,130,0.0013226210777423396,YES
400,108,6.621863605089724E-4,YES
401,354,0.002638263310159377,YES
402,88,6.621863605089724E-4,YES
403,28,3.3131257092001466E-4,NO
404,58,0.5000000000000001,NO
405,308,0.002638263310159377,YES
406,343,0.002638263310159377,YES
407,103,6.621863605089724E-4,NO
408,35,3.7860709896820883E-4,NO
409,98,0.5555391884157878,NO
410,117,6.621863605089724E-4,NO
