ID, Size, Predicted, Actual
0,227,1.0,YES
1,276,1.0,YES
2,460,1.0,YES
3,138,0.3468571428571428,NO
4,355,1.0,YES
5,23,0.018333333333333337,NO
6,31,0.018333333333333337,NO
7,109,0.47341450216450215,NO
8,44,0.02,NO
9,72,0.2307857142857143,NO
10,99,0.46052442002442,NO
11,103,0.25046031746031744,NO
12,20,0.02,NO
13,135,0.7941010101010101,YES
14,1699,1.0,YES
15,45,0.0033333333333333335,NO
16,200,0.276,NO
17,2583,1.0,YES
18,55,0.0,NO
19,204,0.27,NO
20,59,0.05,NO
21,102,0.05214285714285715,NO
22,34,0.04,NO
23,83,0.32,NO
24,114,1.0,YES
25,60,0.01,NO
26,512,0.37,NO
27,87,0.28,NO
28,130,0.56,NO
29,37,0.0,NO
30,101,0.21537362637362636,NO
31,1185,1.0,YES
32,455,1.0,YES
33,40,0.0,NO
34,518,1.0,YES
35,382,1.0,YES
36,49,0.0,NO
37,586,1.0,YES
38,32,0.0,NO
39,73,0.17948809523809522,NO
40,633,0.52,NO
41,681,1.0,YES
42,470,1.0,YES
43,1015,1.0,YES
44,278,0.47460317460317464,NO
45,31,0.0,NO
46,36,0.03,NO
47,58,1.0,YES
48,172,1.0,YES
49,86,0.36,NO
50,162,0.41,NO
51,53,0.0,NO
52,415,0.28,NO
53,200,0.33,NO
54,264,0.66,NO
55,166,1.0,YES
56,38,0.0,NO
57,117,0.5737121212121212,NO
58,85,0.22,NO
59,66,0.12573737373737373,NO
60,60,0.0,NO
61,37,0.0,NO
62,233,0.42,NO
63,37,0.0,NO
64,239,0.23266666666666666,NO
65,40,0.0,NO
66,208,1.0,YES
67,189,0.83,NO
68,22,0.01,NO
69,262,0.28,NO
70,489,0.42,NO
71,1417,0.77,NO
72,1376,1.0,YES
73,66,0.13,NO
74,438,1.0,YES
75,430,1.0,YES
76,35,0.005,NO
77,53,0.0,NO
78,197,0.75,NO
79,108,0.20850396825396822,NO
80,237,0.3365714285714285,NO
81,119,0.123515873015873,NO
82,334,0.7214202741702742,NO
83,161,0.8866666666666667,NO
84,136,0.7424880952380952,NO
85,281,0.43,NO
86,203,0.28,NO
87,97,0.4956031746031745,NO
88,107,0.36732539682539683,NO
89,148,0.01,NO
90,462,0.59,NO
91,1856,1.0,YES
92,245,1.0,YES
93,634,1.0,YES
94,214,1.0,YES
95,258,0.56,NO
96,70,0.4028492063492064,NO
97,93,0.0,NO
98,337,0.833920634920635,NO
99,149,0.7859523809523811,NO
100,585,0.58,NO
101,115,0.31057142857142855,NO
102,192,0.81,YES
103,704,0.86,YES
104,591,0.5335,NO
105,141,0.754,NO
106,179,1.0,YES
107,602,1.0,YES
108,141,0.55,NO
109,42,0.0,NO
110,42,0.0,NO
111,85,0.0,NO
112,69,0.026571428571428565,NO
113,471,0.6691269841269841,NO
114,106,0.38579473304473305,NO
115,250,0.1733333333333333,NO
116,162,0.26,NO
117,24,0.01,NO
118,56,0.03,NO
119,51,0.06,NO
120,22,0.01,NO
121,24,0.01,NO
122,492,1.0,YES
123,1624,1.0,YES
124,47,0.0,NO
125,2258,1.0,YES
126,85,0.07,NO
127,50,0.02,NO
128,44,0.12731349206349202,NO
129,52,0.07,NO
130,41,0.0,NO
131,48,0.0,NO
132,213,0.0,NO
133,543,1.0,YES
134,233,0.08,NO
135,134,0.563,NO
136,104,0.16102380952380943,NO
137,121,1.0,YES
138,39,0.0,NO
139,41,0.06857142857142857,NO
140,248,1.0,YES
141,215,0.0,NO
142,269,0.6275,NO
143,165,0.86,NO
144,277,0.44,NO
145,100,0.0575,NO
146,358,0.55,NO
147,29,0.17,NO
148,339,0.8238888888888889,NO
149,719,0.7058333333333333,NO
150,141,0.128,NO
151,801,1.0,YES
152,69,0.03,NO
153,77,0.0,NO
154,97,0.0,NO
155,380,0.008,NO
156,214,0.0,NO
157,38,0.04,NO
158,79,0.0,NO
159,25,0.0,NO
160,84,0.02,NO
161,34,0.0,NO
162,33,0.0,NO
163,104,0.016666666666666666,NO
164,193,0.99,YES
165,70,0.0,NO
166,140,0.03,NO
167,22,0.0,NO
168,158,1.0,YES
169,142,0.0,NO
170,109,0.43299603174603163,NO
171,152,0.03,YES
172,31,0.01,NO
173,344,0.06273809523809523,NO
174,60,0.018000000000000002,YES
175,85,0.125,YES
176,78,0.27697619047619043,YES
177,880,0.06,YES
178,64,0.03,NO
179,199,0.35688095238095235,NO
180,264,0.048333333333333346,YES
181,155,0.27,NO
182,42,0.02,NO
183,405,1.0,YES
184,248,0.024333333333333335,NO
185,541,0.49666666666666665,NO
186,28,0.01,NO
187,452,1.0,YES
188,474,0.625,NO
189,379,1.0,YES
190,83,0.243297619047619,NO
191,393,0.2763333333333333,NO
192,439,1.0,YES
193,248,0.4,NO
194,13253,0.07,NO
195,28,0.0,NO
196,69,0.49404761904761896,NO
197,6303,0.31357142857142856,NO
198,116,0.04046031746031746,NO
199,100,0.23120695970695976,NO
200,46,0.01,NO
201,226,0.32035606060606064,NO
202,79,0.30146428571428574,NO
203,93,0.13289285714285715,NO
204,2156,1.0,YES
205,41,0.0,NO
206,64,0.07,NO
207,149,0.8341666666666667,NO
208,334,0.8002337662337662,NO
209,114,0.7803293650793651,NO
210,66,0.04,NO
211,38,0.0,NO
212,46,0.01,NO
213,101,0.025277777777777777,NO
214,111,0.2696150793650794,NO
215,156,0.4,NO
216,113,0.8171865079365079,NO
217,770,0.56,NO
218,392,1.0,YES
219,314,0.91125,NO
220,139,1.0,YES
221,59,0.01,NO
222,78,0.22723809523809524,NO
223,49,0.303452380952381,NO
224,511,0.8,NO
225,42,0.0,NO
226,75,0.5310901875901876,NO
227,219,0.11714285714285716,NO
228,103,0.48735714285714266,NO
229,158,0.5626428571428572,NO
230,190,0.0,NO
231,88,0.01,NO
232,248,0.3916666666666667,NO
233,276,0.45523809523809516,NO
234,60,0.01,NO
235,35,0.0,NO
236,63,0.0,NO
237,79,0.0575,NO
238,174,0.0075,NO
239,148,0.06466666666666666,NO
240,34,0.0,NO
241,35,0.0,NO
242,45,0.0,NO
243,293,0.1,NO
244,88,1.0,YES
245,57,0.0,NO
246,39,0.0,NO
247,57,0.0825,NO
248,277,0.5552380952380953,NO
249,468,0.0,NO
250,75,0.01,NO
251,666,0.0,NO
252,53,1.0,YES
253,145,0.027999999999999997,NO
254,396,1.0,YES
255,54,0.0,NO
256,104,0.0075,NO
257,119,0.0075,NO
258,514,1.0,YES
259,152,0.01,NO
260,95,0.24,NO
261,415,0.008333333333333333,NO
262,131,0.01,NO
263,45,0.0,NO
264,156,0.23,NO
265,166,1.0,YES
266,43,0.0,NO
267,74,1.0,YES
268,302,0.632,NO
269,494,0.7257142857142856,NO
270,421,0.5799642857142857,NO
271,723,0.5915912698412698,NO
272,550,0.62,NO
273,493,0.7157142857142857,NO
274,416,0.5424642857142857,NO
275,359,0.018333333333333333,NO
276,62,0.0275,NO
277,45,0.0,NO
278,41,0.0,NO
279,47,0.0,NO
280,55,0.0,NO
281,1456,0.0,NO
282,187,0.09,NO
283,163,0.0475,NO
284,142,0.098,NO
285,73,0.25170526695526696,NO
286,108,1.0,YES
287,20,0.036000000000000004,NO
288,60,0.02,NO
289,84,0.06,NO
290,82,0.04,NO
291,86,1.0,YES
292,67,0.0,NO
293,20,0.036000000000000004,NO
294,60,1.0,YES
295,88,1.0,YES
296,47,1.0,YES
297,76,1.0,YES
298,21,0.036000000000000004,NO
299,53,0.0,NO
300,114,1.0,YES
301,121,1.0,YES
302,78,1.0,YES
303,20,0.046,NO
304,69,0.4542777777777778,NO
305,80,0.48432142857142857,NO
306,79,0.38410714285714287,NO
307,81,1.0,YES
308,88,1.0,YES
309,20,0.046,NO
310,105,1.0,YES
311,60,1.0,YES
312,50,0.0,NO
313,28,0.0,NO
314,129,1.0,YES
315,43,0.13563492063492064,NO
316,76,0.0,NO
317,63,0.0,NO
318,65,0.3699678932178932,NO
319,76,1.0,YES
320,45,0.0,NO
321,20,0.046,NO
