ID, Size, Predicted, Actual
0,215,0.0,NO
1,274,0.08166666666666665,YES
2,461,0.95,NO
3,138,0.0033333333333333335,NO
4,358,0.01,NO
5,93,0.20833333333333331,NO
6,1379,0.28,YES
7,51,0.0,NO
8,45,0.0,NO
9,157,0.04,NO
10,31,0.0,NO
11,1743,1.0,YES
12,55,0.02,NO
13,204,0.01,NO
14,55,0.01,NO
15,103,0.03,NO
16,34,0.02,NO
17,83,0.09,NO
18,488,0.35,NO
19,83,0.01,NO
20,129,0.013166666666666667,NO
21,885,0.87,NO
22,440,0.1,NO
23,40,0.0,NO
24,391,0.19,NO
25,378,0.049666666666666665,NO
26,51,0.0,NO
27,709,0.81,YES
28,32,0.0,NO
29,68,0.0,YES
30,564,0.22,YES
31,588,0.25333333333333335,NO
32,381,0.28,YES
33,977,0.47,NO
34,275,0.035,NO
35,31,0.0,NO
36,50,0.0,NO
37,27,0.0,NO
38,183,0.04,NO
39,50,0.0,NO
40,62,0.0,NO
41,87,0.01,NO
42,52,0.0,NO
43,419,0.166,YES
44,224,0.0,NO
45,118,0.0,YES
46,83,0.025,NO
47,147,0.0,NO
48,120,0.03,NO
49,58,0.0,NO
50,44,0.0,NO
51,106,0.028333333333333332,YES
52,238,0.066,NO
53,43,0.01,NO
54,195,0.57,YES
55,189,0.0,NO
56,151,0.0,NO
57,395,0.29,YES
58,1013,0.69,YES
59,913,0.65,YES
60,43,0.0,NO
61,335,0.46,YES
62,27,0.0,NO
63,55,0.0,NO
64,93,0.0,NO
65,191,0.0,NO
66,90,0.0,NO
67,89,0.02,NO
68,273,0.11,NO
69,191,0.04,NO
70,97,0.5765238095238094,NO
71,82,0.0,NO
72,148,0.0,NO
73,437,0.95,NO
74,1376,0.22,YES
75,214,0.02,YES
76,528,0.8133333333333332,NO
77,209,0.05,NO
78,190,0.04,NO
79,86,0.01,NO
80,269,0.39,YES
81,408,0.15,YES
82,572,0.02,NO
83,132,0.21,NO
84,173,0.02,NO
85,107,0.01,NO
86,85,0.0,NO
87,107,0.01,NO
88,250,0.11,NO
89,237,0.01,NO
90,692,0.8033333333333335,YES
91,47,0.0,NO
92,1487,0.31,YES
93,27,0.0,NO
94,89,0.0,NO
95,509,0.9,YES
96,227,0.22,NO
97,129,0.24983333333333335,YES
98,101,1.0,YES
99,385,0.23,NO
100,102,1.0,YES
101,41,0.0,NO
102,244,0.0,NO
103,215,0.0,NO
104,260,0.11633333333333333,NO
105,119,0.01,NO
106,701,0.0,NO
107,120,0.105,YES
108,630,0.01,YES
109,69,0.0,NO
110,77,0.0,NO
111,97,0.01,NO
112,380,0.03,NO
113,214,0.0,NO
114,38,0.01,NO
115,79,0.0,NO
116,25,0.0,NO
117,84,0.0,NO
118,34,0.0,NO
119,33,0.0,NO
120,104,0.0,NO
121,193,0.03,NO
122,70,0.0,NO
123,140,0.0,NO
124,22,0.0,NO
125,156,0.01,NO
126,142,0.0,NO
127,100,0.0,YES
128,153,0.06,NO
129,31,0.0,NO
130,340,0.04,NO
131,61,0.0,NO
132,61,0.0,NO
133,877,0.01,NO
134,62,0.02,NO
135,186,0.0,NO
136,264,0.0,NO
137,42,0.0,NO
138,248,0.0,NO
139,343,0.21,YES
140,199,0.0,YES
141,330,0.07166666666666666,YES
142,346,0.0,YES
143,89,0.14,NO
144,193,0.07,YES
145,406,0.16,YES
146,82,0.025,NO
147,53,0.01,NO
148,148,0.04,NO
149,4774,0.07,YES
150,4088,0.0,NO
151,93,0.16333333333333336,NO
152,78,0.056666666666666664,NO
153,78,0.12083333333333332,NO
154,995,0.08666666666666664,YES
155,37,0.0,NO
156,59,0.05,NO
157,140,0.47,NO
158,165,0.03,NO
159,47,0.0,NO
160,101,0.0,NO
161,109,0.22,NO
162,154,0.445,NO
163,559,0.09166666666666665,YES
164,386,0.1125,NO
165,306,0.25250000000000006,YES
166,135,0.01,NO
167,56,0.0,NO
168,78,0.125,NO
169,35,0.01,NO
170,467,0.27,YES
171,174,0.0,NO
172,148,0.025,NO
173,88,0.014833333333333336,NO
174,52,0.19,NO
175,39,0.0,NO
176,208,0.01,YES
177,77,0.0,NO
178,666,0.0,NO
179,146,0.22809523809523807,NO
180,272,0.6417857142857143,YES
181,54,0.0,NO
182,100,0.105,NO
183,119,0.0,NO
184,363,0.17733333333333334,NO
185,152,0.0,NO
186,39,0.0,NO
187,677,0.0,NO
188,131,0.0,NO
189,47,0.0,NO
190,100,0.06,NO
191,43,0.0,NO
192,73,0.0,NO
193,234,0.14333333333333337,NO
194,62,0.0,NO
195,45,0.0,NO
196,41,0.0,NO
197,47,0.0,NO
198,55,0.01,NO
199,1279,0.0,NO
200,183,0.0,NO
201,163,0.08833333333333333,NO
202,147,0.5091666666666667,NO
203,77,0.28450000000000003,NO
204,99,0.02,NO
205,53,0.0,NO
206,95,0.07,NO
207,77,0.30950000000000005,NO
208,69,0.0,NO
209,69,0.0,NO
210,77,0.0,NO
211,80,0.04,NO
212,72,0.0,NO
213,63,0.0,NO
214,50,0.0,NO
215,28,0.0,NO
216,108,0.0,NO
217,40,0.0,NO
218,76,0.0,NO
219,64,0.0,NO
220,63,0.0,NO
221,55,0.0,NO
222,45,0.0,NO
223,476,0.0,NO
224,77,0.0,NO
225,69,0.0,NO
226,104,0.0,NO
227,115,0.0,NO
228,421,0.0,NO
229,61,0.0,NO
230,2009,0.002,NO
231,179,0.0,NO
232,106,0.0,NO
233,33,0.0,NO
234,657,0.0,NO
235,295,0.0,NO
236,872,0.0,NO
237,444,0.0,NO
238,168,0.0,NO
239,752,0.0,NO
240,135,0.0,NO
241,1126,0.0,NO
242,163,0.0,NO
243,184,0.0,NO
244,51,0.0,NO
245,25,0.0,NO
246,180,0.0,NO
247,64,0.0,NO
248,101,0.0,NO
249,512,0.0,NO
250,187,0.0,NO
251,56,0.0,NO
252,39,0.0,NO
253,261,0.0,NO
254,73,0.0,NO
255,65,0.0,NO
256,329,0.0,NO
257,64,0.0,NO
258,164,0.0,NO
259,624,0.025,NO
260,74,0.0,NO
261,117,0.0,NO
262,84,0.0,NO
263,226,0.0,NO
264,76,0.0,NO
265,323,0.0,NO
266,72,0.0,NO
267,42,0.0,NO
268,48,0.0,NO
269,89,0.0,NO
270,380,0.0,NO
271,144,0.02,NO
272,148,0.01,NO
273,191,0.0,NO
274,46,0.0,NO
275,165,0.0,NO
276,171,0.0,NO
277,56,0.0,NO
278,179,0.0,NO
279,74,0.0,NO
280,36,0.0,NO
281,37,0.0,NO
282,34,0.0,NO
283,34,0.0,NO
284,38,0.0,NO
285,39,0.0,NO
286,156,0.01,NO
287,78,0.4,NO
288,117,0.0,NO
289,94,0.16,NO
290,69,0.0,NO
291,180,0.06,NO
292,80,0.1,NO
293,183,0.06,NO
294,70,0.0,NO
295,54,0.0,NO
296,160,0.0,NO
297,128,0.0,NO
298,151,0.18,NO
299,422,0.0,NO
300,221,0.0,NO
301,50,0.0,NO
302,42,0.0,NO
303,622,0.0,NO
304,365,0.4,NO
305,382,0.0,NO
306,72,0.0,NO
307,92,0.0,NO
308,280,0.0,NO
309,371,0.0,NO
310,47,0.0,NO
311,108,0.0,NO
312,111,0.0,NO
313,314,0.0,NO
314,129,0.04466666666666666,NO
315,49,0.0,NO
316,358,0.20571428571428568,NO
317,273,0.09733333333333336,NO
318,47,0.0,NO
319,89,0.0,NO
320,41,0.0,NO
321,66,0.0,NO
322,63,0.0,NO
323,24,0.0,NO
324,50,0.0,NO
325,72,0.0,NO
326,47,0.0,NO
327,47,0.0,NO
328,183,0.0,NO
329,49,0.0,NO
330,50,0.0,NO
331,98,0.08,NO
332,143,0.0,NO
333,43,0.0,NO
334,42,0.0,NO
335,56,0.01,NO
336,44,0.0,NO
337,26,0.0,NO
338,254,0.0,NO
339,16883,0.0,NO
340,74,0.0,NO
341,153,0.0,NO
342,68,0.0,NO
343,100,0.0,NO
344,547,0.0,NO
345,437,0.0,NO
346,1038,0.0,NO
347,104,0.0,NO
348,332,0.01,NO
349,123,0.0,NO
350,106,0.0,NO
351,107,0.01,NO
352,94,0.0,NO
353,101,0.008,NO
354,38,0.0,NO
355,666,0.0,NO
356,32,0.0,NO
357,111,0.0,NO
358,35,0.01,NO
359,90,0.0,NO
360,27,0.0,NO
361,28,0.0,NO
362,92,0.0,NO
363,978,0.05,NO
364,67,0.0,NO
365,29,0.0,NO
366,105,0.0,NO
367,72,0.0,NO
368,37,0.0,NO
369,47,0.0,NO
370,31,0.0,NO
371,90,0.0,NO
372,221,0.16,NO
373,213,0.16,NO
374,105,0.09,NO
375,37,0.0,NO
376,27,0.0,NO
377,48,0.0,NO
378,167,0.02,NO
379,213,0.18,NO
380,867,0.01,NO
381,158,0.0,NO
382,93,0.14,NO
383,96,0.0,NO
384,840,0.17,NO
385,535,0.01,NO
386,83,0.01,NO
387,63,0.0,NO
388,76,0.0,NO
389,202,0.0,NO
390,155,0.0,NO
391,1263,0.0,NO
392,74,0.0,NO
393,101,0.003333333333333333,NO
394,27,0.0,NO
395,22,0.0,NO
396,491,0.0,NO
397,62,0.0,NO
398,59,0.0,NO
399,99,0.0,NO
400,27,0.0,NO
401,77,0.0,NO
402,865,0.07,NO
403,64,0.0,NO
404,45,0.0,NO
405,63,0.0,NO
406,54,0.0,NO
407,64,0.0,NO
408,132,0.0,NO
409,182,0.01,NO
410,70,0.0,NO
411,36,0.0,NO
412,58,0.0,NO
413,62,0.0,NO
414,132,0.0,NO
415,74,0.0,NO
416,86,0.0,NO
417,74,0.0,NO
418,48,0.0,NO
419,74,0.0,NO
420,86,0.0,NO
421,355,0.0,NO
422,53,0.0,NO
423,798,0.0,NO
424,75,0.0,NO
425,128,0.013333333333333334,NO
426,198,0.062380952380952384,NO
427,138,0.31,NO
428,57,0.0,NO
429,123,0.0,NO
430,314,0.2505476190476191,NO
431,162,0.0,NO
432,137,0.0642857142857143,NO
433,124,0.11595238095238095,NO
434,359,0.21904761904761905,NO
435,151,0.06,NO
436,107,0.18687301587301583,NO
437,28,0.0,NO
438,58,0.0,NO
439,470,0.1225,NO
440,345,0.33,NO
441,103,0.0,NO
442,35,0.0,NO
443,98,0.0,NO
444,117,0.0,NO
