ID, Size, Predicted, Actual
0,198,0.14968901104930024,NO
1,107,0.14611337459162269,NO
2,69,0.14489539666189397,NO
3,70,0.14489539666189397,NO
4,30,0.14366504666911456,NO
5,553,0.16064156543456548,NO
6,685,0.16359931656435875,NO
7,526,0.15961990655096042,NO
8,1473,0.18014916003780765,NO
9,1077,0.17294824218838037,NO
10,1320,0.17755268652882117,NO
11,410,0.15645247893762326,NO
12,1296,0.17755268652882117,NO
13,1318,0.17755268652882117,NO
14,260,0.150853457460403,NO
15,113,0.14611337459162269,NO
16,90,0.14611337459162269,NO
17,313,0.1531388503115336,NO
18,209,0.14968901104930024,NO
19,3340,0.17048218107314894,NO
20,68,0.14489539666189397,NO
21,300,0.152003532497324,NO
22,202,0.14968901104930024,NO
23,389,0.1553636963876344,NO
24,70,0.14489539666189397,NO
25,296,0.152003532497324,NO
26,92,0.14611337459162269,NO
27,192,0.148510584016953,NO
28,66,0.14489539666189397,NO
29,463,0.1575250131454379,NO
30,169,0.148510584016953,NO
31,384,0.1553636963876344,NO
32,195,0.14968901104930024,NO
33,1118,0.1743758405402292,NO
34,78,0.14489539666189397,NO
35,100,0.14611337459162269,NO
36,104,0.14611337459162269,NO
37,43,0.14366504666911456,NO
38,311,0.1531388503115336,NO
39,834,0.16815216193721663,NO
40,57,0.14489539666189397,NO
41,259,0.150853457460403,NO
42,399,0.1553636963876344,NO
43,233,0.150853457460403,NO
44,74,0.14489539666189397,NO
45,55,0.14489539666189397,NO
46,229,0.14968901104930024,NO
47,373,0.1553636963876344,NO
48,21,0.14366504666911456,NO
49,926,0.169834353347756,NO
50,21,0.14366504666911456,NO
51,621,0.16263160217888453,NO
52,37,0.14366504666911456,NO
53,35,0.14366504666911456,NO
54,32,0.14366504666911456,NO
55,83,0.14489539666189397,NO
56,458,0.1575250131454379,NO
57,54,0.14489539666189397,NO
58,92,0.14611337459162269,NO
59,32,0.14366504666911456,NO
60,536,0.15961990655096042,NO
61,24,0.14366504666911456,NO
62,37,0.14366504666911456,NO
63,34,0.14366504666911456,NO
64,34,0.14366504666911456,NO
65,25,0.14366504666911456,NO
66,21,0.14366504666911456,NO
67,76,0.14489539666189397,NO
68,31,0.14366504666911456,NO
69,32,0.14366504666911456,NO
70,186,0.148510584016953,NO
71,91,0.14611337459162269,NO
72,356,0.15425903012445027,NO
73,28,0.14366504666911456,NO
74,40,0.14366504666911456,NO
75,21,0.14366504666911456,NO
76,54,0.14489539666189397,NO
77,103,0.14611337459162269,NO
78,76,0.14489539666189397,NO
79,29,0.14366504666911456,NO
80,47,0.14366504666911456,NO
81,132,0.1473185718498118,NO
82,21,0.14366504666911456,NO
83,41,0.14366504666911456,NO
84,43,0.14366504666911456,NO
85,34,0.14366504666911456,NO
86,21,0.14366504666911456,NO
87,98,0.14611337459162269,NO
88,61,0.14489539666189397,NO
89,124,0.1473185718498118,NO
90,89,0.14611337459162269,NO
91,374,0.1553636963876344,NO
92,133,0.1473185718498118,NO
93,750,0.1654785267608226,NO
94,164,0.148510584016953,NO
95,103,0.14611337459162269,NO
96,361,0.15425903012445027,NO
97,21,0.14366504666911456,NO
98,128,0.1473185718498118,NO
99,175,0.148510584016953,NO
100,37,0.14366504666911456,NO
101,60,0.14489539666189397,NO
102,21,0.14366504666911456,NO
103,41,0.14366504666911456,NO
104,183,0.148510584016953,NO
105,57,0.14489539666189397,NO
106,60,0.14489539666189397,NO
107,34,0.14366504666911456,NO
108,21,0.14366504666911456,NO
109,76,0.14489539666189397,NO
110,73,0.14489539666189397,NO
111,58,0.14489539666189397,NO
112,54,0.14489539666189397,NO
113,24,0.14366504666911456,NO
114,21,0.14366504666911456,NO
115,519,0.15961990655096042,NO
116,43,0.14366504666911456,NO
117,33,0.14366504666911456,NO
118,36,0.14366504666911456,NO
119,38,0.14366504666911456,NO
120,28,0.14366504666911456,NO
121,34,0.14366504666911456,NO
122,36,0.14366504666911456,NO
123,34,0.14366504666911456,NO
124,95,0.14611337459162269,NO
125,126,0.1473185718498118,NO
126,38,0.14366504666911456,NO
127,1336,0.17811915551934013,NO
128,133,0.1473185718498118,NO
129,21,0.14366504666911456,NO
130,228,0.14968901104930024,NO
131,72,0.14489539666189397,NO
132,42,0.14366504666911456,NO
133,162,0.148510584016953,NO
134,87,0.14489539666189397,NO
135,33,0.14366504666911456,NO
136,34,0.14366504666911456,NO
137,46,0.14366504666911456,NO
138,21,0.14366504666911456,NO
139,400,0.1553636963876344,NO
140,39,0.14366504666911456,NO
141,225,0.14968901104930024,NO
142,51,0.14366504666911456,NO
143,66,0.14489539666189397,NO
144,184,0.148510584016953,NO
145,51,0.14366504666911456,NO
146,120,0.14611337459162269,NO
147,69,0.14489539666189397,NO
148,21,0.14366504666911456,NO
149,180,0.148510584016953,NO
150,211,0.14968901104930024,NO
151,61,0.14489539666189397,NO
152,21,0.14366504666911456,NO
153,113,0.14611337459162269,NO
154,66,0.14489539666189397,NO
155,72,0.14489539666189397,NO
156,74,0.14489539666189397,NO
157,33,0.14366504666911456,NO
158,21,0.14366504666911456,NO
159,24,0.14366504666911456,NO
160,63,0.14489539666189397,NO
161,58,0.14489539666189397,NO
162,45,0.14366504666911456,NO
163,84,0.14489539666189397,NO
164,1526,0.18059687035498842,NO
165,21,0.14366504666911456,NO
166,46,0.14366504666911456,NO
167,46,0.14366504666911456,NO
168,51,0.14366504666911456,NO
169,38,0.14366504666911456,NO
170,40,0.14366504666911456,NO
171,109,0.14611337459162269,NO
172,172,0.148510584016953,NO
173,51,0.14366504666911456,NO
174,60,0.14489539666189397,NO
175,42,0.14366504666911456,NO
176,59,0.14489539666189397,NO
177,120,0.14611337459162269,NO
178,151,0.1473185718498118,NO
179,2679,0.18134066024066633,NO
180,243,0.150853457460403,NO
181,21,0.14366504666911456,NO
182,102,0.14611337459162269,NO
183,56,0.14489539666189397,NO
184,65,0.14489539666189397,NO
185,227,0.14968901104930024,NO
186,134,0.1473185718498118,NO
187,502,0.15858094006078188,NO
188,179,0.148510584016953,NO
189,131,0.1473185718498118,NO
190,241,0.150853457460403,NO
191,480,0.15858094006078188,NO
192,47,0.14366504666911456,NO
193,83,0.14489539666189397,NO
194,115,0.14611337459162269,NO
195,56,0.14489539666189397,NO
196,31,0.14366504666911456,NO
197,100,0.14611337459162269,NO
198,31,0.14366504666911456,NO
199,39,0.14366504666911456,NO
200,97,0.14611337459162269,NO
201,569,0.16064156543456548,NO
202,21,0.14366504666911456,NO
203,45,0.14366504666911456,NO
204,63,0.14489539666189397,NO
205,103,0.14611337459162269,NO
206,66,0.14489539666189397,NO
207,194,0.148510584016953,NO
208,40,0.14366504666911456,NO
209,212,0.14968901104930024,NO
210,559,0.16064156543456548,NO
211,145,0.1473185718498118,NO
212,207,0.14968901104930024,NO
213,336,0.1531388503115336,NO
214,350,0.15425903012445027,NO
215,588,0.16164557561000428,NO
216,2109,0.18441555777186056,NO
217,1278,0.17696298707885977,NO
218,426,0.15645247893762326,NO
219,481,0.15858094006078188,NO
220,794,0.16638939802187488,NO
221,88,0.14489539666189397,NO
222,307,0.1531388503115336,NO
223,62,0.14489539666189397,NO
224,212,0.14968901104930024,NO
225,105,0.14611337459162269,NO
226,345,0.15425903012445027,NO
227,81,0.14489539666189397,NO
228,257,0.150853457460403,NO
229,408,0.15645247893762326,NO
230,169,0.148510584016953,NO
231,106,0.14611337459162269,NO
232,162,0.148510584016953,NO
233,245,0.150853457460403,NO
234,322,0.1531388503115336,NO
235,169,0.148510584016953,NO
236,166,0.148510584016953,NO
237,370,0.15425903012445027,NO
238,202,0.14968901104930024,NO
239,419,0.15645247893762326,NO
240,254,0.150853457460403,NO
241,349,0.15425903012445027,NO
242,205,0.14968901104930024,NO
243,437,0.15645247893762326,NO
244,95,0.14611337459162269,NO
245,53,0.14366504666911456,NO
246,154,0.1473185718498118,NO
247,177,0.148510584016953,NO
248,149,0.1473185718498118,NO
249,177,0.148510584016953,NO
250,375,0.1553636963876344,NO
251,310,0.1531388503115336,NO
252,67,0.14489539666189397,NO
253,46,0.14366504666911456,NO
254,157,0.14709413717574044,NO
255,101,0.14589046184789253,NO
256,261,0.15062458881082952,NO
257,65,0.1446740272544792,NO
258,160,0.14828464916174613,NO
259,115,0.14589046184789253,NO
260,74,0.1446740272544792,NO
261,733,0.1652317871341023,NO
262,186,0.14828464916174613,NO
263,447,0.1572878975550019,NO
264,59,0.1446740272544792,NO
265,319,0.15290713872089812,NO
266,204,0.1494615980948559,NO
267,60,0.1446740272544792,NO
268,835,0.1679022378216715,NO
269,1175,0.17479843501683742,NO
270,220,0.1494615980948559,NO
271,63,0.1446740272544792,NO
272,194,0.14828464916174613,NO
273,283,0.15177323086852926,NO
274,199,0.1494615980948559,NO
275,124,0.14709413717574044,NO
276,96,0.14589046184789253,NO
277,82,0.1446740272544792,NO
278,99,0.14589046184789253,NO
279,128,0.14709413717574044,NO
280,227,0.1494615980948559,NO
281,53,0.14344524165017464,NO
282,273,0.15177323086852926,NO
283,71,0.1446740272544792,NO
284,91,0.14589046184789253,NO
285,205,0.1494615980948559,NO
286,42,0.14344524165017464,NO
287,126,0.14709413717574044,NO
288,97,0.14589046184789253,NO
289,86,0.1446740272544792,NO
290,78,0.1446740272544792,NO
