ID, Size, Predicted, Actual
0,198,0.00525613939507145,NO
1,107,0.0051219068205517115,NO
2,69,0.005079340011120222,NO
3,70,0.005079340011120222,NO
4,30,0.005037827032594251,NO
5,553,0.00578144626644387,NO
6,685,0.005965156610248386,NO
7,526,0.005723061641958317,NO
8,1473,0.007901844214573833,NO
9,1077,0.006761821447928398,NO
10,1320,0.007387336612177011,NO
11,410,0.005556042334249379,NO
12,1296,0.007387336612177011,NO
13,1318,0.007387336612177011,NO
14,260,0.00530313384636453,NO
15,113,0.0051219068205517115,NO
16,90,0.0051219068205517115,NO
17,313,0.005400636242186226,NO
18,209,0.00525613939507145,NO
19,3340,0.01946302631822663,NO
20,68,0.005079340011120222,NO
21,300,0.00535129150583564,NO
22,202,0.00525613939507145,NO
23,389,0.005502985978547164,NO
24,70,0.005079340011120222,NO
25,296,0.00535129150583564,NO
26,92,0.0051219068205517115,NO
27,192,0.005210284971780615,NO
28,66,0.005079340011120222,NO
29,463,0.005610388519842347,NO
30,169,0.005210284971780615,NO
31,384,0.005502985978547164,NO
32,195,0.00525613939507145,NO
33,1118,0.006930148207881068,NO
34,78,0.005079340011120222,NO
35,100,0.0051219068205517115,NO
36,104,0.0051219068205517115,NO
37,43,0.005037827032594251,NO
38,311,0.005400636242186226,NO
39,834,0.006301835521903394,NO
40,57,0.005079340011120222,NO
41,259,0.00530313384636453,NO
42,399,0.005502985978547164,NO
43,233,0.00530313384636453,NO
44,74,0.005079340011120222,NO
45,55,0.005079340011120222,NO
46,229,0.00525613939507145,NO
47,373,0.005502985978547164,NO
48,21,0.005037827032594251,NO
49,926,0.006448011691684273,NO
50,21,0.005037827032594251,NO
51,621,0.005902462285032601,NO
52,37,0.005037827032594251,NO
53,35,0.005037827032594251,NO
54,32,0.005037827032594251,NO
55,83,0.005079340011120222,NO
56,458,0.005610388519842347,NO
57,54,0.005079340011120222,NO
58,92,0.0051219068205517115,NO
59,32,0.005037827032594251,NO
60,536,0.005723061641958317,NO
61,24,0.005037827032594251,NO
62,37,0.005037827032594251,NO
63,34,0.005037827032594251,NO
64,34,0.005037827032594251,NO
65,25,0.005037827032594251,NO
66,21,0.005037827032594251,NO
67,76,0.005079340011120222,NO
68,31,0.010505251715453315,NO
69,32,0.005037827032594251,NO
70,186,0.005210284971780615,NO
71,91,0.0051219068205517115,NO
72,356,0.005451192631800408,NO
73,28,0.005037827032594251,NO
74,40,0.005037827032594251,NO
75,21,0.005037827032594251,NO
76,54,0.005079340011120222,NO
77,103,0.0051219068205517115,NO
78,76,0.005079340011120222,NO
79,29,0.005037827032594251,NO
80,47,0.005037827032594251,NO
81,132,0.005165548066311288,NO
82,21,0.005037827032594251,NO
83,41,0.005037827032594251,NO
84,43,0.005037827032594251,NO
85,34,0.005037827032594251,NO
86,21,0.005037827032594251,NO
87,98,0.0051219068205517115,NO
88,61,0.005079340011120222,NO
89,124,0.005165548066311288,NO
90,89,0.0051219068205517115,NO
91,374,0.005502985978547164,NO
92,133,0.005165548066311288,NO
93,750,0.006095082220180162,NO
94,164,0.005210284971780615,NO
95,103,0.0051219068205517115,NO
96,361,0.005451192631800408,NO
97,21,0.005037827032594251,NO
98,128,0.005165548066311288,NO
99,175,0.005210284971780615,NO
100,37,0.005037827032594251,NO
101,60,0.005079340011120222,NO
102,21,0.005037827032594251,NO
103,41,0.005037827032594251,NO
104,183,0.005210284971780615,NO
105,57,0.005079340011120222,NO
106,60,0.005079340011120222,NO
107,34,0.005037827032594251,NO
108,21,0.005037827032594251,NO
109,76,0.005079340011120222,NO
110,73,0.005079340011120222,NO
111,58,0.005079340011120222,NO
112,54,0.005079340011120222,NO
113,24,0.005037827032594251,NO
114,21,0.005037827032594251,NO
115,519,0.005723061641958317,NO
116,43,0.005037827032594251,NO
117,33,0.005037827032594251,NO
118,36,0.005037827032594251,NO
119,38,0.005037827032594251,NO
120,28,0.005037827032594251,NO
121,34,0.005037827032594251,NO
122,36,0.005037827032594251,NO
123,34,0.005037827032594251,NO
124,95,0.0051219068205517115,NO
125,126,0.005165548066311288,NO
126,38,0.005037827032594251,NO
127,1336,0.0074854254155033335,NO
128,133,0.005165548066311288,NO
129,21,0.005037827032594251,NO
130,228,0.00525613939507145,NO
131,72,0.005079340011120222,NO
132,42,0.005037827032594251,NO
133,162,0.005210284971780615,NO
134,87,0.005079340011120222,NO
135,33,0.005037827032594251,NO
136,34,0.005037827032594251,NO
137,46,0.005037827032594251,NO
138,21,0.005037827032594251,NO
139,400,0.005502985978547164,NO
140,39,0.005037827032594251,NO
141,225,0.00525613939507145,NO
142,51,0.005037827032594251,NO
143,66,0.005079340011120222,NO
144,184,0.005210284971780615,NO
145,51,0.005037827032594251,NO
146,120,0.0051219068205517115,NO
147,69,0.005079340011120222,NO
148,21,0.005037827032594251,NO
149,180,0.005210284971780615,NO
150,211,0.00525613939507145,NO
151,61,0.005079340011120222,NO
152,21,0.005037827032594251,NO
153,113,0.0051219068205517115,NO
154,66,0.005079340011120222,NO
155,72,0.005079340011120222,NO
156,74,0.005079340011120222,NO
157,33,0.005037827032594251,NO
158,21,0.005037827032594251,NO
159,24,0.005037827032594251,NO
160,63,0.005079340011120222,NO
161,58,0.005079340011120222,NO
162,45,0.005037827032594251,NO
163,84,0.005079340011120222,NO
164,1526,0.008012272584747432,NO
165,21,0.005037827032594251,NO
166,46,0.005037827032594251,NO
167,46,0.005037827032594251,NO
168,51,0.005037827032594251,NO
169,38,0.005037827032594251,NO
170,40,0.005037827032594251,NO
171,109,0.0051219068205517115,NO
172,172,0.005210284971780615,NO
173,51,0.005037827032594251,NO
174,60,0.005079340011120222,NO
175,42,0.005037827032594251,NO
176,59,0.005079340011120222,NO
177,120,0.0051219068205517115,NO
178,151,0.005165548066311288,NO
179,2679,0.013673583203471305,NO
180,243,0.00530313384636453,NO
181,21,0.005037827032594251,NO
182,102,0.0051219068205517115,NO
183,56,0.005079340011120222,NO
184,65,0.005079340011120222,NO
185,227,0.00525613939507145,NO
186,134,0.005165548066311288,NO
187,502,0.005666052147243697,NO
188,179,0.005210284971780615,NO
189,131,0.005165548066311288,NO
190,241,0.00530313384636453,NO
191,480,0.005666052147243697,NO
192,47,0.005037827032594251,NO
193,83,0.005079340011120222,NO
194,115,0.0051219068205517115,NO
195,56,0.005079340011120222,NO
196,31,0.005037827032594251,NO
197,100,0.0051219068205517115,NO
198,31,0.005037827032594251,NO
199,39,0.005037827032594251,NO
200,97,0.0051219068205517115,NO
201,569,0.00578144626644387,NO
202,21,0.005037827032594251,NO
203,45,0.005037827032594251,NO
204,63,0.005079340011120222,NO
205,103,0.0051219068205517115,NO
206,66,0.005079340011120222,NO
207,194,0.005210284971780615,NO
208,40,0.005037827032594251,NO
209,212,0.00525613939507145,NO
210,559,0.00578144626644387,NO
211,145,0.005165548066311288,NO
212,207,0.00525613939507145,NO
213,336,0.005400636242186226,NO
214,350,0.005451192631800408,NO
215,588,0.005841236144260544,NO
216,2109,0.010358980870136284,NO
217,1278,0.007291537262860815,NO
218,426,0.005556042334249379,NO
219,481,0.005666052147243697,NO
220,794,0.006162382151702157,NO
221,88,0.005079340011120222,NO
222,307,0.005400636242186226,NO
223,62,0.005079340011120222,NO
224,212,0.00525613939507145,NO
225,105,0.0051219068205517115,NO
226,345,0.005451192631800408,NO
227,81,0.005079340011120222,NO
228,257,0.00530313384636453,NO
229,408,0.005556042334249379,NO
230,169,0.005210284971780615,NO
231,106,0.0051219068205517115,NO
232,162,0.005210284971780615,NO
233,245,0.00530313384636453,NO
234,322,0.005400636242186226,NO
235,169,0.005210284971780615,NO
236,166,0.005210284971780615,NO
237,370,0.005451192631800408,NO
238,202,0.00525613939507145,NO
239,419,0.005556042334249379,NO
240,254,0.00530313384636453,NO
241,349,0.005451192631800408,NO
242,205,0.00525613939507145,NO
243,437,0.005556042334249379,NO
244,95,0.0051219068205517115,NO
245,53,0.005037827032594251,NO
246,154,0.005165548066311288,NO
247,177,0.005210284971780615,NO
248,149,0.005165548066311288,NO
249,177,0.005210284971780615,NO
250,375,0.005502985978547164,NO
251,310,0.005400636242186226,NO
252,67,0.005079340011120222,NO
253,46,0.005037827032594251,NO
254,157,0.01076619404937038,NO
255,101,0.005120045995676451,NO
256,261,0.005301207531266553,NO
257,65,0.005077494572140267,NO
258,160,0.005208392206593772,NO
259,115,0.005120045995676451,NO
260,74,0.005077494572140267,NO
261,733,0.006092869999112545,NO
262,186,0.005208392206593772,NO
263,447,0.0056083512265519735,NO
264,59,0.005077494572140267,NO
265,319,0.005398674702453962,NO
266,204,0.005254230060110641,NO
267,60,0.005077494572140267,NO
268,835,0.006299548734979062,NO
269,1175,0.007014784332184296,NO
270,220,0.005254230060110641,NO
271,63,0.005077494572140267,NO
272,194,0.005208392206593772,NO
273,283,0.005349347791980341,NO
274,199,0.005254230060110641,NO
275,124,0.005163671468556015,NO
276,96,0.005120045995676451,NO
277,82,0.005077494572140267,NO
278,99,0.005120045995676451,NO
279,128,0.005163671468556015,NO
280,227,0.005254230060110641,NO
281,53,0.0050359965998735545,NO
282,273,0.005349347791980341,NO
283,71,0.005077494572140267,NO
284,91,0.005120045995676451,NO
285,205,0.005254230060110641,NO
286,42,0.0050359965998735545,NO
287,126,0.005163671468556015,NO
288,97,0.005120045995676451,NO
289,86,0.005077494572140267,NO
290,78,0.005077494572140267,NO
