ID, Size, Predicted, Actual
0,227,0.5167460660740845,NO
1,276,0.5206106054549536,NO
2,460,0.5332790367687431,NO
3,138,0.5099745051661081,NO
4,352,0.5212687678208989,NO
5,23,0.5010768946054279,NO
6,56,0.5005906139103224,NO
7,51,0.5005906139103224,NO
8,22,0.4988108925505054,NO
9,44,0.5005906139103224,NO
10,111,0.5042871636935908,NO
11,71,0.5005906139103224,NO
12,196,0.510173863239824,NO
13,39,0.4988108925505054,NO
14,124,0.5073060710242435,NO
15,38,0.4988108925505054,NO
16,22,0.4988108925505054,NO
17,44,0.5005906139103224,NO
18,368,0.5231695215172486,NO
19,22,0.4988108925505054,NO
20,285,0.5164689274711174,NO
21,21,0.49843234448659784,NO
22,22,0.49843234448659784,NO
23,208,0.5097954632553213,NO
24,55,0.5002120632134219,NO
25,21,0.49843234448659784,NO
26,288,0.5160907778452557,NO
27,47,0.5002120632134219,NO
28,54,0.5002120632134219,NO
29,105,0.5039086381805059,NO
30,483,0.5315961768347851,NO
31,35,0.4950141892850962,NO
32,142,0.5024073145742024,NO
33,95,0.4986192108940592,NO
34,164,0.5043698882151596,NO
35,70,0.49679379184635203,NO
36,22,0.4950141892850962,NO
37,26,0.4950141892850962,NO
38,21,0.4950141892850962,NO
39,56,0.49679379184635203,NO
40,102,0.5004904023185691,NO
41,107,0.5001093278049397,NO
42,67,0.49641273478274467,NO
43,39,0.4946331554770264,NO
44,52,0.49641273478274467,NO
45,20,0.4946331554770264,NO
46,42,0.4946331554770264,NO
47,36,0.4946331554770264,NO
48,30,0.4946331554770264,NO
49,71,0.49641273478274467,NO
50,57,0.49641273478274467,NO
51,31,0.4946331554770264,NO
52,20,0.4946331554770264,NO
53,90,0.4978568188001886,NO
54,52,0.4960314295312035,NO
55,108,0.4997280007932772,NO
56,20,0.49425187556538697,NO
57,93,0.4978568188001886,NO
58,52,0.4960314295312035,NO
59,117,0.4997280007932772,NO
60,20,0.49425187556538697,NO
61,31,0.5003225703893288,NO
62,109,0.5073060710242435,NO
63,44,0.5005906139103224,NO
64,72,0.5024160548644806,NO
65,99,0.5054351818859008,NO
66,103,0.5073060710242435,NO
67,20,0.49843234448659784,NO
68,71,0.4956498765441524,NO
69,140,0.5008815193594166,NO
70,1579,0.648862836457822,NO
71,45,0.4699438146464393,NO
72,282,0.48539747172462605,NO
73,2582,0.7898359977423501,NO
74,242,0.45975407124616396,NO
75,55,0.4478067321536248,NO
76,204,0.4862313564730865,NO
77,59,0.4762668712379443,NO
78,102,0.44983096031609243,NO
79,34,0.44441588415141653,NO
80,83,0.4479793078592631,NO
81,114,0.4974347612415785,NO
82,60,0.4461743019067355,NO
83,461,0.5047831422276858,NO
84,87,0.47651246630774186,NO
85,130,0.4802935063150458,NO
86,49,0.44290100020268436,NO
87,123,0.4465524624324516,NO
88,101,0.44614184842323834,NO
89,1350,0.6089544953592753,NO
90,455,0.5165161479741095,NO
91,40,0.42754342558172576,NO
92,518,0.5314478062027647,NO
93,371,0.4481946958033795,NO
94,49,0.42554463064664716,NO
95,490,0.4972931751131918,NO
96,32,0.4192212995772353,NO
97,73,0.42273641859455724,NO
98,633,0.5296383505857178,NO
99,780,0.5216367494154258,NO
100,470,0.4437859566241622,NO
101,1015,0.49518442564871185,NO
102,278,0.48936844660965373,NO
103,31,0.40453612526452526,NO
104,36,0.47173301963577724,NO
105,58,0.4856440666841493,NO
106,172,0.49978044697975715,NO
107,86,0.48979205873062237,NO
108,162,0.5024620825270257,NO
109,53,0.3943951897096669,NO
110,415,0.5167378996547559,NO
111,200,0.4878045620432466,NO
112,264,0.48245717927486864,NO
113,166,0.5009312410270272,NO
114,38,0.4480820491831053,NO
115,122,0.393667967121122,NO
116,85,0.3918828277837254,NO
117,66,0.39014410221047374,NO
118,60,0.44902917311991936,NO
119,37,0.38802676910222333,NO
120,233,0.4799615956046611,NO
121,37,0.3867517965584772,NO
122,239,0.399556693748389,NO
123,40,0.38632667083964417,NO
124,208,0.4990948282282236,NO
125,210,0.3958693016601345,NO
126,388,0.41019830186055256,NO
127,22,0.44523182445510134,NO
128,262,0.4756477645399099,NO
129,306,0.3853457065832059,NO
130,1438,0.5742142500902023,NO
131,1469,0.6108690132432465,NO
132,67,0.35037711499198926,NO
133,437,0.48270821130226643,NO
134,223,0.4662776253013172,NO
135,35,0.34234829412870094,NO
136,53,0.3439528786047359,NO
137,196,0.43619770467595337,NO
138,108,0.4575700985648217,NO
139,237,0.46505840922058145,NO
140,219,0.35279633917186176,NO
141,340,0.35988135119639797,NO
142,161,0.3473668684633102,NO
143,136,0.4310426989089884,NO
144,376,0.4473522478323996,NO
145,388,0.36105641680283684,NO
146,153,0.342573503453081,NO
147,114,0.3399894225012504,NO
148,220,0.34672011596492974,NO
149,453,0.45186746538926864,NO
150,1828,0.6568848483671084,NO
151,246,0.4589690508927088,NO
152,636,0.35564489754684625,NO
153,299,0.3275154780756034,NO
154,259,0.323467090074194,NO
155,90,0.31270334211749423,NO
156,93,0.4451135017408153,NO
157,441,0.46998530866725086,NO
158,149,0.3129833517050488,NO
159,610,0.44955443700842124,NO
160,123,0.41066999406180443,NO
161,197,0.3082813710332514,NO
162,865,0.5077208951092487,NO
163,596,0.44479179998030605,NO
164,141,0.29855603137737285,NO
165,179,0.2997791686929162,NO
166,630,0.33049731343989736,NO
167,402,0.3106341681751489,NO
168,42,0.4345717998791461,NO
169,42,0.39862502535984534,NO
170,315,0.45417873026568106,NO
171,85,0.4016628607129312,NO
172,472,0.31388167914941256,NO
173,106,0.29107269133519503,NO
174,250,0.4127389720664765,NO
175,162,0.46101809286632395,NO
176,236,0.2951267831531042,NO
177,73,0.2870272092323285,NO
178,104,0.28856135242108255,NO
179,40,0.2836710714336891,NO
180,98,0.2866105093444051,NO
181,39,0.2836710714336891,NO
182,38,0.2836710714336891,NO
183,67,0.2851198688392099,NO
184,76,0.2866105093444051,NO
185,42,0.2832571032204076,NO
186,71,0.28470462667410684,NO
187,101,0.28772545220183604,NO
188,59,0.28470462667410684,NO
189,55,0.28470462667410684,NO
190,27,0.2832571032204076,NO
191,89,0.3995407028636414,NO
192,26,0.282843295819027,NO
193,24,0.282843295819027,NO
194,485,0.31075626311305743,NO
195,1651,0.5672496137597646,NO
196,48,0.28097470644855993,NO
197,2479,0.7597576670502019,NO
198,23,0.27583406070150723,NO
199,115,0.3975063327050722,NO
200,108,0.27981632034716536,NO
201,346,0.2934039677889604,NO
202,391,0.29595367053219357,NO
203,22,0.27255304545844683,NO
204,83,0.2754215726678492,NO
205,51,0.2739667769012714,NO
206,43,0.27255304545844683,NO
207,54,0.2739667769012714,NO
208,43,0.27255304545844683,NO
209,47,0.2739667769012714,NO
210,33,0.27255304545844683,NO
211,195,0.4014470992348987,NO
212,91,0.2754215726678492,NO
213,110,0.2769177773595595,NO
214,81,0.2754215726678492,NO
215,108,0.395801218902835,NO
216,109,0.2769177773595595,NO
217,90,0.2754215726678492,NO
218,131,0.27845574183820115,NO
219,95,0.43315238466596606,NO
220,132,0.27845574183820115,NO
221,176,0.2800358229791241,NO
222,124,0.2769177773595595,NO
223,103,0.2769177773595595,NO
224,120,0.2769177773595595,NO
225,149,0.39763635539942793,NO
226,76,0.2754215726678492,NO
227,89,0.2754215726678492,NO
228,20,0.27255304545844683,NO
229,213,0.2816583834095401,NO
230,542,0.30283265865692877,NO
231,233,0.2803930807551838,NO
232,134,0.274316019080852,NO
233,104,0.393667967121122,NO
234,121,0.46363061682420265,NO
235,39,0.3859014791342189,NO
236,41,0.2635924731187305,NO
237,248,0.46184103264483545,NO
238,215,0.27044422005265206,NO
239,269,0.4407072868859736,NO
240,165,0.2655784430748151,NO
241,277,0.3997510838938106,NO
242,100,0.26071091829301807,NO
243,358,0.44635802621190956,NO
244,29,0.3820719284424784,NO
245,339,0.44593747008630696,NO
246,719,0.47813149659067306,NO
247,141,0.4513198202359321,NO
248,801,0.5282073314805572,NO
249,77,0.25345638226042905,NO
250,97,0.25345638226042905,NO
251,380,0.26949581754976065,NO
252,214,0.2589668275242042,NO
253,38,0.25033940883712036,NO
254,79,0.2530554735070278,NO
255,25,0.25033940883712036,NO
256,84,0.2530554735070278,NO
257,34,0.25033940883712036,NO
258,33,0.25033940883712036,NO
259,104,0.254472847874956,NO
260,193,0.2589668275242042,NO
261,70,0.25167778208109265,NO
262,140,0.25593027744124075,NO
263,22,0.24994159049281936,NO
264,158,0.3875081046921239,NO
265,142,0.25552660291022533,NO
266,109,0.38383137621018293,NO
267,158,0.25661792463913974,NO
268,31,0.2495440048424915,NO
269,344,0.26645646833088515,NO
270,71,0.25087954877311414,NO
271,84,0.2522543435933142,NO
272,79,0.24746716772983166,NO
273,881,0.3029180611889404,NO
274,64,0.2457139564376217,NO
275,199,0.25288864889517854,NO
276,261,0.2560408878008392,NO
277,155,0.38264068519956335,NO
278,45,0.24531827970694506,NO
279,23,0.24400269794886392,NO
280,405,0.26299540451487946,NO
281,248,0.2540098686893535,NO
282,599,0.4158346134062645,NO
283,28,0.23539274463610144,NO
284,452,0.5122418321309459,NO
285,482,0.2578090106871593,NO
286,434,0.3958762958685581,NO
287,83,0.3704981156861485,NO
288,393,0.2461914776896056,NO
289,230,0.4626144677940192,NO
290,248,0.48046117969746466,NO
291,28,0.20740826577591465,NO
292,69,0.35637547272546527,NO
293,116,0.35590161220245,NO
294,100,0.4483879967626717,NO
295,46,0.3520908140757531,NO
296,226,0.20848688346087754,NO
297,86,0.20172000061927067,NO
298,93,0.40674611563491625,NO
299,1935,0.6619189972782036,NO
300,41,0.18354277235819114,NO
301,64,0.18461197740199325,NO
302,176,0.34909485876570906,NO
303,334,0.4626180122583783,NO
304,114,0.42958048133068777,NO
305,66,0.18288444760373224,NO
306,38,0.18182301672084697,NO
307,46,0.18253999935147946,NO
308,101,0.1847568116166476,NO
309,144,0.34602016517299444,NO
310,156,0.40275539813262085,NO
311,113,0.4291632320378903,NO
312,753,0.4805784421992731,NO
313,397,0.18107405199857324,NO
314,327,0.3460186528357846,NO
315,139,0.1675855579171886,NO
316,59,0.16447650008788092,NO
317,78,0.16515645441144006,NO
318,50,0.16415213844526164,NO
319,483,0.42029839235881195,NO
320,42,0.16092856217989504,NO
321,75,0.3906039929074652,NO
322,219,0.3999866466688417,NO
323,103,0.3923870656571177,NO
324,158,0.3960930658649988,NO
325,190,0.33621316229138726,NO
326,88,0.16288533593864382,NO
327,248,0.33993146262050095,NO
328,276,0.34185981003898974,NO
329,330,0.45722977788713676,NO
330,69,0.1599697698207195,NO
331,21,0.15901545070405046,NO
332,39,0.15901545070405046,NO
333,22,0.15901545070405046,NO
334,24,0.15711601068426861,NO
335,62,0.32515381020724565,NO
336,67,0.4180268153672589,NO
337,65,0.38716394576683844,NO
338,63,0.32515381020724565,NO
339,22,0.15680077103077053,NO
340,60,0.15774429196528375,NO
341,38,0.15680077103077053,NO
342,62,0.15774429196528375,NO
343,23,0.15680077103077053,NO
344,79,0.15871684786588416,NO
345,23,0.15680077103077053,NO
346,176,0.16181253100665655,NO
347,149,0.16075057622149783,NO
348,23,0.15680077103077053,NO
349,34,0.15680077103077053,NO
350,35,0.15680077103077053,NO
351,45,0.15774429196528375,NO
352,293,0.1660402901847684,NO
353,58,0.1508723176743815,NO
354,39,0.14996258186020398,NO
355,57,0.1508723176743815,NO
356,277,0.33402802334485865,NO
357,468,0.16607356484195737,NO
358,75,0.15119154650534725,NO
359,666,0.17641445717577456,NO
360,53,0.31919592150473886,NO
361,145,0.15221161386996046,NO
362,53,0.14933660574365498,NO
363,398,0.16081445035380937,NO
364,119,0.14784557568399706,NO
365,271,0.15110289917635444,NO
366,175,0.14796818634553627,NO
367,78,0.14479063251752788,NO
368,415,0.1556506145118168,NO
369,131,0.14546446376699998,NO
370,45,0.14269544702408377,NO
371,156,0.31938694179089927,NO
372,166,0.14613921924303613,NO
373,43,0.1415309340870694,NO
374,74,0.143292125934237,NO
375,302,0.39708796294160553,NO
376,494,0.34203372172791996,NO
377,421,0.3376492825865899,NO
378,723,0.36152434467756855,NO
379,550,0.34661102132893845,NO
380,493,0.3415906345730218,NO
381,416,0.33720896433131464,NO
382,359,0.15221788611847784,NO
383,66,0.14062221561564092,NO
384,62,0.14062221561564092,NO
385,34,0.13976411309175799,NO
386,23,0.13976411309175799,NO
387,41,0.13976411309175799,NO
388,50,0.14062221561564092,NO
389,55,0.14062221561564092,NO
390,1467,0.22364949681095592,NO
391,187,0.14380959336295013,NO
392,162,0.14282325585541852,NO
393,23,0.13830259814974094,NO
394,142,0.4492696102656651,NO
395,73,0.3135524831748745,NO
396,108,0.4148945172301071,NO
397,20,0.3104569796617117,NO
398,61,0.13886055801993724,NO
399,86,0.139736004057915,NO
400,84,0.13914886243839733,NO
401,90,0.13914886243839733,NO
402,67,0.13827650357973018,NO
403,20,0.13743042595238264,NO
404,60,0.13827650357973018,NO
405,88,0.4130786991229882,NO
406,47,0.31113618161318424,NO
407,76,0.31270334211749423,NO
408,21,0.30961244058594595,NO
409,53,0.13798507040935004,NO
410,114,0.31431422155945543,NO
411,121,0.41447259290498384,NO
412,78,0.13885588694053522,NO
413,20,0.30961244058594595,NO
414,69,0.31113618161318424,NO
415,80,0.31270334211749423,NO
416,79,0.3794957003883294,NO
417,81,0.13885588694053522,NO
418,88,0.3794957003883294,NO
419,20,0.30961244058594595,NO
420,105,0.381259789723765,NO
421,60,0.4108886992262382,NO
422,50,0.13769403345949358,NO
423,28,0.13685095381529813,NO
424,129,0.381259789723765,NO
425,43,0.30961244058594595,NO
426,76,0.13856330851242585,NO
427,63,0.13769403345949358,NO
428,65,0.37777779220797253,NO
429,76,0.3122789167315656,NO
430,45,0.13769403345949358,NO
431,20,0.30919032313579964,NO
432,126,0.061841327570685306,NO
