ID, Size, Predicted, Actual
0,215,0.13,NO
1,274,0.48,YES
2,461,0.1813095238095238,NO
3,138,0.2023333333333333,NO
4,358,0.06416666666666665,NO
5,93,0.12383333333333332,NO
6,1379,0.76,NO
7,51,0.01,NO
8,45,0.0,NO
9,157,0.03,NO
10,31,0.0,NO
11,1743,1.0,YES
12,55,0.03,NO
13,204,0.11,NO
14,55,0.0,NO
15,103,0.02,NO
16,34,0.0,NO
17,83,0.05,NO
18,488,0.22,NO
19,83,0.01,NO
20,129,0.03,NO
21,885,0.98,NO
22,440,0.36,NO
23,40,0.0,NO
24,391,0.12,NO
25,378,0.09,NO
26,51,0.0,NO
27,709,0.74,NO
28,32,0.0,NO
29,68,0.01,NO
30,564,0.14833333333333337,YES
31,588,0.16833333333333336,NO
32,381,0.38,NO
33,977,0.59,NO
34,275,0.18,NO
35,31,0.0,NO
36,50,0.0,NO
37,27,0.0,NO
38,183,0.03,NO
39,50,0.0,NO
40,62,0.0,NO
41,87,0.0,NO
42,52,0.0,NO
43,419,0.28,NO
44,224,0.0,NO
45,118,0.01,NO
46,83,0.0,NO
47,147,0.0,NO
48,120,0.01,NO
49,58,0.0,NO
50,44,0.0,NO
51,106,0.0,YES
52,238,0.07,NO
53,43,0.01,NO
54,195,0.53,YES
55,189,0.03,NO
56,151,0.12,NO
57,395,0.71,NO
58,1013,0.82,NO
59,913,0.94,NO
60,43,0.13,NO
61,335,0.65,YES
62,27,0.0,NO
63,55,0.0,NO
64,93,0.0,NO
65,191,0.01,NO
66,90,0.03,NO
67,89,0.0,NO
68,273,0.158,NO
69,191,0.73,NO
70,97,0.05,NO
71,82,0.05,NO
72,148,0.038,NO
73,437,0.99,NO
74,1376,0.71,NO
75,214,0.56,NO
76,528,0.57,NO
77,209,0.46,NO
78,190,0.33,NO
79,86,0.3,NO
80,269,0.54,YES
81,408,0.40880555555555553,YES
82,572,0.29666666666666663,NO
83,132,0.11566233766233765,NO
84,173,0.11,NO
85,107,0.17066233766233765,NO
86,85,0.03125,NO
87,107,0.0899047619047619,NO
88,250,0.3519166666666667,NO
89,237,0.2,NO
90,692,0.39,YES
91,47,0.035,NO
92,1487,0.75,YES
93,27,0.0,NO
94,89,0.01,NO
95,509,0.3,NO
96,227,0.08,NO
97,129,0.1,YES
98,101,1.0,YES
99,385,0.11,NO
100,102,1.0,YES
101,41,0.03,NO
102,244,0.08,NO
103,215,0.03,NO
104,260,0.08,NO
105,119,0.01,NO
106,701,0.14,NO
107,120,0.05,YES
108,630,0.06,YES
109,69,0.10184920634920637,NO
110,77,0.0,NO
111,97,0.0,NO
112,380,0.01,NO
113,214,0.0,NO
114,38,0.0,NO
115,79,0.01,NO
116,25,0.0,NO
117,84,0.0,NO
118,34,0.0,NO
119,33,0.0,NO
120,104,0.0,NO
121,193,0.0,NO
122,70,0.0,NO
123,140,0.0,NO
124,22,0.0,NO
125,156,0.01,NO
126,142,0.0,NO
127,100,0.0,YES
128,153,0.0,NO
129,31,0.0,NO
130,340,0.0,NO
131,61,0.01,NO
132,61,0.01,NO
133,877,0.01,NO
134,62,0.0,NO
135,186,0.0,NO
136,264,0.0,NO
137,42,0.0,NO
138,248,0.0,NO
139,343,0.78,YES
140,199,0.0,YES
141,330,0.01,YES
142,346,0.13,YES
143,89,0.25,NO
144,193,0.0,YES
145,406,0.31166666666666665,NO
146,82,0.61,NO
147,53,0.21,NO
148,148,0.16,NO
149,4774,0.49,YES
150,4088,0.1,NO
151,93,0.06,NO
152,78,0.47816558441558443,NO
153,78,0.2,NO
154,995,0.56,YES
155,37,0.03,NO
156,59,0.13,NO
157,140,0.46,NO
158,165,0.2125714285714286,NO
159,47,0.04916666666666666,NO
160,101,0.04,NO
161,109,0.5,NO
162,154,0.32317857142857137,NO
163,559,0.75,NO
164,386,0.92,NO
165,306,0.6,YES
166,135,0.15,NO
167,56,0.01,NO
168,78,0.08,NO
169,35,0.01,NO
170,467,0.8083333333333332,YES
171,174,0.09,NO
172,148,0.03,NO
173,88,0.0,NO
174,52,0.01,NO
175,39,0.005,NO
176,208,0.1,NO
177,77,0.01,NO
178,666,0.07,NO
179,146,0.06,NO
180,272,0.05,NO
181,54,0.01,NO
182,100,0.07,NO
183,119,0.28,NO
184,363,0.04,NO
185,152,0.06,NO
186,39,0.01,NO
187,677,0.03,NO
188,131,0.0,NO
189,47,0.0,NO
190,100,0.0,NO
191,43,0.0,NO
192,73,0.02,NO
193,234,0.04,NO
194,62,0.08,NO
195,45,0.0,NO
196,41,0.0,NO
197,47,0.02,NO
198,55,0.0,NO
199,1279,0.32,NO
200,183,0.28,NO
201,163,0.2,NO
202,147,0.76,NO
203,77,0.84,NO
204,99,0.06,NO
205,53,0.23,NO
206,95,0.39,NO
207,77,0.78,NO
208,69,0.19,NO
209,69,0.09,NO
210,77,0.04,NO
211,80,0.05,NO
212,72,0.01,NO
213,63,0.0,NO
214,50,0.0,NO
215,28,0.0,NO
216,108,0.02,NO
217,40,0.0,NO
218,76,0.0,NO
219,64,0.0,NO
220,63,0.0,NO
221,55,0.0,NO
222,45,0.04,NO
223,476,0.0,NO
224,77,0.0,NO
225,69,0.0,NO
226,104,0.0,NO
227,115,0.0,NO
228,421,0.0,NO
229,61,0.0,NO
230,2009,0.03,NO
231,179,0.0,NO
232,106,0.0,NO
233,33,0.0,NO
234,657,0.0,NO
235,295,0.0,NO
236,872,0.0,NO
237,444,0.0,NO
238,168,0.0,NO
239,752,0.0,NO
240,135,0.0,NO
241,1126,0.0,NO
242,163,0.0,NO
243,184,0.0,NO
244,51,0.0,NO
245,25,0.0,NO
246,180,0.0,NO
247,64,0.0,NO
248,101,0.0,NO
249,512,0.0,NO
250,187,0.0,NO
251,56,0.0,NO
252,39,0.0,NO
253,261,0.0,NO
254,73,0.0,NO
255,65,0.0,NO
256,329,0.0,NO
257,64,0.0,NO
258,164,0.0,NO
259,624,0.03,NO
260,74,0.0,NO
261,117,0.0,NO
262,84,0.0,NO
263,226,0.05,NO
264,76,0.0,NO
265,323,0.0,NO
266,72,0.0,NO
267,42,0.0,NO
268,48,0.01,NO
269,89,0.08,NO
270,380,0.0,NO
271,144,0.96,NO
272,148,0.91,NO
273,191,0.0,NO
274,46,0.01,NO
275,165,0.0,NO
276,171,0.35,NO
277,56,0.0,NO
278,179,0.04,NO
279,74,0.0,NO
280,36,0.0,NO
281,37,0.0,NO
282,34,0.0,NO
283,34,0.0,NO
284,38,0.0,NO
285,39,0.0,NO
286,156,0.57,NO
287,78,0.09,NO
288,117,0.37,NO
289,94,0.16,NO
290,69,0.08,NO
291,180,0.62,NO
292,80,0.06,NO
293,183,0.63,NO
294,70,0.0,NO
295,54,0.0,NO
296,160,0.0,NO
297,128,0.0,NO
298,151,0.72,NO
299,422,0.58,NO
300,221,0.0,NO
301,50,0.0,NO
302,42,0.0,NO
303,622,0.39,NO
304,365,0.6,NO
305,382,0.0,NO
306,72,0.0,NO
307,92,0.08,NO
308,280,0.63,NO
309,371,0.0,NO
310,47,0.0,NO
311,108,0.07,NO
312,111,0.08,NO
313,314,0.61,NO
314,129,0.32,NO
315,49,0.0,NO
316,358,0.65,NO
317,273,0.73,NO
318,47,0.01,NO
319,89,0.0,NO
320,41,0.0,NO
321,66,0.0,NO
322,63,0.0,NO
323,24,0.0,NO
324,50,0.0,NO
325,72,0.0,NO
326,47,0.0,NO
327,47,0.0,NO
328,183,0.0,NO
329,49,0.0,NO
330,50,0.0,NO
331,98,0.42,NO
332,143,0.0,NO
333,43,0.0,NO
334,42,0.0,NO
335,56,0.0,NO
336,44,0.0,NO
337,26,0.0,NO
338,254,0.02,NO
339,16883,0.01,NO
340,74,0.0,NO
341,153,0.01,NO
342,68,0.06657142857142857,NO
343,100,0.0,NO
344,547,0.5,NO
345,437,0.0,NO
346,1038,0.01,NO
347,104,0.0,NO
348,332,0.0,NO
349,123,0.28,NO
350,106,0.16,NO
351,107,0.54,NO
352,94,0.01,NO
353,101,0.8,NO
354,38,0.09,NO
355,666,0.0,NO
356,32,0.67,NO
357,111,0.0,NO
358,35,0.0,NO
359,90,0.0,NO
360,27,0.0,NO
361,28,0.0,NO
362,92,0.0355,NO
363,978,0.61,NO
364,67,0.0,NO
365,29,0.0,NO
366,105,0.0,NO
367,72,0.0,NO
368,37,0.0,NO
369,47,0.0,NO
370,31,0.0,NO
371,90,0.0,NO
372,221,0.92,NO
373,213,0.87,NO
374,105,0.25,NO
375,37,0.0,NO
376,27,0.0,NO
377,48,0.0,NO
378,167,0.93,NO
379,213,0.91,NO
380,867,0.01,NO
381,158,0.8,NO
382,93,0.3,NO
383,96,0.0,NO
384,840,0.27,NO
385,535,0.19,NO
386,83,0.0,NO
387,63,0.0,NO
388,76,0.0,NO
389,202,0.0,NO
390,155,0.24,NO
391,1263,0.23,NO
392,74,0.0,NO
393,101,0.15,NO
394,27,0.0,NO
395,22,0.0,NO
396,491,0.19,NO
397,62,0.0,NO
398,59,0.0,NO
399,99,0.0,NO
400,27,0.0,NO
401,77,0.0,NO
402,865,0.37,NO
403,64,0.0,NO
404,45,0.0,NO
405,63,0.0,NO
406,54,0.0,NO
407,64,0.0,NO
408,132,0.0,NO
409,182,0.11,NO
410,70,0.2,NO
411,36,0.0,NO
412,58,0.07,NO
413,62,0.0,NO
414,132,0.11,NO
415,74,0.2,NO
416,86,0.15,NO
417,74,0.0,NO
418,48,0.05,NO
419,74,0.01,NO
420,86,0.01,NO
421,355,0.10714285714285715,NO
422,53,0.0,NO
423,798,0.28,NO
424,75,0.14,NO
425,128,0.37,NO
426,198,0.35,NO
427,138,0.42,NO
428,57,0.01,NO
429,123,0.1075,NO
430,314,0.5030595238095238,NO
431,162,0.06383333333333333,NO
432,137,0.50417784992785,NO
433,124,0.5422698412698412,NO
434,359,0.47,NO
435,151,0.46166666666666667,NO
436,107,0.6344880952380952,NO
437,28,0.0175,NO
438,58,0.0275,NO
439,470,0.5423928571428571,NO
440,345,0.978,NO
441,103,0.006666666666666666,NO
442,35,0.02,NO
443,98,0.006666666666666666,NO
444,117,0.91,NO
