ID, Size, Predicted, Actual
0,227,0.0,NO
1,276,0.09466666666666666,NO
2,460,0.99625,NO
3,138,0.5836488233988236,NO
4,355,0.018571428571428572,NO
5,23,0.0,NO
6,31,1.0,YES
7,109,1.0,YES
8,44,1.0,YES
9,72,1.0,YES
10,99,1.0,YES
11,103,1.0,YES
12,20,0.0,NO
13,135,0.008421052631578947,YES
14,1699,1.0,YES
15,45,0.3846372292355198,NO
16,200,0.08684920634920636,NO
17,2583,1.0,YES
18,55,0.0,NO
19,204,0.5691356143856146,NO
20,59,0.007563025210084032,NO
21,102,0.2665673076923077,NO
22,34,0.0,NO
23,83,0.48175480407740795,NO
24,114,1.0,YES
25,60,0.3934634858605446,NO
26,512,0.06,NO
27,87,0.5623122710622712,NO
28,130,0.941539019202332,NO
29,37,0.0,NO
30,101,0.44084148321653377,NO
31,1185,1.0,YES
32,455,1.0,YES
33,40,0.0,NO
34,518,1.0,YES
35,382,0.24,NO
36,49,0.0,NO
37,586,0.99,NO
38,32,0.5374157957121176,NO
39,73,1.0,YES
40,633,0.9397619047619048,NO
41,681,1.0,NO
42,470,1.0,YES
43,1015,0.73,NO
44,278,0.059333333333333335,NO
45,31,0.0,NO
46,36,0.379367798867799,NO
47,58,1.0,YES
48,172,1.0,YES
49,86,0.0,NO
50,162,0.6808687456334516,NO
51,53,0.0,NO
52,415,0.8199430014430015,NO
53,200,0.08684920634920636,NO
54,264,0.13742424242424242,NO
55,166,1.0,YES
56,38,0.48018189561033464,NO
57,117,0.39249015037250323,NO
58,85,0.0,NO
59,66,0.0,NO
60,60,0.3934634858605446,NO
61,37,0.0,NO
62,233,0.6414642857142857,NO
63,37,0.0,NO
64,239,0.1358690476190476,NO
65,40,0.0,NO
66,208,1.0,YES
67,189,0.0,NO
68,22,0.0,NO
69,262,0.45485642135642124,NO
70,489,1.0,YES
71,1417,1.0,YES
72,1376,1.0,YES
73,66,0.0,NO
74,438,0.0,NO
75,430,1.0,YES
76,35,0.32982466389819326,NO
77,53,0.0,NO
78,197,0.98,NO
79,108,0.6450241900342522,NO
80,237,0.672515873015873,NO
81,119,0.09324603174603174,NO
82,334,1.0,NO
83,161,0.6808687456334516,NO
84,136,0.3786812148549764,NO
85,281,0.08,NO
86,203,0.5691356143856146,NO
87,97,0.014898809523809523,NO
88,107,0.006999999999999999,NO
89,148,0.6178697599759174,NO
90,462,0.62809126984127,NO
91,1856,1.0,YES
92,245,1.0,YES
93,634,1.0,YES
94,214,0.0,NO
95,258,0.14716666666666667,NO
96,70,0.0,NO
97,93,0.44871162755373284,NO
98,337,0.41188095238095235,NO
99,149,0.9250154983904985,NO
100,585,0.99,NO
101,115,0.05,NO
102,192,0.8356944444444444,YES
103,704,1.0,YES
104,591,0.33,NO
105,141,0.0,NO
106,179,1.0,YES
107,602,1.0,YES
108,141,0.0,NO
109,42,0.0,NO
110,42,0.0,NO
111,85,0.0,NO
112,69,1.0,YES
113,471,0.44,NO
114,106,0.4853954453979189,NO
115,250,0.811206349206349,NO
116,162,0.6808687456334516,NO
117,24,0.0,NO
118,56,0.2536726797368437,NO
119,51,0.0,NO
120,22,0.0,NO
121,24,0.0,NO
122,492,1.0,YES
123,1624,1.0,YES
124,47,0.0,NO
125,2258,1.0,YES
126,85,0.0,NO
127,50,0.0,NO
128,44,0.0,NO
129,52,0.7629682955932956,NO
130,41,0.0,NO
131,48,0.0,NO
132,213,0.0,NO
133,543,1.0,YES
134,233,0.6414642857142857,NO
135,134,0.006666666666666666,NO
136,104,0.5279323235153393,NO
137,121,1.0,YES
138,39,0.0,NO
139,41,0.0,NO
140,248,0.07427777777777776,NO
141,215,0.0,NO
142,269,1.0,NO
143,165,0.5074232295482294,NO
144,277,0.09466666666666666,NO
145,100,0.49024422956868446,NO
146,358,0.01,NO
147,29,0.5235889388389386,NO
148,339,0.825452380952381,NO
149,719,0.98,NO
150,141,0.0,NO
151,801,1.0,YES
152,69,0.3117996947153293,NO
153,77,0.35144966290655955,NO
154,97,0.014898809523809523,NO
155,380,0.0,NO
156,214,0.0,NO
157,38,0.48018189561033464,NO
158,79,0.0,NO
159,25,0.0,NO
160,84,0.2830170947473579,NO
161,34,0.0,NO
162,33,0.0,NO
163,104,0.5279323235153393,NO
164,193,0.7974217855587825,NO
165,70,0.0,NO
166,140,0.0,NO
167,22,0.0,NO
168,158,0.036000000000000004,NO
169,142,0.0,NO
170,109,0.66852387159624,NO
171,152,0.003333333333333333,YES
172,31,0.0,NO
173,344,0.8457407690348867,NO
174,60,0.3934634858605446,YES
175,85,0.0,YES
176,78,0.8193136261063158,YES
177,880,0.8220277777777778,YES
178,64,0.4048542075931754,NO
179,199,0.7018282828282829,NO
180,264,0.13742424242424242,YES
181,155,0.7057193362193362,NO
182,42,0.0,NO
183,405,1.0,YES
184,248,0.07427777777777776,NO
185,541,1.0,YES
186,28,0.0,NO
187,452,1.0,YES
188,474,0.0,NO
189,379,1.0,YES
190,83,0.48175480407740795,NO
191,393,1.0,YES
192,439,1.0,YES
193,248,0.07427777777777776,NO
194,13253,1.0,YES
195,28,0.0,NO
196,69,1.0,YES
197,6303,0.998,NO
198,116,0.39249015037250323,NO
199,100,0.49024422956868446,NO
200,46,0.0,NO
201,226,0.0,NO
202,79,0.0,NO
203,93,0.44871162755373284,NO
204,2156,1.0,YES
205,41,0.0,NO
206,64,0.4048542075931754,NO
207,149,0.9250154983904985,NO
208,334,1.0,NO
209,114,0.95,NO
210,66,0.0,NO
211,38,0.48018189561033464,NO
212,46,0.0,NO
213,101,0.44084148321653377,NO
214,111,0.0,NO
215,156,0.006666666666666666,NO
216,113,0.46,NO
217,770,1.0,YES
218,392,0.06,NO
219,314,0.031964285714285716,NO
220,139,1.0,YES
221,59,0.007563025210084032,NO
222,78,0.8193136261063158,NO
223,49,0.0,NO
224,511,1.0,YES
225,42,0.0,NO
226,75,0.6010097957597957,NO
227,219,0.0,NO
228,103,0.36918380230880216,NO
229,158,0.036000000000000004,NO
230,190,0.0,NO
231,88,0.8087023265721793,NO
232,248,0.07427777777777776,NO
233,276,0.09466666666666666,NO
234,60,0.3934634858605446,NO
235,35,0.32982466389819326,NO
236,63,0.19192893311563727,NO
237,79,0.0,NO
238,174,0.0,NO
239,148,0.6178697599759174,NO
240,34,0.0,NO
241,35,0.32982466389819326,NO
242,45,0.3846372292355198,NO
243,293,0.12333333333333332,NO
244,88,1.0,YES
245,57,0.0033333333333333335,NO
246,39,0.0,NO
247,57,0.0033333333333333335,NO
248,277,0.09466666666666666,NO
249,468,1.0,NO
250,75,0.6010097957597957,NO
251,666,0.06899999999999999,NO
252,53,1.0,YES
253,145,0.41138095238095235,NO
254,396,1.0,YES
255,54,0.0,NO
256,104,0.5279323235153393,NO
257,119,0.09324603174603174,NO
258,514,1.0,YES
259,152,0.003333333333333333,NO
260,95,0.08126076701076704,NO
261,415,0.8199430014430015,NO
262,131,0.5769669774669776,NO
263,45,0.3846372292355198,NO
264,156,0.006666666666666666,NO
265,166,1.0,YES
266,43,0.2615305963423812,NO
267,74,1.0,YES
268,302,0.51,NO
269,494,0.12,NO
270,421,0.05416666666666667,NO
271,723,0.33,NO
272,550,0.25,NO
273,493,0.12,NO
274,416,0.8199430014430015,NO
275,359,0.01,NO
276,62,0.0,NO
277,45,0.3846372292355198,NO
278,41,0.0,NO
279,47,0.0,NO
280,55,0.0,NO
281,1456,0.59,NO
282,187,0.0,NO
283,163,0.0,NO
284,142,0.0,NO
285,73,0.001951219512195122,NO
286,108,1.0,YES
287,20,0.0,NO
288,60,0.3934634858605446,NO
289,84,0.2830170947473579,NO
290,82,0.0,NO
291,86,1.0,YES
292,67,0.030519140989729222,NO
293,20,0.0,NO
294,60,1.0,YES
295,88,1.0,YES
296,47,1.0,YES
297,76,1.0,YES
298,21,0.0,NO
299,53,0.0,NO
300,114,1.0,YES
301,121,1.0,YES
302,78,1.0,YES
303,20,0.0,NO
304,69,0.3117996947153293,NO
305,80,0.22330727116021235,NO
306,79,0.0,NO
307,81,1.0,YES
308,88,1.0,YES
309,20,0.0,NO
310,105,1.0,YES
311,60,1.0,YES
312,50,0.0,NO
313,28,0.0,NO
314,129,1.0,YES
315,43,0.2615305963423812,NO
316,76,0.0,NO
317,63,0.19192893311563727,NO
318,65,0.0,NO
319,76,1.0,YES
320,45,0.3846372292355198,NO
321,20,0.0,NO
