ID, Size, Predicted, Actual
0,227,0.5441904095172286,NO
1,276,0.5477154589284887,NO
2,460,0.5606772246933205,NO
3,138,0.5382284250554429,NO
4,352,0.5491906663498256,NO
5,23,0.5319592992689981,NO
6,56,0.5307005277446751,NO
7,51,0.5307005277446751,NO
8,22,0.5294890164555385,NO
9,44,0.5290447097987483,NO
10,111,0.5317731518681583,NO
11,71,0.5286295762088719,NO
12,196,0.536210727325093,NO
13,39,0.5270017626335377,NO
14,124,0.535485472632764,NO
15,38,0.5270017626335377,NO
16,22,0.5270017626335377,NO
17,44,0.5282139718643881,NO
18,368,0.5478036015743764,NO
19,22,0.5265855770743295,NO
20,285,0.5407266161097044,NO
21,21,0.5249161565950738,NO
22,22,0.524497634256914,NO
23,208,0.5328789962406628,NO
24,55,0.5252915985713275,NO
25,21,0.5240786459813107,NO
26,288,0.5382263219341077,NO
27,47,0.5244524242379743,NO
28,54,0.5244524242379743,NO
29,105,0.5271836939682558,NO
30,483,0.5530918860532966,NO
31,35,0.5202868649738173,NO
32,142,0.5257523574436412,NO
33,95,0.5223927961931123,NO
34,164,0.5269496273898813,NO
35,70,0.5206531252588477,NO
36,22,0.5190146225125731,NO
37,26,0.5190146225125731,NO
38,21,0.5190146225125731,NO
39,56,0.5202286662496469,NO
40,102,0.5229621291646548,NO
41,107,0.5225374081187207,NO
42,67,0.5198037461862272,NO
43,39,0.5181641630640814,NO
44,52,0.5193783655930717,NO
45,20,0.5181641630640814,NO
46,42,0.5181641630640814,NO
47,36,0.5181641630640814,NO
48,30,0.5181641630640814,NO
49,71,0.5189525249984577,NO
50,57,0.5189525249984577,NO
51,31,0.5177382455884114,NO
52,20,0.5177382455884114,NO
53,90,0.5198424487410745,NO
54,52,0.5180994659373405,NO
55,108,0.5208338863706328,NO
56,20,0.5168850378239863,NO
57,93,0.51941577511073,NO
58,52,0.5180994659373405,NO
59,117,0.5204068491471374,NO
60,20,0.5164577486226765,NO
61,31,0.5278327270514708,NO
62,109,0.5346638507345635,NO
63,44,0.5261289046953495,NO
64,72,0.5274432859362829,NO
65,99,0.5332499897184917,NO
66,103,0.5346638507345635,NO
67,20,0.5249161565950738,NO
68,71,0.5172445733061712,NO
69,140,0.5210715379058853,NO
70,1579,0.7179225845306496,NO
71,45,0.5064055609926152,NO
72,282,0.5193650482134659,NO
73,2582,0.8941858952269836,NO
74,242,0.5011186298066467,NO
75,55,0.49122310289768933,NO
76,204,0.5209791596005614,NO
77,59,0.5133749845194542,NO
78,102,0.4930524964714411,NO
79,34,0.4890992814908782,NO
80,83,0.4916324172498237,NO
81,114,0.5288591956460594,NO
82,60,0.48985984738438626,NO
83,461,0.5401847402222216,NO
84,87,0.5125267810758083,NO
85,130,0.5154675410281941,NO
86,49,0.48574772917338177,NO
87,123,0.4884844824133741,NO
88,101,0.487105989768718,NO
89,1350,0.6710396800776182,NO
90,455,0.5486936964636339,NO
91,40,0.4748123338476982,NO
92,518,0.5617052013675391,NO
93,371,0.49378426405175146,NO
94,49,0.47321555502519663,NO
95,490,0.5346572470505102,NO
96,32,0.46870871588246443,NO
97,73,0.47123365219971,NO
98,633,0.5643924937096937,NO
99,780,0.5652464344604886,NO
100,470,0.49288315001088245,NO
101,1015,0.55945100190706,NO
102,278,0.5245996318018377,NO
103,31,0.4577562463824292,NO
104,36,0.5095594707467903,NO
105,58,0.5202286662496469,NO
106,172,0.5315772491081162,NO
107,86,0.5236617145311335,NO
108,162,0.533245798600892,NO
109,53,0.4531723884894461,NO
110,415,0.547733752609506,NO
111,200,0.5231310860778197,NO
112,264,0.5195237949202306,NO
113,166,0.5319951002884536,NO
114,38,0.49317364031199695,NO
115,122,0.4519960625695352,NO
116,85,0.4501013442751505,NO
117,66,0.4487966537142884,NO
118,60,0.49348682643878605,NO
119,37,0.4471061811897019,NO
120,233,0.5171576200524712,NO
121,37,0.44612998669122406,NO
122,239,0.4566875417611128,NO
123,40,0.4456414036103223,NO
124,208,0.530781151307564,NO
125,210,0.45290919741428287,NO
126,388,0.4672730263405885,NO
127,22,0.48955365576875837,NO
128,262,0.5115866430522441,NO
129,306,0.43724849517643627,NO
130,1438,0.652835559653717,NO
131,1469,0.6828100041082097,NO
132,67,0.4098539361396763,NO
133,437,0.5208393300975974,NO
134,223,0.5047326506143639,NO
135,35,0.4045988324650495,NO
136,53,0.4052596869756182,NO
137,196,0.48081262508662276,NO
138,108,0.497578419127054,NO
139,237,0.5038317720322466,NO
140,219,0.41233337906724726,NO
141,340,0.41940207460525014,NO
142,161,0.4073458801394149,NO
143,136,0.47605511090381253,NO
144,376,0.49142753387579113,NO
145,388,0.4209391145651706,NO
146,153,0.4021706547747889,NO
147,114,0.4001916771660707,NO
148,220,0.40664556150864273,NO
149,453,0.49716856985984836,NO
150,1828,0.7518080468780731,NO
151,246,0.5003214997331751,NO
152,636,0.42773870161164945,NO
153,299,0.39374272585463155,NO
154,259,0.39075199447579917,NO
155,90,0.38069844056708513,NO
156,93,0.48889688971327283,NO
157,441,0.5122283587740294,NO
158,149,0.381388204892367,NO
159,610,0.5023674711673799,NO
160,123,0.4621658140564397,NO
161,197,0.37930663313558943,NO
162,865,0.5600913565111869,NO
163,596,0.4984903567932578,NO
164,141,0.3703851796061787,NO
165,179,0.3713761371319655,NO
166,630,0.4077031617954325,NO
167,402,0.38387126873399036,NO
168,42,0.48131220168407207,NO
169,42,0.45293564685456955,NO
170,315,0.49760148288842304,NO
171,85,0.4549640542846561,NO
172,472,0.38664245150979376,NO
173,106,0.36266853711091146,NO
174,250,0.46398242905859205,NO
175,162,0.5011762255569618,NO
176,236,0.36518401945207124,NO
177,73,0.35715875453114004,NO
178,104,0.35846429759846143,NO
179,40,0.3548348749308653,NO
180,98,0.35663379686639907,NO
181,39,0.3543114503416071,NO
182,38,0.3543114503416071,NO
183,67,0.35542492193384007,NO
184,76,0.3561087866554632,NO
185,42,0.3532644624880776,NO
186,71,0.35437644961164055,NO
187,101,0.35688670777100157,NO
188,59,0.3538521436417511,NO
189,55,0.35332779355838306,NO
190,27,0.3522173018368591,NO
191,89,0.45107658118281907,NO
192,26,0.35116998293871204,NO
193,24,0.35116998293871204,NO
194,485,0.37951604451248294,NO
195,1651,0.6707732762844344,NO
196,48,0.3459832842207689,NO
197,2479,0.8712166268207333,NO
198,23,0.3380711255091883,NO
199,115,0.4456255264473484,NO
200,108,0.34056651660106185,NO
201,346,0.3536714274779151,NO
202,391,0.35697847226747165,NO
203,22,0.3344033455008358,NO
204,83,0.3361375978582551,NO
205,51,0.3349620267580323,NO
206,43,0.33387945527179425,NO
207,54,0.3349620267580323,NO
208,43,0.33387945527179425,NO
209,47,0.3349620267580323,NO
210,33,0.33387945527179425,NO
211,195,0.4484722962603603,NO
212,91,0.3356119748664007,NO
213,110,0.33635344950305524,NO
214,81,0.33508637345551706,NO
215,108,0.4431607406258627,NO
216,109,0.33635344950305524,NO
217,90,0.33456079550980394,NO
218,131,0.3371867450052009,NO
219,95,0.47499950632467586,NO
220,132,0.3371867450052009,NO
221,176,0.33811218972697693,NO
222,124,0.3353003486184851,NO
223,103,0.3353003486184851,NO
224,120,0.33477383344279443,NO
225,149,0.44416999591938316,NO
226,76,0.33350971755722897,NO
227,89,0.33350971755722897,NO
228,20,0.3307367089070091,NO
229,213,0.3386002923031183,NO
230,542,0.3631221739513562,NO
231,233,0.3370547623551372,NO
232,134,0.33191200198074716,NO
233,104,0.44068808921971614,NO
234,121,0.5007211099671675,NO
235,39,0.43530858877531065,NO
236,41,0.3239324736765802,NO
237,248,0.4994084443899507,NO
238,215,0.3301262823916646,NO
239,269,0.48221235588792677,NO
240,165,0.3259605782763863,NO
241,277,0.44774152170967746,NO
242,100,0.32143450650573074,NO
243,358,0.48719526131905183,NO
244,29,0.4323318529445164,NO
245,339,0.48719526131905183,NO
246,719,0.5251006420678138,NO
247,141,0.49000643835072766,NO
248,801,0.569485734845839,NO
249,77,0.3109648165878541,NO
250,97,0.3109648165878541,NO
251,380,0.3267699308722411,NO
252,214,0.3158582875780916,NO
253,38,0.3077563723806788,NO
254,79,0.309920037596448,NO
255,25,0.3077563723806788,NO
256,84,0.309920037596448,NO
257,34,0.3077563723806788,NO
258,33,0.3077563723806788,NO
259,104,0.31061313571635923,NO
260,193,0.3148038326898775,NO
261,70,0.3077512909224402,NO
262,140,0.3113944064266536,NO
263,22,0.3067161030485657,NO
264,158,0.43381179712630413,NO
265,142,0.3108700817844768,NO
266,109,0.430721997922898,NO
267,158,0.31173871012159093,NO
268,31,0.3056763285159586,NO
269,344,0.3215044996809295,NO
270,71,0.30566832871079425,NO
271,84,0.30678851806793184,NO
272,79,0.3047033392328843,NO
273,881,0.37315623673359666,NO
274,64,0.3020281815804562,NO
275,199,0.3079607033858206,NO
276,261,0.3106476062714839,NO
277,155,0.42920115644588014,NO
278,45,0.30047021422768866,NO
279,23,0.29944892344752216,NO
280,405,0.3192403876066738,NO
281,248,0.309062648152142,NO
282,599,0.46550263986860163,NO
283,28,0.29375939936796897,NO
284,452,0.543612020197601,NO
285,482,0.3180468151648511,NO
286,434,0.4446425044630651,NO
287,83,0.42077628871627876,NO
288,393,0.3069184409377728,NO
289,230,0.5002107663201723,NO
290,248,0.5151325110692386,NO
291,28,0.2601440295659508,NO
292,69,0.4052596869756182,NO
293,116,0.40225243043200826,NO
294,100,0.4856866288365094,NO
295,46,0.39910758720163,NO
296,226,0.2557456455408417,NO
297,86,0.24861857962675096,NO
298,93,0.4481468932837935,NO
299,1935,0.7613566670326924,NO
300,41,0.2350127293216026,NO
301,64,0.23588825463179217,NO
302,176,0.3975203100118843,NO
303,334,0.499377064455945,NO
304,114,0.4698082795412722,NO
305,66,0.2339510173138312,NO
306,38,0.23259838843446012,NO
307,46,0.23298469703043517,NO
308,101,0.2349479868179442,NO
309,144,0.39440905217936173,NO
310,156,0.4461450642796854,NO
311,113,0.46933340459321815,NO
312,753,0.5254362024351642,NO
313,397,0.23746939489235533,NO
314,327,0.3973641308747566,NO
315,139,0.22066000885707313,NO
316,59,0.21774276186546337,NO
317,78,0.21864219510660238,NO
318,50,0.21727339347174904,NO
319,483,0.4667176873521311,NO
320,42,0.2145794735329628,NO
321,75,0.43730583427077013,NO
322,219,0.4453182668642209,NO
323,103,0.4387044099577672,NO
324,158,0.44180703111584446,NO
325,190,0.3876999515115533,NO
326,88,0.21488836823169277,NO
327,248,0.39075199447579917,NO
328,276,0.39269050986118537,NO
329,330,0.4951925533243652,NO
330,69,0.21121194679283645,NO
331,21,0.21040279078300628,NO
332,39,0.21040279078300628,NO
333,22,0.21040279078300628,NO
334,24,0.20580547116436668,NO
335,62,0.37581282661751747,NO
336,67,0.46040368994725767,NO
337,65,0.43302842453942664,NO
338,63,0.37581282661751747,NO
339,22,0.20489160863080538,NO
340,60,0.20568509108906718,NO
341,38,0.20489160863080538,NO
342,62,0.20568509108906718,NO
343,23,0.20489160863080538,NO
344,79,0.20608891411670652,NO
345,23,0.2044353862088525,NO
346,176,0.20909455830628892,NO
347,149,0.2075600618607689,NO
348,23,0.20397963810518382,NO
349,34,0.20397963810518382,NO
350,35,0.20397963810518382,NO
351,45,0.20431391377446442,NO
352,293,0.21317137372758316,NO
353,58,0.19128531963419274,NO
354,39,0.18965373554477585,NO
355,57,0.19040233773009765,NO
356,277,0.37895722568659546,NO
357,468,0.20716701189653458,NO
358,75,0.19033263637132616,NO
359,666,0.22058847158957096,NO
360,53,0.36537348070924297,NO
361,145,0.19037914300306835,NO
362,53,0.18776577462315347,NO
363,398,0.2000749135470783,NO
364,119,0.18636887434908495,NO
365,271,0.19032597902468465,NO
366,175,0.18652717539892621,NO
367,78,0.1833373031720917,NO
368,415,0.19549491934253083,NO
369,131,0.18380024652607166,NO
370,45,0.18125696940296998,NO
371,156,0.3651296219844241,NO
372,166,0.18434118471735347,NO
373,43,0.18010797680043308,NO
374,74,0.18160965555470543,NO
375,302,0.4382640765065661,NO
376,494,0.3887140837794435,NO
377,421,0.38305951293438656,NO
378,723,0.41227781908256533,NO
379,550,0.3926177469555406,NO
380,493,0.3865530947022639,NO
381,416,0.3809087390499906,NO
382,359,0.18678899363996793,NO
383,66,0.17318641138095378,NO
384,62,0.17276714570945736,NO
385,34,0.17207314277126817,NO
386,23,0.17207314277126817,NO
387,41,0.17207314277126817,NO
388,50,0.17276714570945736,NO
389,55,0.17276714570945736,NO
390,1467,0.30122203719605933,NO
391,187,0.17460881296683955,NO
392,162,0.17361537415492234,NO
393,23,0.16916324762989948,NO
394,142,0.48400541897255395,NO
395,73,0.35453345893224225,NO
396,108,0.45248378284686414,NO
397,20,0.35169366125801,NO
398,61,0.16654545361585976,NO
399,86,0.16727862877932148,NO
400,84,0.1668669302926766,NO
401,90,0.1668669302926766,NO
402,67,0.1657255159793786,NO
403,20,0.16464637324717812,NO
404,60,0.1653164036218955,NO
405,88,0.4501013442751505,NO
406,47,0.351229988555781,NO
407,76,0.3519070318555203,NO
408,21,0.34959873978502554,NO
409,53,0.16490786331471696,NO
410,114,0.35320392559270797,NO
411,121,0.45150800601585234,NO
412,78,0.16522585114211358,NO
413,20,0.34959873978502554,NO
414,69,0.35070544527156117,NO
415,80,0.3519070318555203,NO
416,79,0.41773954883746595,NO
417,81,0.16481701411884067,NO
418,88,0.41773954883746595,NO
419,20,0.3490749287602788,NO
420,105,0.4191221581449362,NO
421,60,0.44830879773979887,NO
422,50,0.16368568266263236,NO
423,28,0.1630209707675382,NO
424,129,0.4191221581449362,NO
425,43,0.3490749287602788,NO
426,76,0.1640010649968226,NO
427,63,0.16327943849450124,NO
428,65,0.41645762164670547,NO
429,76,0.3508561954055333,NO
430,45,0.16287377031556033,NO
431,20,0.34855108913265964,NO
432,126,0.017585533264455167,NO
