ID, Size, Predicted, Actual
0,227,3.2224279590810595E-4,NO
1,276,0.7692040599958329,NO
2,460,6.440704976603559E-4,NO
3,138,6.440704976603559E-4,NO
4,355,6.440704976603559E-4,NO
5,23,6.440704976603559E-4,NO
6,48,8.059965796572465E-5,NO
7,59,8.059965796572465E-5,NO
8,79,8.059965796572465E-5,NO
9,67,8.059965796572465E-5,NO
10,49,8.059965796572465E-5,NO
11,40,8.059965796572465E-5,NO
12,20,8.059965796572465E-5,NO
13,42,8.059965796572465E-5,NO
14,36,8.059965796572465E-5,NO
15,31,8.059965796572465E-5,NO
16,30,8.059965796572465E-5,NO
17,71,1.6117333490011702E-4,NO
18,57,8.059965796572465E-5,NO
19,20,8.059965796572465E-5,NO
20,89,0.9999355181947428,NO
21,60,1.6117333490011702E-4,NO
22,102,0.9999355181947428,NO
23,20,1.6117333490011702E-4,NO
24,93,0.9999355181947428,NO
25,59,1.6117333490011702E-4,NO
26,111,0.9999355181947428,NO
27,20,1.6117333490011702E-4,NO
28,31,6.440704976603559E-4,NO
29,109,6.440704976603559E-4,NO
30,44,6.440704976603559E-4,NO
31,72,6.440704976603559E-4,NO
32,99,6.440704976603559E-4,NO
33,103,6.440704976603559E-4,NO
34,20,6.440704976603559E-4,NO
35,137,0.9999355181947428,YES
36,1699,0.9999355181947428,NO
37,45,1.2894698104607783E-4,NO
38,200,6.440704976603559E-4,NO
39,2582,0.9999355181947428,NO
40,55,6.440704976603559E-4,NO
41,204,6.440704976603559E-4,NO
42,59,6.440704976603559E-4,NO
43,102,6.440704976603559E-4,NO
44,34,1.6117333490011702E-4,NO
45,83,0.7142659742302174,NO
46,114,6.440704976603559E-4,NO
47,60,6.440704976603559E-4,NO
48,512,6.440704976603559E-4,NO
49,87,6.440704976603559E-4,NO
50,130,6.440704976603559E-4,NO
51,37,6.440704976603559E-4,NO
52,101,6.440704976603559E-4,NO
53,1185,0.9999355181947428,NO
54,455,3.2224279590810595E-4,NO
55,40,8.059965796572465E-5,NO
56,518,6.440704976603559E-4,NO
57,382,6.440704976603559E-4,NO
58,49,6.440704976603559E-4,NO
59,585,0.9090429468552699,NO
60,32,7.164542365767559E-5,NO
61,73,6.440704976603559E-4,NO
62,633,6.440704976603559E-4,NO
63,681,0.9999355181947428,NO
64,470,6.440704976603559E-4,NO
65,1015,6.440704976603559E-4,NO
66,278,6.440704976603559E-4,NO
67,31,1.2894698104607783E-4,NO
68,36,6.440704976603559E-4,NO
69,58,8.059965796572465E-5,NO
70,172,0.9999355181947428,NO
71,86,6.440704976603559E-4,NO
72,162,6.440704976603559E-4,NO
73,53,6.440704976603559E-4,NO
74,415,6.440704976603559E-4,NO
75,200,6.440704976603559E-4,NO
76,264,6.440704976603559E-4,NO
77,166,0.9999355181947428,NO
78,38,6.440704976603559E-4,NO
79,117,6.440704976603559E-4,NO
80,85,6.440704976603559E-4,NO
81,66,6.440704976603559E-4,NO
82,60,6.440704976603559E-4,NO
83,37,6.440704976603559E-4,NO
84,233,6.440704976603559E-4,NO
85,37,6.440704976603559E-4,NO
86,239,6.440704976603559E-4,NO
87,40,6.440704976603559E-4,NO
88,208,2.1487469181971186E-4,NO
89,189,6.440704976603559E-4,NO
90,22,6.440704976603559E-4,NO
91,262,6.440704976603559E-4,NO
92,489,6.440704976603559E-4,NO
93,1418,6.440704976603559E-4,NO
94,1376,6.440704976603559E-4,NO
95,66,6.440704976603559E-4,NO
96,438,3.2224279590810595E-4,NO
97,430,6.440704976603559E-4,NO
98,35,6.440704976603559E-4,NO
99,53,6.440704976603559E-4,NO
100,197,6.440704976603559E-4,NO
101,108,6.440704976603559E-4,NO
102,237,6.440704976603559E-4,NO
103,119,6.440704976603559E-4,NO
104,334,6.440704976603559E-4,NO
105,161,6.440704976603559E-4,NO
106,136,6.440704976603559E-4,NO
107,281,3.2224279590810595E-4,NO
108,203,6.440704976603559E-4,NO
109,97,3.2224279590810595E-4,NO
110,107,6.440704976603559E-4,NO
111,148,1.6117333490011702E-4,NO
112,462,6.440704976603559E-4,NO
113,1856,6.440704976603559E-4,NO
114,245,6.440704976603559E-4,NO
115,634,0.9999355181947428,NO
116,214,6.440704976603559E-4,NO
117,259,6.440704976603559E-4,NO
118,90,1.2894698104607783E-4,NO
119,93,6.440704976603559E-4,NO
120,337,6.440704976603559E-4,NO
121,149,6.440704976603559E-4,NO
122,611,0.9090429468552699,NO
123,115,6.440704976603559E-4,NO
124,193,0.9999355181947428,YES
125,815,0.9999355181947428,YES
126,591,6.440704976603559E-4,NO
127,141,6.440704976603559E-4,NO
128,179,6.440704976603559E-4,NO
129,606,0.9999355181947428,YES
130,141,6.440704976603559E-4,NO
131,42,6.440704976603559E-4,NO
132,42,6.440704976603559E-4,NO
133,85,6.44818052571592E-5,NO
134,69,6.440704976603559E-4,NO
135,471,6.440704976603559E-4,NO
136,106,6.440704976603559E-4,NO
137,250,2.1487469181971186E-4,NO
138,162,6.440704976603559E-4,NO
139,24,6.440704976603559E-4,NO
140,56,6.440704976603559E-4,NO
141,51,6.440704976603559E-4,NO
142,22,6.440704976603559E-4,NO
143,24,6.440704976603559E-4,NO
144,488,3.2224279590810595E-4,NO
145,1624,0.9999355181947428,NO
146,47,1.0746043643801837E-4,NO
147,2307,1.2894698104607783E-4,NO
148,85,6.440704976603559E-4,NO
149,50,6.440704976603559E-4,NO
150,44,6.440704976603559E-4,NO
151,52,6.440704976603559E-4,NO
152,41,6.440704976603559E-4,NO
153,48,6.440704976603559E-4,NO
154,110,6.440704976603559E-4,NO
155,69,6.440704976603559E-4,NO
156,20,8.059965796572465E-5,NO
157,213,6.440704976603559E-4,NO
158,542,6.440704976603559E-4,NO
159,233,6.440704976603559E-4,NO
160,134,6.440704976603559E-4,NO
161,104,6.440704976603559E-4,NO
162,121,0.9090429468552699,NO
163,39,6.440704976603559E-4,NO
164,41,3.2224279590810595E-4,NO
165,248,0.9999355181947428,NO
166,215,3.2224279590810595E-4,NO
167,269,6.440704976603559E-4,NO
168,165,6.440704976603559E-4,NO
169,277,6.440704976603559E-4,NO
170,100,6.440704976603559E-4,NO
171,358,6.440704976603559E-4,NO
172,29,6.440704976603559E-4,NO
173,339,6.440704976603559E-4,NO
174,719,6.440704976603559E-4,NO
175,141,6.440704976603559E-4,NO
176,801,6.440704976603559E-4,NO
177,77,8.059965796572465E-5,NO
178,97,1.0746043643801837E-4,NO
179,380,1.6117333490011702E-4,NO
180,214,8.059965796572465E-5,NO
181,38,1.6117333490011702E-4,NO
182,79,8.059965796572465E-5,NO
183,25,8.059965796572465E-5,NO
184,84,8.059965796572465E-5,NO
185,34,8.059965796572465E-5,NO
186,33,8.059965796572465E-5,NO
187,104,8.059965796572465E-5,NO
188,193,2.1487469181971186E-4,NO
189,70,8.059965796572465E-5,NO
190,140,8.059965796572465E-5,NO
191,22,1.6117333490011702E-4,NO
192,158,6.440704976603559E-4,NO
193,142,1.0746043643801837E-4,NO
194,109,6.440704976603559E-4,NO
195,158,0.9999355181947428,YES
196,31,1.0746043643801837E-4,NO
197,344,6.440704976603559E-4,NO
198,71,0.9999355181947428,YES
199,84,0.9999355181947428,YES
200,79,0.9999355181947428,YES
201,881,0.9999355181947428,YES
202,64,6.440704976603559E-4,NO
203,199,6.440704976603559E-4,NO
204,261,0.9999355181947428,YES
205,155,6.440704976603559E-4,NO
206,42,2.1487469181971186E-4,NO
207,405,6.440704976603559E-4,NO
208,248,8.059965796572465E-5,NO
209,541,6.440704976603559E-4,NO
210,28,6.440704976603559E-4,NO
211,452,6.440704976603559E-4,NO
212,474,0.9090429468552699,NO
213,379,0.9090429468552699,NO
214,83,6.440704976603559E-4,NO
215,393,6.440704976603559E-4,NO
216,458,9.211177362441424E-5,NO
217,248,6.440704976603559E-4,NO
218,28,6.440704976603559E-4,NO
219,69,6.440704976603559E-4,NO
220,116,6.440704976603559E-4,NO
221,100,6.440704976603559E-4,NO
222,46,6.440704976603559E-4,NO
223,226,6.440704976603559E-4,NO
224,79,6.440704976603559E-4,NO
225,93,6.440704976603559E-4,NO
226,2156,0.9999355181947428,NO
227,41,6.440704976603559E-4,NO
228,64,6.440704976603559E-4,NO
229,149,6.440704976603559E-4,NO
230,334,6.440704976603559E-4,NO
231,114,6.440704976603559E-4,NO
232,66,6.440704976603559E-4,NO
233,38,6.440704976603559E-4,NO
234,46,6.440704976603559E-4,NO
235,101,1.0746043643801837E-4,NO
236,111,6.440704976603559E-4,NO
237,156,6.440704976603559E-4,NO
238,113,6.440704976603559E-4,NO
239,770,6.440704976603559E-4,NO
240,392,0.9999355181947428,NO
241,330,6.440704976603559E-4,NO
242,139,2.1487469181971186E-4,NO
243,59,6.440704976603559E-4,NO
244,78,2.1487469181971186E-4,NO
245,49,6.440704976603559E-4,NO
246,511,6.440704976603559E-4,NO
247,42,6.440704976603559E-4,NO
248,75,6.440704976603559E-4,NO
249,219,6.440704976603559E-4,NO
250,103,6.440704976603559E-4,NO
251,158,6.440704976603559E-4,NO
252,190,6.440704976603559E-4,NO
253,88,6.440704976603559E-4,NO
254,248,6.440704976603559E-4,NO
255,276,6.440704976603559E-4,NO
256,60,6.440704976603559E-4,NO
257,35,6.440704976603559E-4,NO
258,63,6.440704976603559E-4,NO
259,79,6.440704976603559E-4,NO
260,174,1.2894698104607783E-4,NO
261,148,1.2894698104607783E-4,NO
262,34,6.440704976603559E-4,NO
263,35,6.440704976603559E-4,NO
264,45,6.440704976603559E-4,NO
265,293,6.440704976603559E-4,NO
266,57,6.440704976603559E-4,NO
267,39,1.2894698104607783E-4,NO
268,57,6.440704976603559E-4,NO
269,277,6.440704976603559E-4,NO
270,468,6.440704976603559E-4,NO
271,75,6.440704976603559E-4,NO
272,666,1.0746043643801837E-4,NO
273,53,3.2224279590810595E-4,NO
274,145,6.440704976603559E-4,NO
275,53,1.6117333490011702E-4,NO
276,397,6.440704976603559E-4,NO
277,54,6.440704976603559E-4,NO
278,104,6.440704976603559E-4,NO
279,119,1.6117333490011702E-4,NO
280,514,6.440704976603559E-4,NO
281,152,8.059965796572465E-5,NO
282,95,6.440704976603559E-4,NO
283,415,6.440704976603559E-4,NO
284,131,8.059965796572465E-5,NO
285,45,6.440704976603559E-4,NO
286,156,6.440704976603559E-4,NO
287,166,8.059965796572465E-5,NO
288,43,7.164542365767559E-5,NO
289,74,1.6117333490011702E-4,NO
290,302,6.440704976603559E-4,NO
291,494,6.440704976603559E-4,NO
292,421,6.440704976603559E-4,NO
293,723,6.440704976603559E-4,NO
294,550,6.440704976603559E-4,NO
295,493,6.440704976603559E-4,NO
296,416,6.440704976603559E-4,NO
297,359,6.440704976603559E-4,NO
298,66,2.1487469181971186E-4,NO
299,62,9.211177362441424E-5,NO
300,45,8.059965796572465E-5,NO
301,41,2.1487469181971186E-4,NO
302,47,2.1487469181971186E-4,NO
303,55,2.1487469181971186E-4,NO
304,1456,6.440704976603559E-4,NO
305,187,6.440704976603559E-4,NO
306,163,3.2224279590810595E-4,NO
307,142,6.440704976603559E-4,NO
308,73,6.440704976603559E-4,NO
309,108,0.6249899242306508,NO
310,20,6.440704976603559E-4,NO
311,60,6.440704976603559E-4,NO
312,84,6.440704976603559E-4,NO
313,82,6.440704976603559E-4,NO
314,86,6.440704976603559E-4,NO
315,67,6.440704976603559E-4,NO
316,20,6.440704976603559E-4,NO
317,60,1.2894698104607783E-4,NO
318,88,6.440704976603559E-4,NO
319,47,6.440704976603559E-4,NO
320,76,6.440704976603559E-4,NO
321,21,6.440704976603559E-4,NO
322,53,1.2894698104607783E-4,NO
323,114,6.440704976603559E-4,NO
324,121,3.2224279590810595E-4,NO
325,78,0.9090429468552699,NO
326,20,6.440704976603559E-4,NO
327,69,6.440704976603559E-4,NO
328,80,6.440704976603559E-4,NO
329,79,6.440704976603559E-4,NO
330,81,3.2224279590810595E-4,NO
331,88,6.440704976603559E-4,NO
332,20,6.440704976603559E-4,NO
333,105,6.440704976603559E-4,NO
334,60,6.440704976603559E-4,NO
335,50,1.2894698104607783E-4,NO
336,28,1.2894698104607783E-4,NO
337,129,6.440704976603559E-4,NO
338,43,6.440704976603559E-4,NO
339,76,1.2894698104607783E-4,NO
340,63,6.440704976603559E-4,NO
341,65,6.440704976603559E-4,NO
342,76,6.440704976603559E-4,NO
343,45,1.2894698104607783E-4,NO
344,20,6.440704976603559E-4,NO
345,126,6.440704976603559E-4,NO
