ID, Size, Predicted, Actual
0,237,1.095290251916758E-4,NO
1,272,0.5,NO
2,470,1.095290251916758E-4,NO
3,299,2.1901007446342534E-4,NO
4,23,7.302468234263182E-5,NO
5,56,2.1901007446342534E-4,NO
6,51,2.1901007446342534E-4,NO
7,22,2.1901007446342534E-4,NO
8,67,7.302468234263182E-5,NO
9,23,2.1901007446342534E-4,NO
10,44,2.1901007446342534E-4,NO
11,111,2.1901007446342534E-4,NO
12,74,7.302468234263182E-5,NO
13,196,2.1901007446342534E-4,NO
14,39,2.1901007446342534E-4,NO
15,124,2.1901007446342534E-4,NO
16,38,2.1901007446342534E-4,NO
17,22,2.1901007446342534E-4,NO
18,44,2.1901007446342534E-4,NO
19,368,2.1901007446342534E-4,NO
20,22,2.1901007446342534E-4,NO
21,285,2.1901007446342534E-4,NO
22,21,2.1901007446342534E-4,NO
23,22,2.1901007446342534E-4,NO
24,208,2.1901007446342534E-4,NO
25,55,2.1901007446342534E-4,NO
26,21,2.1901007446342534E-4,NO
27,288,2.1901007446342534E-4,NO
28,109,2.1901007446342534E-4,NO
29,142,0.9997809899255365,NO
30,47,2.1901007446342534E-4,NO
31,54,2.1901007446342534E-4,NO
32,105,2.1901007446342534E-4,NO
33,528,2.1901007446342534E-4,NO
34,284,2.1901007446342534E-4,NO
35,32,2.1901007446342534E-4,NO
36,35,2.1901007446342534E-4,NO
37,144,2.1901007446342534E-4,NO
38,95,2.1901007446342534E-4,NO
39,164,2.1901007446342534E-4,NO
40,70,2.1901007446342534E-4,NO
41,120,2.1901007446342534E-4,NO
42,38,2.1901007446342534E-4,NO
43,22,2.1901007446342534E-4,NO
44,26,2.1901007446342534E-4,NO
45,21,2.1901007446342534E-4,NO
46,56,2.1901007446342534E-4,NO
47,102,2.1901007446342534E-4,NO
48,107,2.1901007446342534E-4,NO
49,67,1.095290251916758E-4,NO
50,39,2.1901007446342534E-4,NO
51,52,2.1901007446342534E-4,NO
52,20,1.095290251916758E-4,NO
53,42,2.1901007446342534E-4,NO
54,36,2.1901007446342534E-4,NO
55,30,2.1901007446342534E-4,NO
56,71,2.1901007446342534E-4,NO
57,57,2.1901007446342534E-4,NO
58,31,2.1901007446342534E-4,NO
59,20,1.095290251916758E-4,NO
60,90,2.1901007446342534E-4,NO
61,52,2.1901007446342534E-4,NO
62,108,2.1901007446342534E-4,NO
63,20,1.095290251916758E-4,NO
64,93,2.1901007446342534E-4,NO
65,52,2.1901007446342534E-4,NO
66,121,2.1901007446342534E-4,NO
67,20,1.095290251916758E-4,NO
68,31,7.302468234263182E-5,NO
69,109,7.302468234263182E-5,NO
70,44,7.302468234263182E-5,NO
71,72,7.302468234263182E-5,NO
72,99,7.302468234263182E-5,NO
73,103,7.302468234263182E-5,NO
74,20,7.302468234263182E-5,NO
75,71,2.1901007446342534E-4,NO
76,155,5.477051155657794E-5,NO
77,1468,2.1901007446342534E-4,NO
78,45,3.129890453834116E-5,NO
79,302,2.1901007446342534E-4,NO
80,3423,2.1901007446342534E-4,NO
81,320,2.1901007446342534E-4,NO
82,241,5.477051155657794E-5,NO
83,57,7.302468234263182E-5,NO
84,276,2.1901007446342534E-4,NO
85,59,5.477051155657794E-5,NO
86,107,7.302468234263182E-5,NO
87,35,7.302468234263182E-5,NO
88,93,7.302468234263182E-5,NO
89,122,5.477051155657794E-5,NO
90,49,7.302468234263182E-5,NO
91,60,1.095290251916758E-4,NO
92,456,2.1901007446342534E-4,NO
93,87,7.302468234263182E-5,NO
94,130,7.302468234263182E-5,NO
95,49,2.1901007446342534E-4,NO
96,122,2.1901007446342534E-4,NO
97,99,7.302468234263182E-5,NO
98,1787,2.1901007446342534E-4,NO
99,464,2.1901007446342534E-4,NO
100,154,7.302468234263182E-5,NO
101,40,7.302468234263182E-5,NO
102,516,0.9997809899255365,NO
103,193,1.095290251916758E-4,NO
104,391,1.095290251916758E-4,NO
105,49,7.302468234263182E-5,NO
106,594,1.095290251916758E-4,NO
107,32,1.095290251916758E-4,NO
108,73,7.302468234263182E-5,NO
109,633,1.095290251916758E-4,NO
110,694,7.302468234263182E-5,NO
111,442,2.1901007446342534E-4,NO
112,1162,2.1901007446342534E-4,NO
113,278,7.302468234263182E-5,NO
114,31,7.302468234263182E-5,NO
115,73,1.095290251916758E-4,NO
116,59,3.129890453834116E-5,NO
117,172,1.095290251916758E-4,NO
118,87,2.1901007446342534E-4,NO
119,166,0.9997809899255365,NO
120,53,7.302468234263182E-5,NO
121,420,1.095290251916758E-4,NO
122,219,7.302468234263182E-5,NO
123,264,5.477051155657794E-5,NO
124,172,0.9997809899255365,NO
125,38,7.302468234263182E-5,NO
126,126,0.9997809899255365,NO
127,85,2.1901007446342534E-4,NO
128,67,7.302468234263182E-5,NO
129,50,2.738675576491209E-5,NO
130,37,7.302468234263182E-5,NO
131,286,1.095290251916758E-4,NO
132,37,7.302468234263182E-5,NO
133,239,7.302468234263182E-5,NO
134,41,7.302468234263182E-5,NO
135,240,0.9997809899255365,NO
136,109,5.477051155657794E-5,NO
137,215,0.9997809899255365,NO
138,387,0.9997809899255365,NO
139,22,7.302468234263182E-5,NO
140,100,1.095290251916758E-4,NO
141,72,1.095290251916758E-4,NO
142,351,2.1901007446342534E-4,NO
143,232,0.9997809899255365,NO
144,162,7.302468234263182E-5,NO
145,42,1.095290251916758E-4,NO
146,458,2.1901007446342534E-4,NO
147,262,0.9997809899255365,NO
148,139,4.3817369205152925E-5,NO
149,69,2.1901007446342534E-4,NO
150,67,2.1901007446342534E-4,NO
151,197,2.1901007446342534E-4,NO
152,930,0.9997809899255365,NO
153,156,4.3817369205152925E-5,NO
154,303,3.6515007668151614E-5,NO
155,25,2.1901007446342534E-4,NO
156,304,3.6515007668151614E-5,NO
157,414,2.1901007446342534E-4,NO
158,1587,0.9997809899255365,NO
159,1653,2.1901007446342534E-4,NO
160,83,7.302468234263182E-5,NO
161,444,1.095290251916758E-4,NO
162,274,7.302468234263182E-5,NO
163,47,7.302468234263182E-5,NO
164,35,7.302468234263182E-5,NO
165,208,2.1901007446342534E-4,NO
166,111,7.302468234263182E-5,NO
167,227,2.1901007446342534E-4,NO
168,351,0.9997809899255365,NO
169,161,7.302468234263182E-5,NO
170,136,2.1901007446342534E-4,NO
171,422,1.095290251916758E-4,NO
172,439,2.1901007446342534E-4,NO
173,153,0.9997809899255365,NO
174,112,2.1901007446342534E-4,NO
175,224,4.3817369205152925E-5,NO
176,458,2.1901007446342534E-4,NO
177,2193,2.1901007446342534E-4,NO
178,277,1.095290251916758E-4,NO
179,738,7.302468234263182E-5,NO
180,270,7.302468234263182E-5,NO
181,257,3.129890453834116E-5,NO
182,88,1.095290251916758E-4,NO
183,459,1.095290251916758E-4,NO
184,156,4.3817369205152925E-5,NO
185,654,0.9997809899255365,NO
186,119,2.1901007446342534E-4,NO
187,32,3.6515007668151614E-5,NO
188,197,2.1901007446342534E-4,NO
189,1105,2.1901007446342534E-4,NO
190,628,2.1901007446342534E-4,NO
191,138,2.1901007446342534E-4,NO
192,204,7.302468234263182E-5,NO
193,550,2.1901007446342534E-4,NO
194,399,2.1901007446342534E-4,NO
195,42,2.1901007446342534E-4,NO
196,42,2.1901007446342534E-4,NO
197,312,0.9997809899255365,NO
198,85,2.1901007446342534E-4,NO
199,478,1.095290251916758E-4,NO
200,105,7.302468234263182E-5,NO
201,252,2.1901007446342534E-4,NO
202,163,2.1901007446342534E-4,NO
203,348,0.9997809899255365,NO
204,77,2.1901007446342534E-4,NO
205,98,2.1901007446342534E-4,NO
206,45,2.1901007446342534E-4,NO
207,102,1.095290251916758E-4,NO
208,44,2.1901007446342534E-4,NO
209,51,1.095290251916758E-4,NO
210,73,1.095290251916758E-4,NO
211,55,2.1901007446342534E-4,NO
212,57,2.1901007446342534E-4,NO
213,103,1.095290251916758E-4,NO
214,121,2.1901007446342534E-4,NO
215,46,2.1901007446342534E-4,NO
216,75,2.1901007446342534E-4,NO
217,226,7.302468234263182E-5,NO
218,136,7.302468234263182E-5,NO
219,70,2.1901007446342534E-4,NO
220,160,7.302468234263182E-5,NO
221,27,2.1901007446342534E-4,NO
222,82,2.1901007446342534E-4,NO
223,96,2.1901007446342534E-4,NO
224,106,2.1901007446342534E-4,NO
225,165,7.302468234263182E-5,NO
226,72,2.1901007446342534E-4,NO
227,26,2.1901007446342534E-4,NO
228,24,7.302468234263182E-5,NO
229,810,0.9998904709748083,NO
230,1804,2.1901007446342534E-4,NO
231,48,2.1901007446342534E-4,NO
232,2747,2.1901007446342534E-4,NO
233,69,2.1901007446342534E-4,NO
234,23,2.1901007446342534E-4,NO
235,97,2.1901007446342534E-4,NO
236,144,0.5,NO
237,326,0.9997809899255365,NO
238,563,0.9997809899255365,NO
239,22,2.1901007446342534E-4,NO
240,83,2.1901007446342534E-4,NO
241,51,2.1901007446342534E-4,NO
242,43,2.1901007446342534E-4,NO
243,54,2.1901007446342534E-4,NO
244,43,2.1901007446342534E-4,NO
245,47,2.1901007446342534E-4,NO
246,33,2.1901007446342534E-4,NO
247,224,0.9997809899255365,NO
248,595,1.095290251916758E-4,NO
249,345,0.9997809899255365,NO
250,237,7.302468234263182E-5,NO
251,137,7.302468234263182E-5,NO
252,90,3.129890453834116E-5,NO
253,126,4.3817369205152925E-5,NO
254,47,7.302468234263182E-5,NO
255,69,5.477051155657794E-5,NO
256,40,5.477051155657794E-5,NO
257,130,4.3817369205152925E-5,NO
258,213,2.1901007446342534E-4,NO
259,115,7.302468234263182E-5,NO
260,167,1.095290251916758E-4,NO
261,283,2.1901007446342534E-4,NO
262,91,7.302468234263182E-5,NO
263,312,7.302468234263182E-5,NO
264,32,2.4343931057987246E-5,NO
265,337,7.302468234263182E-5,NO
266,807,2.1901007446342534E-4,NO
267,77,2.1901007446342534E-4,NO
268,87,2.4343931057987246E-5,NO
269,387,2.1901007446342534E-4,NO
270,107,0.9997809899255365,NO
271,141,0.9997809899255365,NO
272,814,2.1901007446342534E-4,NO
273,38,7.302468234263182E-5,NO
274,47,7.302468234263182E-5,NO
275,23,2.1909644625564174E-5,NO
276,23,2.1909644625564174E-5,NO
277,101,7.302468234263182E-5,NO
278,91,2.1901007446342534E-4,NO
279,272,1.095290251916758E-4,NO
280,23,2.1909644625564174E-5,NO
281,80,2.1909644625564174E-5,NO
282,97,2.738675576491209E-5,NO
283,382,3.6515007668151614E-5,NO
284,239,2.1909644625564174E-5,NO
285,44,7.302468234263182E-5,NO
286,76,2.1909644625564174E-5,NO
287,28,2.1909644625564174E-5,NO
288,89,2.1909644625564174E-5,NO
289,37,2.1909644625564174E-5,NO
290,36,2.1909644625564174E-5,NO
291,105,2.1909644625564174E-5,NO
292,193,1.095290251916758E-4,NO
293,70,2.1909644625564174E-5,NO
294,140,2.1909644625564174E-5,NO
295,25,3.6515007668151614E-5,NO
296,160,4.3817369205152925E-5,NO
297,23,3.6515007668151614E-5,NO
298,139,7.302468234263182E-5,NO
299,111,7.302468234263182E-5,NO
300,158,2.1901007446342534E-4,NO
301,34,2.738675576491209E-5,NO
302,357,7.302468234263182E-5,NO
303,70,2.1901007446342534E-4,NO
304,88,2.1901007446342534E-4,NO
305,79,2.1901007446342534E-4,NO
306,934,2.1901007446342534E-4,NO
307,67,7.302468234263182E-5,NO
308,216,7.302468234263182E-5,NO
309,265,0.9997809899255365,NO
310,155,7.302468234263182E-5,NO
311,23,2.1901007446342534E-4,NO
312,45,2.1901007446342534E-4,NO
313,23,2.1901007446342534E-4,NO
314,404,2.1901007446342534E-4,NO
315,246,2.1909644625564174E-5,NO
316,576,0.9997809899255365,NO
317,28,7.302468234263182E-5,NO
318,467,2.1901007446342534E-4,NO
319,508,1.095290251916758E-4,NO
320,526,1.095290251916758E-4,NO
321,82,1.095290251916758E-4,NO
322,532,1.095290251916758E-4,NO
323,266,3.129890453834116E-5,NO
324,274,7.302468234263182E-5,NO
325,28,7.302468234263182E-5,NO
326,69,7.302468234263182E-5,NO
327,139,2.1901007446342534E-4,NO
328,103,1.095290251916758E-4,NO
329,46,2.1901007446342534E-4,NO
330,220,2.4343931057987246E-5,NO
331,89,1.095290251916758E-4,NO
332,98,1.095290251916758E-4,NO
333,2186,2.1901007446342534E-4,NO
334,41,7.302468234263182E-5,NO
335,85,3.129890453834116E-5,NO
336,169,7.302468234263182E-5,NO
337,346,4.3817369205152925E-5,NO
338,131,2.1901007446342534E-4,NO
339,66,7.302468234263182E-5,NO
340,106,1.095290251916758E-4,NO
341,46,2.1901007446342534E-4,NO
342,157,1.095290251916758E-4,NO
343,185,0.9997809899255365,NO
344,126,7.302468234263182E-5,NO
345,66,2.1901007446342534E-4,NO
346,67,2.1901007446342534E-4,NO
347,289,7.302468234263182E-5,NO
348,94,2.1901007446342534E-4,NO
349,44,2.1901007446342534E-4,NO
350,95,1.095290251916758E-4,NO
351,44,2.1901007446342534E-4,NO
352,23,2.1901007446342534E-4,NO
353,23,2.1901007446342534E-4,NO
354,763,0.9997809899255365,NO
355,398,2.1901007446342534E-4,NO
356,333,0.9997809899255365,NO
357,138,1.095290251916758E-4,NO
358,59,7.302468234263182E-5,NO
359,78,7.302468234263182E-5,NO
360,53,2.1901007446342534E-4,NO
361,521,1.095290251916758E-4,NO
362,23,7.302468234263182E-5,NO
363,45,7.302468234263182E-5,NO
364,79,7.302468234263182E-5,NO
365,222,7.302468234263182E-5,NO
366,107,7.302468234263182E-5,NO
367,168,7.302468234263182E-5,NO
368,192,7.302468234263182E-5,NO
369,91,7.302468234263182E-5,NO
370,252,0.9997809899255365,NO
371,282,7.302468234263182E-5,NO
372,23,7.302468234263182E-5,NO
373,342,2.1901007446342534E-4,NO
374,69,2.1901007446342534E-4,NO
375,21,2.1901007446342534E-4,NO
376,39,2.1901007446342534E-4,NO
377,22,2.1901007446342534E-4,NO
378,217,2.1901007446342534E-4,NO
379,22,2.1901007446342534E-4,NO
380,76,2.1901007446342534E-4,NO
381,111,2.1901007446342534E-4,NO
382,81,2.1901007446342534E-4,NO
383,106,2.1901007446342534E-4,NO
384,112,7.302468234263182E-5,NO
385,87,2.1901007446342534E-4,NO
386,132,2.1901007446342534E-4,NO
387,97,2.1901007446342534E-4,NO
388,133,2.1901007446342534E-4,NO
389,177,0.9997809899255365,NO
390,148,2.1901007446342534E-4,NO
391,104,2.1901007446342534E-4,NO
392,120,2.1901007446342534E-4,NO
393,137,4.3817369205152925E-5,NO
394,76,2.1901007446342534E-4,NO
395,89,2.1901007446342534E-4,NO
396,23,2.1901007446342534E-4,NO
397,24,2.1901007446342534E-4,NO
398,62,2.1901007446342534E-4,NO
399,67,2.1901007446342534E-4,NO
400,66,1.095290251916758E-4,NO
401,63,2.1901007446342534E-4,NO
402,22,2.1901007446342534E-4,NO
403,60,7.302468234263182E-5,NO
404,38,2.1901007446342534E-4,NO
405,63,1.095290251916758E-4,NO
406,23,2.1901007446342534E-4,NO
407,79,2.1901007446342534E-4,NO
408,23,2.1901007446342534E-4,NO
409,176,2.1901007446342534E-4,NO
410,149,2.1901007446342534E-4,NO
411,23,2.1901007446342534E-4,NO
412,37,7.302468234263182E-5,NO
413,43,7.302468234263182E-5,NO
414,49,2.1901007446342534E-4,NO
415,418,2.1901007446342534E-4,NO
416,23,2.1901007446342534E-4,NO
417,58,0.2000262904215231,NO
418,23,2.1901007446342534E-4,NO
419,80,0.2000262904215231,NO
420,23,3.129890453834116E-5,NO
421,91,2.1901007446342534E-4,NO
422,23,3.129890453834116E-5,NO
423,23,3.129890453834116E-5,NO
424,25,3.129890453834116E-5,NO
425,48,2.1901007446342534E-4,NO
426,52,2.1901007446342534E-4,NO
427,53,2.1901007446342534E-4,NO
428,57,0.2000262904215231,NO
429,24,3.129890453834116E-5,NO
430,26,3.129890453834116E-5,NO
431,60,0.2000262904215231,NO
432,334,7.302468234263182E-5,NO
433,42,3.129890453834116E-5,NO
434,60,7.302468234263182E-5,NO
435,294,7.302468234263182E-5,NO
436,77,1.095290251916758E-4,NO
437,677,0.5,NO
438,56,1.095290251916758E-4,NO
439,163,1.095290251916758E-4,NO
440,56,1.095290251916758E-4,NO
441,133,7.302468234263182E-5,NO
442,536,2.1901007446342534E-4,NO
443,121,2.1901007446342534E-4,NO
444,77,1.095290251916758E-4,NO
445,175,2.1901007446342534E-4,NO
446,81,2.1901007446342534E-4,NO
447,432,7.302468234263182E-5,NO
448,129,2.1909644625564174E-5,NO
449,48,2.738675576491209E-5,NO
450,164,7.302468234263182E-5,NO
451,172,1.095290251916758E-4,NO
452,43,1.095290251916758E-4,NO
453,73,5.477051155657794E-5,NO
454,302,7.302468234263182E-5,NO
455,551,7.302468234263182E-5,NO
456,424,7.302468234263182E-5,NO
457,732,4.3817369205152925E-5,NO
458,562,7.302468234263182E-5,NO
459,493,7.302468234263182E-5,NO
460,416,7.302468234263182E-5,NO
461,359,7.302468234263182E-5,NO
462,23,2.1901007446342534E-4,NO
463,23,2.1901007446342534E-4,NO
464,694,4.3817369205152925E-5,NO
465,177,2.1901007446342534E-4,NO
466,116,2.1901007446342534E-4,NO
467,20,2.1901007446342534E-4,NO
468,69,2.1901007446342534E-4,NO
469,62,2.1901007446342534E-4,NO
470,34,2.1901007446342534E-4,NO
471,23,2.1901007446342534E-4,NO
472,41,4.3817369205152925E-5,NO
473,50,2.1901007446342534E-4,NO
474,55,2.1901007446342534E-4,NO
475,1468,2.1901007446342534E-4,NO
476,187,2.1901007446342534E-4,NO
477,162,2.1901007446342534E-4,NO
478,23,2.1901007446342534E-4,NO
479,143,2.1901007446342534E-4,NO
480,74,1.095290251916758E-4,NO
481,109,5.477051155657794E-5,NO
482,144,2.1901007446342534E-4,NO
483,75,1.095290251916758E-4,NO
484,112,0.9997809899255365,NO
485,33,2.1901007446342534E-4,NO
486,92,5.477051155657794E-5,NO
487,108,5.477051155657794E-5,NO
488,612,3.6515007668151614E-5,NO
489,20,2.1901007446342534E-4,NO
490,20,7.302468234263182E-5,NO
491,199,2.1901007446342534E-4,NO
492,56,2.1901007446342534E-4,NO
493,200,7.302468234263182E-5,NO
494,60,1.095290251916758E-4,NO
495,75,2.1901007446342534E-4,NO
496,150,2.1901007446342534E-4,NO
497,40,5.477051155657794E-5,NO
498,20,2.1901007446342534E-4,NO
499,60,1.095290251916758E-4,NO
500,88,1.095290251916758E-4,NO
501,67,7.302468234263182E-5,NO
502,76,1.095290251916758E-4,NO
503,21,7.302468234263182E-5,NO
504,53,7.302468234263182E-5,NO
505,114,1.095290251916758E-4,NO
506,121,1.095290251916758E-4,NO
507,78,1.095290251916758E-4,NO
508,20,7.302468234263182E-5,NO
509,69,7.302468234263182E-5,NO
510,80,7.302468234263182E-5,NO
511,79,7.302468234263182E-5,NO
512,81,1.095290251916758E-4,NO
513,88,1.095290251916758E-4,NO
514,20,7.302468234263182E-5,NO
515,105,1.095290251916758E-4,NO
516,60,1.095290251916758E-4,NO
517,50,7.302468234263182E-5,NO
518,28,7.302468234263182E-5,NO
519,129,1.095290251916758E-4,NO
520,43,7.302468234263182E-5,NO
521,76,7.302468234263182E-5,NO
522,63,3.129890453834116E-5,NO
523,65,7.302468234263182E-5,NO
524,76,1.095290251916758E-4,NO
525,45,7.302468234263182E-5,NO
526,20,7.302468234263182E-5,NO
527,212,3.6515007668151614E-5,NO
528,95,1.095290251916758E-4,NO
529,34,5.477051155657794E-5,NO
530,35,5.477051155657794E-5,NO
531,34,5.477051155657794E-5,NO
532,32,7.302468234263182E-5,NO
533,188,3.6515007668151614E-5,NO
534,53,5.477051155657794E-5,NO
535,30,7.302468234263182E-5,NO
536,101,1.095290251916758E-4,NO
537,125,1.095290251916758E-4,NO
538,179,3.6515007668151614E-5,NO
539,123,1.095290251916758E-4,NO
540,88,1.095290251916758E-4,NO
541,88,1.095290251916758E-4,NO
542,171,3.6515007668151614E-5,NO
543,31,7.302468234263182E-5,NO
544,30,7.302468234263182E-5,NO
545,31,7.302468234263182E-5,NO
546,77,7.302468234263182E-5,NO
547,77,7.302468234263182E-5,NO
548,86,2.1901007446342534E-4,NO
549,92,5.477051155657794E-5,NO
550,61,3.6515007668151614E-5,NO
551,64,3.6515007668151614E-5,NO
552,64,3.6515007668151614E-5,NO
553,103,3.6515007668151614E-5,NO
554,46,7.302468234263182E-5,NO
555,48,3.6515007668151614E-5,NO
556,48,3.6515007668151614E-5,NO
557,49,3.6515007668151614E-5,NO
558,49,7.302468234263182E-5,NO
559,130,3.6515007668151614E-5,NO
560,82,3.6515007668151614E-5,NO
561,25,3.6515007668151614E-5,NO
562,193,3.6515007668151614E-5,NO
563,114,3.6515007668151614E-5,NO
564,114,3.6515007668151614E-5,NO
565,132,3.6515007668151614E-5,NO
566,79,3.6515007668151614E-5,NO
567,79,3.6515007668151614E-5,NO
568,34,3.6515007668151614E-5,NO
569,49,3.6515007668151614E-5,NO
570,44,2.4343931057987246E-5,NO
571,58,3.6515007668151614E-5,NO
572,92,3.6515007668151614E-5,NO
573,92,3.6515007668151614E-5,NO
574,109,3.6515007668151614E-5,NO
575,80,3.6515007668151614E-5,NO
576,22,3.6515007668151614E-5,NO
577,22,3.6515007668151614E-5,NO
578,205,3.6515007668151614E-5,NO
579,73,3.6515007668151614E-5,NO
580,52,3.6515007668151614E-5,NO
581,85,3.6515007668151614E-5,NO
582,69,3.6515007668151614E-5,NO
583,21,3.6515007668151614E-5,NO
584,104,3.6515007668151614E-5,NO
585,82,2.1901007446342534E-4,NO
586,125,1.095290251916758E-4,NO
587,180,5.477051155657794E-5,NO
588,95,0.3333576748941142,NO
589,214,1.095290251916758E-4,NO
590,40,5.477051155657794E-5,NO
591,37,5.477051155657794E-5,NO
592,22,5.477051155657794E-5,NO
593,26,5.477051155657794E-5,NO
594,77,5.477051155657794E-5,NO
595,116,2.1901007446342534E-4,NO
596,274,2.1901007446342534E-4,NO
597,29,5.477051155657794E-5,NO
598,99,2.1901007446342534E-4,NO
599,262,2.1901007446342534E-4,NO
600,95,2.1901007446342534E-4,NO
601,46,5.477051155657794E-5,NO
602,22,5.477051155657794E-5,NO
603,74,5.477051155657794E-5,NO
604,69,5.477051155657794E-5,NO
605,76,5.477051155657794E-5,NO
606,175,2.1901007446342534E-4,NO
607,78,5.477051155657794E-5,NO
608,69,5.477051155657794E-5,NO
609,100,2.1901007446342534E-4,NO
610,83,5.477051155657794E-5,NO
611,22,5.477051155657794E-5,NO
612,82,5.477051155657794E-5,NO
613,62,5.477051155657794E-5,NO
614,68,5.477051155657794E-5,NO
615,59,5.477051155657794E-5,NO
616,112,2.1901007446342534E-4,NO
617,68,5.477051155657794E-5,NO
618,54,5.477051155657794E-5,NO
619,94,2.1901007446342534E-4,NO
620,80,5.477051155657794E-5,NO
621,22,5.477051155657794E-5,NO
622,21,5.477051155657794E-5,NO
623,76,5.477051155657794E-5,NO
624,63,5.477051155657794E-5,NO
625,43,5.477051155657794E-5,NO
626,86,5.477051155657794E-5,NO
627,67,5.477051155657794E-5,NO
628,80,5.477051155657794E-5,NO
629,97,2.1901007446342534E-4,NO
630,76,5.477051155657794E-5,NO
631,65,5.477051155657794E-5,NO
632,22,5.477051155657794E-5,NO
633,47,5.477051155657794E-5,NO
634,35,5.477051155657794E-5,NO
635,31,5.477051155657794E-5,NO
636,35,5.477051155657794E-5,NO
637,41,5.477051155657794E-5,NO
638,36,5.477051155657794E-5,NO
639,59,5.477051155657794E-5,NO
640,39,5.477051155657794E-5,NO
641,41,5.477051155657794E-5,NO
642,36,5.477051155657794E-5,NO
643,33,5.477051155657794E-5,NO
644,52,5.477051155657794E-5,NO
645,21,5.477051155657794E-5,NO
646,27,5.477051155657794E-5,NO
647,26,5.477051155657794E-5,NO
648,29,5.477051155657794E-5,NO
649,33,5.477051155657794E-5,NO
650,28,5.477051155657794E-5,NO
651,28,5.477051155657794E-5,NO
652,33,5.477051155657794E-5,NO
653,232,2.1901007446342534E-4,NO
654,24,5.477051155657794E-5,NO
655,27,5.477051155657794E-5,NO
656,37,5.477051155657794E-5,NO
657,41,5.477051155657794E-5,NO
658,18,5.477051155657794E-5,NO
659,21,5.477051155657794E-5,NO
660,43,5.477051155657794E-5,NO
661,45,5.477051155657794E-5,NO
662,46,5.477051155657794E-5,NO
663,42,5.477051155657794E-5,NO
664,28,5.477051155657794E-5,NO
665,51,5.477051155657794E-5,NO
666,50,5.477051155657794E-5,NO
667,31,5.477051155657794E-5,NO
668,18,5.477051155657794E-5,NO
669,23,5.477051155657794E-5,NO
670,29,5.477051155657794E-5,NO
671,22,5.477051155657794E-5,NO
672,192,2.1901007446342534E-4,NO
673,39,5.477051155657794E-5,NO
674,40,5.477051155657794E-5,NO
675,90,5.477051155657794E-5,NO
676,33,5.477051155657794E-5,NO
677,33,5.477051155657794E-5,NO
678,37,5.477051155657794E-5,NO
679,39,5.477051155657794E-5,NO
680,58,5.477051155657794E-5,NO
681,22,5.477051155657794E-5,NO
682,22,5.477051155657794E-5,NO
683,58,5.477051155657794E-5,NO
684,22,5.477051155657794E-5,NO
685,82,5.477051155657794E-5,NO
686,64,5.477051155657794E-5,NO
687,65,5.477051155657794E-5,NO
688,21,5.477051155657794E-5,NO
689,22,5.477051155657794E-5,NO
690,107,2.1901007446342534E-4,NO
691,127,2.1901007446342534E-4,NO
692,47,5.477051155657794E-5,NO
693,133,2.1901007446342534E-4,NO
694,22,5.477051155657794E-5,NO
695,21,5.477051155657794E-5,NO
696,109,2.1901007446342534E-4,NO
697,23,5.477051155657794E-5,NO
698,39,5.477051155657794E-5,NO
699,40,5.477051155657794E-5,NO
700,31,5.477051155657794E-5,NO
701,31,5.477051155657794E-5,NO
702,31,5.477051155657794E-5,NO
703,31,5.477051155657794E-5,NO
704,42,5.477051155657794E-5,NO
705,31,5.477051155657794E-5,NO
706,31,5.477051155657794E-5,NO
707,22,5.477051155657794E-5,NO
708,125,2.1901007446342534E-4,NO
709,163,2.1901007446342534E-4,NO
710,21,5.477051155657794E-5,NO
711,185,2.1901007446342534E-4,NO
712,29,5.477051155657794E-5,NO
713,93,2.1901007446342534E-4,NO
714,61,5.477051155657794E-5,NO
715,71,5.477051155657794E-5,NO
716,22,5.477051155657794E-5,NO
717,142,2.1901007446342534E-4,NO
718,78,5.477051155657794E-5,NO
719,122,2.1901007446342534E-4,NO
720,237,2.1901007446342534E-4,NO
721,153,2.1901007446342534E-4,NO
722,59,5.477051155657794E-5,NO
723,35,5.477051155657794E-5,NO
724,42,5.477051155657794E-5,NO
725,45,5.477051155657794E-5,NO
726,100,2.1901007446342534E-4,NO
727,78,5.477051155657794E-5,NO
728,62,5.477051155657794E-5,NO
729,25,5.477051155657794E-5,NO
730,95,2.1901007446342534E-4,NO
731,22,5.477051155657794E-5,NO
732,22,5.477051155657794E-5,NO
733,117,2.1901007446342534E-4,NO
734,23,5.477051155657794E-5,NO
735,90,5.477051155657794E-5,NO
736,22,5.477051155657794E-5,NO
737,36,5.477051155657794E-5,NO
738,135,2.1901007446342534E-4,NO
739,67,5.477051155657794E-5,NO
740,162,2.1901007446342534E-4,NO
741,122,2.1901007446342534E-4,NO
742,76,5.477051155657794E-5,NO
743,22,5.477051155657794E-5,NO
744,82,5.477051155657794E-5,NO
745,352,0.9997809899255365,NO
746,308,2.1901007446342534E-4,NO
747,266,2.1901007446342534E-4,NO
748,38,5.477051155657794E-5,NO
749,89,5.477051155657794E-5,NO
750,18,5.477051155657794E-5,NO
751,57,5.477051155657794E-5,NO
752,86,5.477051155657794E-5,NO
753,69,5.477051155657794E-5,NO
754,25,5.477051155657794E-5,NO
755,31,5.477051155657794E-5,NO
756,21,5.477051155657794E-5,NO
757,158,2.1901007446342534E-4,NO
758,21,5.477051155657794E-5,NO
759,38,5.477051155657794E-5,NO
760,51,5.477051155657794E-5,NO
761,23,5.477051155657794E-5,NO
762,126,2.1901007446342534E-4,NO
763,38,5.477051155657794E-5,NO
764,55,5.477051155657794E-5,NO
765,22,5.477051155657794E-5,NO
766,47,5.477051155657794E-5,NO
767,37,5.477051155657794E-5,NO
768,24,5.477051155657794E-5,NO
769,41,5.477051155657794E-5,NO
770,38,5.477051155657794E-5,NO
771,48,5.477051155657794E-5,NO
772,22,5.477051155657794E-5,NO
773,60,5.477051155657794E-5,NO
774,35,5.477051155657794E-5,NO
775,42,5.477051155657794E-5,NO
776,67,5.477051155657794E-5,NO
777,33,5.477051155657794E-5,NO
778,76,5.477051155657794E-5,NO
779,91,2.1901007446342534E-4,NO
780,38,5.477051155657794E-5,NO
781,97,2.1901007446342534E-4,NO
782,28,5.477051155657794E-5,NO
783,36,5.477051155657794E-5,NO
784,23,5.477051155657794E-5,NO
785,35,2.1901007446342534E-4,NO
786,21,2.1901007446342534E-4,NO
787,161,2.1901007446342534E-4,NO
788,22,2.738675576491209E-5,NO
789,72,2.1901007446342534E-4,NO
790,33,2.738675576491209E-5,NO
791,32,2.1901007446342534E-4,NO
792,187,2.1901007446342534E-4,NO
793,28,2.1901007446342534E-4,NO
794,39,2.1901007446342534E-4,NO
795,21,2.1901007446342534E-4,NO
796,31,2.1901007446342534E-4,NO
797,21,2.1901007446342534E-4,NO
798,22,2.738675576491209E-5,NO
799,27,2.1901007446342534E-4,NO
800,62,2.1901007446342534E-4,NO
801,95,2.1901007446342534E-4,NO
802,22,2.738675576491209E-5,NO
803,208,2.1901007446342534E-4,NO
804,54,7.302468234263182E-5,NO
805,21,2.738675576491209E-5,NO
806,57,2.1901007446342534E-4,NO
807,37,2.1901007446342534E-4,NO
808,36,2.1901007446342534E-4,NO
809,28,2.1901007446342534E-4,NO
810,57,2.1901007446342534E-4,NO
811,94,2.1901007446342534E-4,NO
812,35,2.1901007446342534E-4,NO
813,44,7.302468234263182E-5,NO
814,31,2.1901007446342534E-4,NO
815,31,2.1901007446342534E-4,NO
816,22,2.738675576491209E-5,NO
817,41,2.1901007446342534E-4,NO
818,185,2.1901007446342534E-4,NO
819,48,7.302468234263182E-5,NO
820,46,7.302468234263182E-5,NO
821,34,2.1901007446342534E-4,NO
822,80,1.095290251916758E-4,NO
823,55,2.1901007446342534E-4,NO
824,59,2.1901007446342534E-4,NO
825,88,2.1901007446342534E-4,NO
826,21,2.1901007446342534E-4,NO
827,40,2.1901007446342534E-4,NO
828,235,2.1901007446342534E-4,NO
829,22,2.738675576491209E-5,NO
830,202,2.1901007446342534E-4,NO
831,108,2.1901007446342534E-4,NO
832,32,2.1901007446342534E-4,NO
833,556,2.1901007446342534E-4,NO
834,768,2.1901007446342534E-4,NO
835,531,3.6515007668151614E-5,NO
836,1078,0.9997809899255365,NO
837,347,0.9997809899255365,NO
838,724,2.1901007446342534E-4,NO
839,409,3.6515007668151614E-5,NO
840,1383,2.1901007446342534E-4,NO
841,1336,2.1901007446342534E-4,NO
842,291,7.302468234263182E-5,NO
843,113,2.1901007446342534E-4,NO
844,89,0.9997809899255365,NO
845,292,2.1901007446342534E-4,NO
846,218,7.302468234263182E-5,NO
847,3601,0.5,NO
848,72,0.9997809899255365,NO
849,231,7.302468234263182E-5,NO
850,70,2.1901007446342534E-4,NO
851,63,2.1901007446342534E-4,NO
852,110,2.1901007446342534E-4,NO
853,158,2.1901007446342534E-4,NO
854,227,2.1901007446342534E-4,NO
855,343,7.302468234263182E-5,NO
856,1157,0.9997809899255365,NO
857,73,2.1901007446342534E-4,NO
858,72,2.1901007446342534E-4,NO
859,981,2.1901007446342534E-4,NO
860,765,0.9997809899255365,NO
861,62,2.1901007446342534E-4,NO
862,409,7.302468234263182E-5,NO
863,234,7.302468234263182E-5,NO
864,74,2.1901007446342534E-4,NO
865,58,2.1901007446342534E-4,NO
866,21,2.1901007446342534E-4,NO
867,931,0.9997809899255365,NO
868,21,2.1901007446342534E-4,NO
869,77,2.1901007446342534E-4,NO
870,85,2.1901007446342534E-4,NO
871,427,2.1901007446342534E-4,NO
872,198,2.1901007446342534E-4,NO
873,79,2.1901007446342534E-4,NO
874,52,2.1901007446342534E-4,NO
875,217,2.1901007446342534E-4,NO
876,279,2.1901007446342534E-4,NO
877,22,0.9997809899255365,NO
878,25,2.1901007446342534E-4,NO
879,42,2.1901007446342534E-4,NO
880,67,2.1901007446342534E-4,NO
881,23,2.1901007446342534E-4,NO
882,637,0.9997809899255365,NO
883,23,2.1901007446342534E-4,NO
884,37,2.1901007446342534E-4,NO
885,35,2.1901007446342534E-4,NO
886,35,0.9997809899255365,NO
887,84,0.9997809899255365,NO
888,449,2.1901007446342534E-4,NO
889,58,2.1901007446342534E-4,NO
890,92,2.1901007446342534E-4,NO
891,32,2.1901007446342534E-4,NO
892,521,0.9997809899255365,NO
893,24,2.1901007446342534E-4,NO
894,42,0.9997809899255365,NO
895,42,0.9997809899255365,NO
896,36,0.9997809899255365,NO
897,21,2.1901007446342534E-4,NO
898,94,2.1901007446342534E-4,NO
899,388,0.9997809899255365,NO
900,21,2.1901007446342534E-4,NO
901,53,2.1901007446342534E-4,NO
902,21,2.1901007446342534E-4,NO
903,105,2.1901007446342534E-4,NO
904,76,0.9997809899255365,NO
905,29,2.1901007446342534E-4,NO
906,48,2.1901007446342534E-4,NO
907,137,2.1901007446342534E-4,NO
908,21,2.1901007446342534E-4,NO
909,42,2.1901007446342534E-4,NO
910,21,2.1901007446342534E-4,NO
911,646,2.1901007446342534E-4,NO
912,132,1.095290251916758E-4,NO
913,90,2.1901007446342534E-4,NO
914,499,1.095290251916758E-4,NO
915,268,7.302468234263182E-5,NO
916,135,1.095290251916758E-4,NO
917,240,2.1901007446342534E-4,NO
918,383,0.9997809899255365,NO
919,21,2.1901007446342534E-4,NO
920,768,2.1901007446342534E-4,NO
921,21,2.1901007446342534E-4,NO
922,83,0.9997809899255365,NO
923,886,2.1901007446342534E-4,NO
924,287,2.1901007446342534E-4,NO
925,63,2.1901007446342534E-4,NO
926,129,2.1901007446342534E-4,NO
927,71,0.9997809899255365,NO
928,21,2.1901007446342534E-4,NO
929,400,2.1901007446342534E-4,NO
930,961,2.1901007446342534E-4,NO
931,76,0.9997809899255365,NO
932,21,2.1901007446342534E-4,NO
933,21,2.1901007446342534E-4,NO
934,123,1.095290251916758E-4,NO
935,151,2.1901007446342534E-4,NO
936,21,2.1901007446342534E-4,NO
937,131,2.1901007446342534E-4,NO
938,189,2.1901007446342534E-4,NO
939,37,2.1901007446342534E-4,NO
940,61,0.9997809899255365,NO
941,21,2.1901007446342534E-4,NO
942,81,2.1901007446342534E-4,NO
943,74,0.9997809899255365,NO
944,58,2.1901007446342534E-4,NO
945,51,2.1901007446342534E-4,NO
946,26,2.1901007446342534E-4,NO
947,21,2.1901007446342534E-4,NO
948,54,2.1901007446342534E-4,NO
949,43,2.1901007446342534E-4,NO
950,33,2.1901007446342534E-4,NO
951,36,2.1901007446342534E-4,NO
952,37,2.1901007446342534E-4,NO
953,28,2.1901007446342534E-4,NO
954,34,2.1901007446342534E-4,NO
955,36,2.1901007446342534E-4,NO
956,34,2.1901007446342534E-4,NO
957,99,2.1901007446342534E-4,NO
958,52,0.9997809899255365,NO
959,128,2.1901007446342534E-4,NO
960,38,2.1901007446342534E-4,NO
961,525,2.1901007446342534E-4,NO
962,1361,2.1901007446342534E-4,NO
963,129,2.1901007446342534E-4,NO
964,21,2.1901007446342534E-4,NO
965,114,2.1901007446342534E-4,NO
966,72,2.1901007446342534E-4,NO
967,70,2.1901007446342534E-4,NO
968,42,2.1901007446342534E-4,NO
969,99,2.1901007446342534E-4,NO
970,163,2.1901007446342534E-4,NO
971,46,2.1901007446342534E-4,NO
972,85,2.1901007446342534E-4,NO
973,247,2.1901007446342534E-4,NO
974,36,2.1901007446342534E-4,NO
975,37,2.1901007446342534E-4,NO
976,49,2.1901007446342534E-4,NO
977,21,2.1901007446342534E-4,NO
978,39,2.1901007446342534E-4,NO
979,227,2.1901007446342534E-4,NO
980,55,7.302468234263182E-5,NO
981,175,2.1901007446342534E-4,NO
982,102,2.1901007446342534E-4,NO
983,64,1.095290251916758E-4,NO
984,67,2.1901007446342534E-4,NO
985,180,7.302468234263182E-5,NO
986,127,1.095290251916758E-4,NO
987,51,2.1901007446342534E-4,NO
988,120,2.1901007446342534E-4,NO
989,21,2.1901007446342534E-4,NO
990,138,2.1901007446342534E-4,NO
991,181,7.302468234263182E-5,NO
992,61,2.1901007446342534E-4,NO
993,21,2.1901007446342534E-4,NO
994,114,2.1901007446342534E-4,NO
995,66,2.1901007446342534E-4,NO
996,72,2.1901007446342534E-4,NO
997,75,2.1901007446342534E-4,NO
998,33,2.1901007446342534E-4,NO
999,21,2.1901007446342534E-4,NO
1000,46,2.1901007446342534E-4,NO
1001,46,2.1901007446342534E-4,NO
1002,51,2.1901007446342534E-4,NO
1003,38,2.1901007446342534E-4,NO
1004,40,2.1901007446342534E-4,NO
1005,21,2.1901007446342534E-4,NO
1006,781,0.9997809899255365,NO
1007,1323,2.1901007446342534E-4,NO
1008,21,2.1901007446342534E-4,NO
1009,2645,2.1901007446342534E-4,NO
1010,246,2.1901007446342534E-4,NO
1011,21,2.1901007446342534E-4,NO
1012,100,1.095290251916758E-4,NO
1013,57,1.095290251916758E-4,NO
1014,68,1.095290251916758E-4,NO
1015,372,2.1901007446342534E-4,NO
1016,147,7.302468234263182E-5,NO
1017,45,1.095290251916758E-4,NO
1018,116,1.095290251916758E-4,NO
1019,40,1.095290251916758E-4,NO
1020,97,1.095290251916758E-4,NO
1021,758,0.9997809899255365,NO
1022,21,1.095290251916758E-4,NO
1023,55,1.095290251916758E-4,NO
1024,199,7.302468234263182E-5,NO
1025,64,1.095290251916758E-4,NO
1026,103,1.095290251916758E-4,NO
1027,71,1.095290251916758E-4,NO
1028,245,2.1901007446342534E-4,NO
1029,21,1.095290251916758E-4,NO
1030,343,2.1901007446342534E-4,NO
1031,244,1.095290251916758E-4,NO
1032,142,2.1901007446342534E-4,NO
1033,22,2.1901007446342534E-4,NO
1034,266,1.095290251916758E-4,NO
1035,126,1.095290251916758E-4,NO
1036,170,1.095290251916758E-4,NO
1037,648,2.1901007446342534E-4,NO
1038,150,1.095290251916758E-4,NO
1039,65,1.095290251916758E-4,NO
1040,119,1.095290251916758E-4,NO
1041,42,1.095290251916758E-4,NO
1042,54,1.095290251916758E-4,NO
1043,32,1.095290251916758E-4,NO
1044,30,1.095290251916758E-4,NO
1045,40,1.095290251916758E-4,NO
1046,30,1.095290251916758E-4,NO
1047,34,1.095290251916758E-4,NO
1048,58,1.095290251916758E-4,NO
1049,34,1.095290251916758E-4,NO
1050,34,1.095290251916758E-4,NO
1051,30,1.095290251916758E-4,NO
1052,30,1.095290251916758E-4,NO
1053,49,1.095290251916758E-4,NO
1054,34,1.095290251916758E-4,NO
1055,38,1.095290251916758E-4,NO
1056,30,1.095290251916758E-4,NO
1057,34,1.095290251916758E-4,NO
1058,31,1.095290251916758E-4,NO
1059,42,1.095290251916758E-4,NO
1060,30,1.095290251916758E-4,NO
1061,29,1.095290251916758E-4,NO
1062,30,1.095290251916758E-4,NO
1063,31,1.095290251916758E-4,NO
1064,32,1.095290251916758E-4,NO
1065,31,1.095290251916758E-4,NO
1066,30,1.095290251916758E-4,NO
1067,34,1.095290251916758E-4,NO
1068,30,1.095290251916758E-4,NO
1069,37,1.095290251916758E-4,NO
1070,38,1.095290251916758E-4,NO
1071,31,1.095290251916758E-4,NO
1072,32,1.095290251916758E-4,NO
1073,31,1.095290251916758E-4,NO
1074,34,1.095290251916758E-4,NO
1075,30,1.095290251916758E-4,NO
1076,122,1.095290251916758E-4,NO
1077,30,1.095290251916758E-4,NO
1078,30,1.095290251916758E-4,NO
1079,30,1.095290251916758E-4,NO
1080,45,1.095290251916758E-4,NO
1081,38,1.095290251916758E-4,NO
1082,30,1.095290251916758E-4,NO
1083,43,1.095290251916758E-4,NO
1084,31,1.095290251916758E-4,NO
1085,21,1.095290251916758E-4,NO
1086,21,1.095290251916758E-4,NO
1087,110,1.095290251916758E-4,NO
1088,59,1.095290251916758E-4,NO
1089,22,1.095290251916758E-4,NO
1090,354,2.1901007446342534E-4,NO
1091,38,1.095290251916758E-4,NO
1092,22,1.095290251916758E-4,NO
1093,69,1.095290251916758E-4,NO
1094,324,0.9997809899255365,NO
1095,100,1.095290251916758E-4,NO
1096,18,1.095290251916758E-4,NO
1097,51,1.095290251916758E-4,NO
1098,247,2.4343931057987246E-5,NO
1099,33,1.095290251916758E-4,NO
1100,34,1.095290251916758E-4,NO
1101,34,1.095290251916758E-4,NO
1102,18,1.095290251916758E-4,NO
1103,37,1.095290251916758E-4,NO
1104,18,1.095290251916758E-4,NO
1105,49,1.095290251916758E-4,NO
1106,138,1.095290251916758E-4,NO
1107,109,1.095290251916758E-4,NO
1108,79,1.095290251916758E-4,NO
1109,68,1.095290251916758E-4,NO
1110,73,1.095290251916758E-4,NO
1111,18,1.095290251916758E-4,NO
1112,53,1.095290251916758E-4,NO
1113,44,1.095290251916758E-4,NO
1114,22,1.095290251916758E-4,NO
1115,18,1.095290251916758E-4,NO
1116,85,1.095290251916758E-4,NO
1117,131,4.3817369205152925E-5,NO
1118,53,1.095290251916758E-4,NO
1119,57,1.095290251916758E-4,NO
1120,64,1.095290251916758E-4,NO
1121,18,1.095290251916758E-4,NO
1122,75,1.095290251916758E-4,NO
1123,66,1.095290251916758E-4,NO
1124,74,1.095290251916758E-4,NO
1125,33,1.095290251916758E-4,NO
1126,54,1.095290251916758E-4,NO
1127,53,1.095290251916758E-4,NO
1128,23,1.095290251916758E-4,NO
1129,39,1.095290251916758E-4,NO
1130,50,1.095290251916758E-4,NO
1131,31,1.095290251916758E-4,NO
1132,39,1.095290251916758E-4,NO
1133,39,1.095290251916758E-4,NO
1134,22,1.095290251916758E-4,NO
1135,27,1.095290251916758E-4,NO
1136,28,1.095290251916758E-4,NO
1137,30,1.095290251916758E-4,NO
1138,34,1.095290251916758E-4,NO
1139,41,1.095290251916758E-4,NO
1140,59,1.095290251916758E-4,NO
1141,31,1.095290251916758E-4,NO
1142,51,1.095290251916758E-4,NO
1143,72,1.095290251916758E-4,NO
1144,23,1.095290251916758E-4,NO
1145,507,0.5,NO
1146,48,1.095290251916758E-4,NO
1147,77,1.095290251916758E-4,NO
1148,43,1.095290251916758E-4,NO
1149,38,1.095290251916758E-4,NO
1150,47,1.095290251916758E-4,NO
1151,22,1.095290251916758E-4,NO
1152,22,1.095290251916758E-4,NO
1153,86,1.095290251916758E-4,NO
1154,43,1.095290251916758E-4,NO
1155,518,0.5,NO
1156,37,1.095290251916758E-4,NO
1157,23,1.095290251916758E-4,NO
1158,97,1.095290251916758E-4,NO
1159,107,1.095290251916758E-4,NO
1160,177,2.1901007446342534E-4,NO
1161,688,0.5,NO
1162,23,1.095290251916758E-4,NO
1163,152,7.302468234263182E-5,NO
1164,139,1.095290251916758E-4,NO
1165,140,1.095290251916758E-4,NO
1166,129,1.095290251916758E-4,NO
1167,1046,0.9997809899255365,NO
1168,46,1.095290251916758E-4,NO
1169,271,2.1901007446342534E-4,NO
1170,112,1.095290251916758E-4,NO
1171,95,1.095290251916758E-4,NO
1172,107,1.095290251916758E-4,NO
1173,143,1.095290251916758E-4,NO
1174,22,1.095290251916758E-4,NO
1175,22,1.095290251916758E-4,NO
1176,22,1.095290251916758E-4,NO
1177,44,1.095290251916758E-4,NO
1178,77,1.095290251916758E-4,NO
1179,168,7.302468234263182E-5,NO
1180,236,2.1901007446342534E-4,NO
1181,131,1.095290251916758E-4,NO
1182,154,1.095290251916758E-4,NO
1183,232,1.095290251916758E-4,NO
1184,142,1.095290251916758E-4,NO
1185,23,1.095290251916758E-4,NO
1186,110,1.095290251916758E-4,NO
1187,21,1.095290251916758E-4,NO
1188,22,1.095290251916758E-4,NO
1189,22,1.095290251916758E-4,NO
1190,22,1.095290251916758E-4,NO
1191,42,1.095290251916758E-4,NO
1192,46,1.095290251916758E-4,NO
1193,18,1.095290251916758E-4,NO
1194,39,1.095290251916758E-4,NO
1195,22,1.095290251916758E-4,NO
1196,38,1.095290251916758E-4,NO
1197,25,1.095290251916758E-4,NO
1198,104,1.095290251916758E-4,NO
1199,22,1.095290251916758E-4,NO
1200,92,1.095290251916758E-4,NO
1201,22,1.095290251916758E-4,NO
1202,17,1.095290251916758E-4,NO
1203,58,1.095290251916758E-4,NO
1204,31,1.095290251916758E-4,NO
1205,27,1.095290251916758E-4,NO
1206,36,1.095290251916758E-4,NO
1207,58,1.095290251916758E-4,NO
1208,31,1.095290251916758E-4,NO
1209,22,1.095290251916758E-4,NO
1210,68,1.095290251916758E-4,NO
1211,17,1.095290251916758E-4,NO
1212,31,1.095290251916758E-4,NO
1213,28,1.095290251916758E-4,NO
1214,31,1.095290251916758E-4,NO
1215,36,1.095290251916758E-4,NO
1216,17,1.095290251916758E-4,NO
1217,17,1.095290251916758E-4,NO
1218,144,1.095290251916758E-4,NO
1219,123,1.095290251916758E-4,NO
1220,44,1.095290251916758E-4,NO
1221,70,1.095290251916758E-4,NO
1222,208,2.1901007446342534E-4,NO
1223,106,1.095290251916758E-4,NO
1224,36,1.095290251916758E-4,NO
1225,338,2.1901007446342534E-4,NO
1226,292,2.1901007446342534E-4,NO
1227,22,1.095290251916758E-4,NO
1228,56,1.095290251916758E-4,NO
1229,56,1.095290251916758E-4,NO
1230,36,1.095290251916758E-4,NO
1231,145,7.302468234263182E-5,NO
1232,37,1.095290251916758E-4,NO
1233,662,0.5,NO
1234,22,1.095290251916758E-4,NO
1235,475,0.5,NO
1236,22,1.095290251916758E-4,NO
1237,22,1.095290251916758E-4,NO
1238,58,1.095290251916758E-4,NO
1239,164,7.302468234263182E-5,NO
1240,77,1.095290251916758E-4,NO
1241,348,2.1901007446342534E-4,NO
1242,45,1.095290251916758E-4,NO
1243,139,7.302468234263182E-5,NO
1244,119,1.095290251916758E-4,NO
1245,113,1.095290251916758E-4,NO
1246,163,7.302468234263182E-5,NO
1247,117,1.095290251916758E-4,NO
1248,18,1.095290251916758E-4,NO
1249,22,1.095290251916758E-4,NO
1250,48,1.095290251916758E-4,NO
1251,266,0.9997809899255365,NO
1252,22,1.095290251916758E-4,NO
1253,18,1.095290251916758E-4,NO
1254,209,4.3817369205152925E-5,NO
1255,43,1.095290251916758E-4,NO
1256,187,2.1901007446342534E-4,NO
1257,41,1.095290251916758E-4,NO
1258,188,2.1901007446342534E-4,NO
1259,30,1.095290251916758E-4,NO
1260,66,1.095290251916758E-4,NO
1261,57,1.095290251916758E-4,NO
