ID, Size, Predicted, Actual
0,227,3.86863311768252E-4,NO
1,276,0.8332903207876214,NO
2,460,7.731284334841043E-4,NO
3,138,0.8332903207876214,NO
4,355,0.9999225794157526,NO
5,23,7.731284334841043E-4,NO
6,31,0.9999225794157526,YES
7,109,0.9999225794157526,YES
8,44,0.9999225794157526,YES
9,72,0.9999225794157526,YES
10,99,0.9999225794157526,YES
11,103,0.9999225794157526,YES
12,20,0.9999225794157526,NO
13,135,1.935065164559309E-4,YES
14,1699,0.9999225794157526,YES
15,45,1.935065164559309E-4,NO
16,200,3.86863311768252E-4,NO
17,2583,0.9999225794157526,YES
18,55,1.935065164559309E-4,NO
19,204,0.9999225794157526,NO
20,59,1.935065164559309E-4,NO
21,102,1.935065164559309E-4,NO
22,34,2.579754086594672E-4,NO
23,83,2.579754086594672E-4,NO
24,114,0.9999225794157526,YES
25,60,1.935065164559309E-4,NO
26,512,0.9999225794157526,NO
27,87,0.9999225794157526,NO
28,130,2.579754086594672E-4,NO
29,37,0.9999225794157526,NO
30,101,0.8332903207876214,NO
31,1185,0.9999225794157526,YES
32,455,0.9999225794157526,YES
33,40,1.1059349559945433E-4,NO
34,518,0.9999225794157526,YES
35,382,3.86863311768252E-4,NO
36,49,1.1059349559945433E-4,NO
37,586,0.9999225794157526,NO
38,32,9.677198423752576E-5,NO
39,73,0.9999225794157526,YES
40,633,3.86863311768252E-4,NO
41,681,0.9999225794157526,NO
42,470,0.9999225794157526,YES
43,1015,0.9999225794157526,NO
44,278,7.731284334841043E-4,NO
45,31,1.935065164559309E-4,NO
46,36,0.9999225794157526,NO
47,58,0.9999225794157526,YES
48,172,0.9999225794157526,YES
49,86,9.677198423752576E-5,NO
50,162,3.86863311768252E-4,NO
51,53,1.290209885719861E-4,NO
52,415,3.86863311768252E-4,NO
53,200,0.9999225794157526,NO
54,264,0.9999225794157526,NO
55,166,0.9999225794157526,YES
56,38,0.9999225794157526,NO
57,117,0.9999225794157526,NO
58,85,3.86863311768252E-4,NO
59,66,7.731284334841043E-4,NO
60,60,3.86863311768252E-4,NO
61,37,9.677198423752576E-5,NO
62,233,0.9999225794157526,NO
63,37,2.579754086594672E-4,NO
64,239,2.579754086594672E-4,NO
65,40,2.579754086594672E-4,NO
66,208,0.9999225794157526,YES
67,189,0.9999225794157526,NO
68,22,2.579754086594672E-4,NO
69,262,0.9999225794157526,NO
70,489,0.9999225794157526,YES
71,1417,0.9999225794157526,YES
72,1376,0.9999225794157526,YES
73,66,9.677198423752576E-5,NO
74,438,0.9999612867106707,NO
75,430,0.9999225794157526,YES
76,35,1.5481719641929133E-4,NO
77,53,9.677198423752576E-5,NO
78,197,0.9999225794157526,NO
79,108,7.731284334841043E-4,NO
80,237,7.731284334841043E-4,NO
81,119,1.5481719641929133E-4,NO
82,334,0.9999612867106707,NO
83,161,7.731284334841043E-4,NO
84,136,2.579754086594672E-4,NO
85,281,7.731284334841043E-4,NO
86,203,7.731284334841043E-4,NO
87,97,7.731284334841043E-4,NO
88,107,0.9999225794157526,NO
89,148,2.579754086594672E-4,NO
90,462,7.731284334841043E-4,NO
91,1856,0.9999225794157526,YES
92,245,0.9999225794157526,YES
93,634,0.9999225794157526,YES
94,214,7.731284334841043E-4,NO
95,258,0.9999225794157526,NO
96,70,0.9090333227217652,NO
97,93,1.935065164559309E-4,NO
98,337,0.9999225794157526,NO
99,149,0.9999225794157526,NO
100,585,0.9999225794157526,NO
101,115,2.579754086594672E-4,NO
102,192,1.5481719641929133E-4,YES
103,704,0.9999225794157526,YES
104,591,7.731284334841043E-4,NO
105,141,0.8332903207876214,NO
106,179,0.9999225794157526,YES
107,602,0.9999225794157526,YES
108,141,7.731284334841043E-4,NO
109,42,0.8332903207876214,NO
110,42,1.935065164559309E-4,NO
111,85,8.602139142463069E-5,NO
112,69,0.9999225794157526,YES
113,471,0.9090333227217652,NO
114,106,1.935065164559309E-4,NO
115,250,3.86863311768252E-4,NO
116,162,2.579754086594672E-4,NO
117,24,7.731284334841043E-4,NO
118,56,7.731284334841043E-4,NO
119,51,7.731284334841043E-4,NO
120,22,7.731284334841043E-4,NO
121,24,7.731284334841043E-4,NO
122,492,0.9999225794157526,YES
123,1624,0.9999225794157526,YES
124,47,1.5481719641929133E-4,NO
125,2258,0.9999225794157526,YES
126,85,1.290209885719861E-4,NO
127,50,1.1059349559945433E-4,NO
128,44,1.1059349559945433E-4,NO
129,52,1.1059349559945433E-4,NO
130,41,1.1059349559945433E-4,NO
131,48,1.1059349559945433E-4,NO
132,213,0.9999225794157526,NO
133,543,0.9999225794157526,YES
134,233,7.731284334841043E-4,NO
135,134,0.9999225794157526,NO
136,104,3.86863311768252E-4,NO
137,121,0.9999225794157526,YES
138,39,0.7691987003872495,NO
139,41,7.731284334841043E-4,NO
140,248,0.9999225794157526,NO
141,215,7.731284334841043E-4,NO
142,269,1.290209885719861E-4,NO
143,165,3.86863311768252E-4,NO
144,277,0.9090333227217652,NO
145,100,3.86863311768252E-4,NO
146,358,1.290209885719861E-4,NO
147,29,0.7691987003872495,NO
148,339,1.290209885719861E-4,NO
149,719,3.86863311768252E-4,NO
150,141,2.579754086594672E-4,NO
151,801,0.9999225794157526,YES
152,69,1.290209885719861E-4,NO
153,77,1.1059349559945433E-4,NO
154,97,1.935065164559309E-4,NO
155,380,2.579754086594672E-4,NO
156,214,1.1059349559945433E-4,NO
157,38,2.579754086594672E-4,NO
158,79,1.1059349559945433E-4,NO
159,25,1.1059349559945433E-4,NO
160,84,1.1059349559945433E-4,NO
161,34,1.1059349559945433E-4,NO
162,33,1.1059349559945433E-4,NO
163,104,1.1059349559945433E-4,NO
164,193,2.579754086594672E-4,NO
165,70,1.1059349559945433E-4,NO
166,140,1.1059349559945433E-4,NO
167,22,2.579754086594672E-4,NO
168,158,1.290209885719861E-4,NO
169,142,3.86863311768252E-4,NO
170,109,1.290209885719861E-4,NO
171,152,2.579754086594672E-4,YES
172,31,1.5481719641929133E-4,NO
173,344,3.86863311768252E-4,NO
174,60,2.579754086594672E-4,YES
175,85,3.86863311768252E-4,YES
176,78,3.86863311768252E-4,YES
177,880,3.86863311768252E-4,YES
178,64,3.86863311768252E-4,NO
179,199,3.86863311768252E-4,NO
180,264,3.86863311768252E-4,YES
181,155,1.5481719641929133E-4,NO
182,42,3.86863311768252E-4,NO
183,405,0.9999225794157526,YES
184,248,1.290209885719861E-4,NO
185,541,0.9999225794157526,YES
186,28,0.9999225794157526,NO
187,452,0.9999225794157526,YES
188,474,3.86863311768252E-4,NO
189,379,0.9999225794157526,YES
190,83,7.731284334841043E-4,NO
191,393,0.9999225794157526,YES
192,439,0.9999225794157526,YES
193,248,3.86863311768252E-4,NO
194,13253,1.290209885719861E-4,YES
195,28,7.731284334841043E-4,NO
196,69,0.9999225794157526,YES
197,6303,0.9999225794157526,NO
198,116,7.731284334841043E-4,NO
199,100,0.8332903207876214,NO
200,46,0.9999612867106707,NO
201,226,3.86863311768252E-4,NO
202,79,0.9999612867106707,NO
203,93,3.86863311768252E-4,NO
204,2156,0.9999225794157526,YES
205,41,2.579754086594672E-4,NO
206,64,3.86863311768252E-4,NO
207,149,7.731284334841043E-4,NO
208,334,0.9999225794157526,NO
209,114,7.731284334841043E-4,NO
210,66,1.5481719641929133E-4,NO
211,38,1.5481719641929133E-4,NO
212,46,1.290209885719861E-4,NO
213,101,1.5481719641929133E-4,NO
214,111,1.290209885719861E-4,NO
215,156,0.9999225794157526,NO
216,113,7.731284334841043E-4,NO
217,770,0.9999225794157526,YES
218,392,0.9999225794157526,NO
219,314,0.9999225794157526,NO
220,139,0.9999225794157526,YES
221,59,1.1059349559945433E-4,NO
222,78,3.86863311768252E-4,NO
223,49,1.1059349559945433E-4,NO
224,511,0.9999225794157526,YES
225,42,3.86863311768252E-4,NO
226,75,0.7691987003872495,NO
227,219,0.9090333227217652,NO
228,103,0.7691987003872495,NO
229,158,0.9090333227217652,NO
230,190,2.579754086594672E-4,NO
231,88,3.86863311768252E-4,NO
232,248,7.731284334841043E-4,NO
233,276,1.290209885719861E-4,NO
234,60,1.935065164559309E-4,NO
235,35,1.935065164559309E-4,NO
236,63,1.935065164559309E-4,NO
237,79,1.935065164559309E-4,NO
238,174,1.935065164559309E-4,NO
239,148,1.935065164559309E-4,NO
240,34,1.935065164559309E-4,NO
241,35,1.935065164559309E-4,NO
242,45,1.935065164559309E-4,NO
243,293,1.935065164559309E-4,NO
244,88,0.9999225794157526,YES
245,57,8.602139142463069E-5,NO
246,39,1.935065164559309E-4,NO
247,57,1.935065164559309E-4,NO
248,277,7.731284334841043E-4,NO
249,468,1.5481719641929133E-4,NO
250,75,1.935065164559309E-4,NO
251,666,1.5481719641929133E-4,NO
252,53,0.9999225794157526,YES
253,145,7.731284334841043E-4,NO
254,396,0.9999225794157526,YES
255,54,8.602139142463069E-5,NO
256,104,7.731284334841043E-4,NO
257,119,2.579754086594672E-4,NO
258,514,0.9999225794157526,YES
259,152,1.1059349559945433E-4,NO
260,95,2.579754086594672E-4,NO
261,415,7.731284334841043E-4,NO
262,131,1.1059349559945433E-4,NO
263,45,9.677198423752576E-5,NO
264,156,2.579754086594672E-4,NO
265,166,0.9999225794157526,YES
266,43,9.677198423752576E-5,NO
267,74,0.9999225794157526,YES
268,302,0.9999225794157526,NO
269,494,0.9090333227217652,NO
270,421,1.1059349559945433E-4,NO
271,723,0.9090333227217652,NO
272,550,0.9090333227217652,NO
273,493,0.9999225794157526,NO
274,416,1.935065164559309E-4,NO
275,359,2.579754086594672E-4,NO
276,62,1.290209885719861E-4,NO
277,45,1.1059349559945433E-4,NO
278,41,3.86863311768252E-4,NO
279,47,7.731284334841043E-4,NO
280,55,3.86863311768252E-4,NO
281,1456,7.731284334841043E-4,NO
282,187,7.731284334841043E-4,NO
283,163,7.731284334841043E-4,NO
284,142,0.9999225794157526,NO
285,73,7.731284334841043E-4,NO
286,108,0.9999225794157526,YES
287,20,7.731284334841043E-4,NO
288,60,3.86863311768252E-4,NO
289,84,3.86863311768252E-4,NO
290,82,7.731284334841043E-4,NO
291,86,0.9999225794157526,YES
292,67,0.9999612867106707,NO
293,20,7.731284334841043E-4,NO
294,60,0.9999225794157526,YES
295,88,0.9999225794157526,YES
296,47,0.9999225794157526,YES
297,76,0.9999225794157526,YES
298,21,7.731284334841043E-4,NO
299,53,1.935065164559309E-4,NO
300,114,0.9999225794157526,YES
301,121,0.9999225794157526,YES
302,78,0.9999225794157526,YES
303,20,7.731284334841043E-4,NO
304,69,7.731284334841043E-4,NO
305,80,7.731284334841043E-4,NO
306,79,3.86863311768252E-4,NO
307,81,0.9999225794157526,YES
308,88,0.9999225794157526,YES
309,20,7.731284334841043E-4,NO
310,105,0.9999225794157526,YES
311,60,0.9999225794157526,YES
312,50,1.935065164559309E-4,NO
313,28,1.935065164559309E-4,NO
314,129,0.9999225794157526,YES
315,43,7.731284334841043E-4,NO
316,76,1.935065164559309E-4,NO
317,63,3.86863311768252E-4,NO
318,65,3.86863311768252E-4,NO
319,76,0.9999225794157526,YES
320,45,1.935065164559309E-4,NO
321,20,7.731284334841043E-4,NO
