ID, Size, Predicted, Actual
0,227,0.9999573863984723,NO
1,276,0.9999569074341407,NO
2,460,0.9999738896724026,NO
3,138,0.9999154882987336,NO
4,355,0.999917676737548,NO
5,23,0.999908510637936,NO
6,48,0.9999461206634542,NO
7,59,0.999945945692519,NO
8,79,0.9999456080002185,NO
9,67,0.9999446761625396,NO
10,49,0.9999442697588881,NO
11,40,0.9999436468172979,NO
12,20,0.9999436468172979,NO
13,42,0.9999435585864745,NO
14,36,0.9999434634807413,NO
15,31,0.9999428452500445,NO
16,30,0.9999427359396924,NO
17,71,0.9999430444805917,NO
18,57,0.9999430444805917,NO
19,20,0.9999426121937641,NO
20,89,0.9999424422656883,NO
21,60,0.9999416767994693,NO
22,102,0.9999422745669879,NO
23,20,0.9999408023972031,NO
24,93,0.9999414899506989,NO
25,59,0.9999408467086516,NO
26,111,0.9999413092209056,NO
27,20,0.9999395813386708,NO
28,31,0.9998572124071164,NO
29,109,0.9998677176953015,NO
30,44,0.999849594321374,NO
31,72,0.9998490500011963,NO
32,99,0.9998659150798067,NO
33,103,0.9998665923335994,NO
34,20,0.9998466546781166,NO
35,137,0.9999999495623219,YES
36,1699,0.9999145092244897,NO
37,45,0.9994457475947792,NO
38,200,0.9996595898290915,NO
39,2582,0.9998897839454037,NO
40,55,0.9985542225697847,NO
41,204,0.9991120719217768,NO
42,59,0.9990666789549272,NO
43,102,0.9985142065189687,NO
44,34,0.998471268988348,NO
45,83,0.9984823989772357,NO
46,114,0.9992968823882844,NO
47,60,0.9994757730675821,NO
48,512,0.9995217877467274,NO
49,87,0.9989428655076811,NO
50,130,0.9989431785153934,NO
51,37,0.9989185852946048,NO
52,101,0.9980781935289856,NO
53,1185,0.9994394490995047,NO
54,455,0.9990416886428024,NO
55,40,0.9972142837136239,NO
56,518,0.999169543896393,NO
57,382,0.9990041109029436,NO
58,49,0.9968909339996962,NO
59,585,0.9990411154980369,NO
60,32,0.9987927495633616,NO
61,73,0.9964563058684817,NO
62,633,0.998881485004012,NO
63,681,0.9990933327385842,NO
64,470,0.9989592086504631,NO
65,1015,0.9990972699029635,NO
66,278,0.9982204663084217,NO
67,31,0.9944439209034722,NO
68,36,0.9980721866421154,NO
69,58,0.9983484352132788,NO
70,172,0.9984576577438427,NO
71,86,0.9982815935062305,NO
72,162,0.9984841937090069,NO
73,53,0.9926792121340283,NO
74,415,0.9984780333436811,NO
75,200,0.9979850518327338,NO
76,264,0.9976651888879751,NO
77,166,0.9983459286166141,NO
78,38,0.996610599004076,NO
79,117,0.9982467914803548,NO
80,85,0.9965918233518992,NO
81,66,0.9913311257738618,NO
82,60,0.9965097758117443,NO
83,37,0.9911491729805817,NO
84,233,0.9975053047506948,NO
85,37,0.990840448817517,NO
86,239,0.9912658102582089,NO
87,40,0.9907033040637562,NO
88,208,0.9981352327800439,NO
89,189,0.9972931239898034,NO
90,22,0.9958061979204287,NO
91,262,0.9954150637877632,NO
92,489,0.9969759845831009,NO
93,1418,0.9940937824984113,NO
94,1376,0.9977046533627328,NO
95,66,0.9957540068622365,NO
96,438,0.9958490491184521,NO
97,430,0.9953991680861739,NO
98,35,0.9559700435419215,NO
99,53,0.9561382981093999,NO
100,197,0.9951826778306287,NO
101,108,0.9924285199109684,NO
102,237,0.9925750269021681,NO
103,119,0.9536842275114367,NO
104,334,0.995145639157032,NO
105,161,0.9936047775153972,NO
106,136,0.987459092509409,NO
107,281,0.9828344452886373,NO
108,203,0.9933516628524197,NO
109,97,0.9444450247015862,NO
110,107,0.9938572443678573,NO
111,148,0.980212496234281,NO
112,462,0.991848533384867,NO
113,1856,0.9864599843652447,NO
114,245,0.9697261676798531,NO
115,634,0.9935801055647758,NO
116,214,0.9035667576135482,NO
117,259,0.9640997291683713,NO
118,90,0.9618750179709166,NO
119,93,0.9865453876977619,NO
120,337,0.9900181428070822,NO
121,149,0.9891769550951282,NO
122,611,0.961195661801009,NO
123,115,0.9849388722336372,NO
124,193,0.9999573676112348,YES
125,815,0.9999630496880477,YES
126,591,0.9846136582731074,NO
127,141,0.9821976660108728,NO
128,179,0.9863398162632565,NO
129,606,0.999949922345631,YES
130,141,0.8234513057265188,NO
131,42,0.9799185195908838,NO
132,42,0.9650148416928083,NO
133,85,0.9650115567197515,NO
134,69,0.9797700540461768,NO
135,471,0.9679678669601594,NO
136,106,0.963903088854185,NO
137,250,0.9649408222614074,NO
138,162,0.9842578829885893,NO
139,24,0.9010262817465956,NO
140,56,0.7558356646067911,NO
141,51,0.7554509800219722,NO
142,22,0.7540513026856028,NO
143,24,0.9005060539081939,NO
144,488,0.999334431238209,NO
145,1624,0.994335680601701,NO
146,47,0.7155520447939977,NO
147,2307,0.9438470260870102,NO
148,85,0.6356831635453064,NO
149,50,0.633142553585827,NO
150,44,0.6326758644849187,NO
151,52,0.6321809309353233,NO
152,41,0.6300616006325533,NO
153,48,0.6304116638302913,NO
154,110,0.834441980679308,NO
155,69,0.8319964689438709,NO
156,20,0.8201402014181731,NO
157,213,0.6147229628267559,NO
158,542,0.832432520450651,NO
159,233,0.5907667598855234,NO
160,134,0.5787060822904062,NO
161,104,0.9247240722761289,NO
162,121,0.9750371778961819,NO
163,39,0.9178758962049315,NO
164,41,0.540249507604125,NO
165,248,0.9703737389374729,NO
166,215,0.538055303852462,NO
167,269,0.9572894813814131,NO
168,165,0.5117646378055308,NO
169,277,0.913904189554813,NO
170,100,0.49879068718591635,NO
171,358,0.9554162278500234,NO
172,29,0.9047954001144802,NO
173,339,0.9544589417053927,NO
174,719,0.9581616011146653,NO
175,141,0.9622437448973972,NO
176,801,0.9776443620639091,NO
177,77,0.41231189757276765,NO
178,97,0.4104779101500757,NO
179,380,0.4267176984593769,NO
180,214,0.4119781456549894,NO
181,38,0.3988668176971291,NO
182,79,0.40196095183161407,NO
183,25,0.398303453754984,NO
184,84,0.4006768496625195,NO
185,34,0.39616897711120796,NO
186,33,0.39567322605769717,NO
187,104,0.40119282271194473,NO
188,193,0.4039013284935568,NO
189,70,0.3938968579730874,NO
190,140,0.39738372808621014,NO
191,22,0.3899998812021016,NO
192,158,0.8827557804234393,NO
193,142,0.39277733070671095,NO
194,109,0.8805881191885696,NO
195,158,0.9995528222011733,YES
196,31,0.37890043932458456,NO
197,344,0.3970128853925142,NO
198,71,0.9995319580346251,YES
199,84,0.9995326989513132,YES
200,79,0.9994801860452441,YES
201,881,0.9995776889799425,YES
202,64,0.3372404927846502,NO
203,199,0.3449518770041869,NO
204,261,0.9994637639912572,YES
205,155,0.863481439367248,NO
206,42,0.3274605394750815,NO
207,405,0.9747884814711886,NO
208,248,0.33097511854590955,NO
209,541,0.9734573353609429,NO
210,28,0.2799791619330761,NO
211,452,0.9746070826429926,NO
212,474,0.5439963689339995,NO
213,379,0.5248144462240525,NO
214,83,0.8240384111185788,NO
215,393,0.9687899233283739,NO
216,458,0.4687477607509228,NO
217,248,0.9595215924572065,NO
218,28,0.011151907302126469,NO
219,69,0.18818465449258326,NO
220,116,0.15350940901424964,NO
221,100,0.4875344787952802,NO
222,46,0.14948423340969388,NO
223,226,0.007593503771554966,NO
224,79,0.14638494600335888,NO
225,93,0.3067692002586487,NO
226,2156,0.8108962887807346,NO
227,41,0.0044043743724344235,NO
228,64,0.0044152486187765475,NO
229,149,0.36197599440355244,NO
230,334,0.43696440322969127,NO
231,114,0.35458971943052886,NO
232,66,0.004124598500452001,NO
233,38,0.004027978369262314,NO
234,46,0.10646282747687948,NO
235,101,0.004019810689760934,NO
236,111,0.10682373237829913,NO
237,156,0.24754656558636398,NO
238,113,0.345403064691424,NO
239,770,0.5527299937183793,NO
240,392,0.31288983053300573,NO
241,330,0.006878186923972292,NO
242,139,0.002167238310110245,NO
243,59,0.0021114615147340226,NO
244,78,0.002114585774368229,NO
245,49,0.0726054018697158,NO
246,511,0.36917383136673004,NO
247,42,0.0018928467741323605,NO
248,75,0.18107219341170994,NO
249,219,0.18592616779336674,NO
250,103,0.18087068860539876,NO
251,158,0.18184998697876015,NO
252,190,0.06998201669185958,NO
253,88,0.0018470058029519758,NO
254,248,0.07032692311077715,NO
255,276,0.0699391438608718,NO
256,60,0.0013079782908479915,NO
257,35,0.0012981378736693677,NO
258,63,0.0013019367691213608,NO
259,79,0.001306900133679254,NO
260,174,0.0013267856806112694,NO
261,148,0.0013047796449936274,NO
262,34,0.0012512075003781704,NO
263,35,0.0012512075003781704,NO
264,45,0.0012498011600047636,NO
265,293,0.0013168054648171243,NO
266,57,0.11694665599397093,NO
267,39,7.01707920916224E-4,NO
268,57,7.053768787109421E-4,NO
269,277,0.04024240615465672,NO
270,468,0.002245766940809142,NO
271,75,6.807829199741384E-4,NO
272,666,7.814644181593926E-4,NO
273,53,0.036139533431734185,NO
274,145,6.491814188691404E-4,NO
275,53,0.0018493763640900856,NO
276,397,0.00191991774630519,NO
277,54,0.001653504900301328,NO
278,104,5.68116312579246E-4,NO
279,119,5.624401039247311E-4,NO
280,514,0.2878000731956507,NO
281,152,0.032319751064891815,NO
282,95,5.114259078235295E-4,NO
283,415,5.334237833139467E-4,NO
284,131,4.8432527114180456E-4,NO
285,45,4.768952793238395E-4,NO
286,156,0.03064260373633366,NO
287,166,4.7947546645632933E-4,NO
288,43,0.0013549446642361367,NO
289,74,4.658801684240202E-4,NO
290,302,0.09962563103422468,NO
291,494,0.032669985930334336,NO
292,421,0.031162920374982972,NO
293,723,0.03366477570872378,NO
294,550,0.031036221629057024,NO
295,493,0.029965048560045424,NO
296,416,0.028700569051397416,NO
297,359,3.9000834420305377E-4,NO
298,66,9.917420988005373E-4,NO
299,62,0.02453009788077199,NO
300,45,3.3455113503953363E-4,NO
301,41,3.2952608671978794E-4,NO
302,47,3.30821766128417E-4,NO
303,55,3.295908074879765E-4,NO
304,1456,5.020633372238476E-4,NO
305,187,0.023639665886940033,NO
306,163,3.053366893368825E-4,NO
307,142,0.21790277009043815,NO
308,73,0.022352465834727938,NO
309,108,0.13286750412639942,NO
310,20,0.021240707599317663,NO
311,60,0.12807672931237904,NO
312,84,0.12860718562148513,NO
313,82,0.17423471700619522,NO
314,86,0.21010108839581937,NO
315,67,2.605910802772474E-4,NO
316,20,0.021015526364133407,NO
317,60,7.068452780178408E-4,NO
318,88,0.12368630404178599,NO
319,47,0.020123265220393004,NO
320,76,0.02018653046836654,NO
321,21,0.019862327100096347,NO
322,53,2.3510944809699733E-4,NO
323,114,0.02014360606592416,NO
324,121,0.12340364073158837,NO
325,78,2.3376741981798437E-4,NO
326,20,0.01958625847347402,NO
327,69,0.019707217286180814,NO
328,80,0.019815074564432947,NO
329,79,0.06929692222158866,NO
330,81,2.29713875978531E-4,NO
331,88,0.06913857138812088,NO
332,20,0.019392152298275556,NO
333,105,0.06948455644012604,NO
334,60,0.12021521455764227,NO
335,50,2.2350751309122233E-4,NO
336,28,2.2153511967813947E-4,NO
337,129,0.06905027126983992,NO
338,43,0.019116622514217578,NO
339,76,2.2245917313709894E-4,NO
340,63,2.2047662930578795E-4,NO
341,65,0.06759537850112776,NO
342,76,0.019258516041088435,NO
343,45,2.1804912182475184E-4,NO
344,20,0.018769915220801677,NO
345,126,4.77827118247617E-10,NO
