ID, Size, Predicted, Actual
0,215,0.0013733233168264046,NO
1,273,0.7743979960766433,YES
2,460,0.9958283954680803,YES
3,138,0.4174164378911694,YES
4,358,0.9129142770932756,YES
5,1248,1.0,YES
6,51,6.990727094128906E-4,NO
7,157,0.47300071147727657,YES
8,31,6.990727094128906E-4,NO
9,981,0.9999999999982191,YES
10,180,8.151351594748539E-4,NO
11,262,0.7743979960766433,YES
12,553,0.9999441679635523,YES
13,40,6.990727094128906E-4,NO
14,369,1.0,YES
15,390,0.9773268459528415,YES
16,51,6.990727094128906E-4,NO
17,577,0.9421258503104829,YES
18,32,6.990727094128906E-4,NO
19,66,6.990727094128906E-4,NO
20,188,0.47300071147727657,YES
21,582,0.9421258503104829,NO
22,160,0.47300071147727657,YES
23,50,6.990727094128906E-4,NO
24,27,0.0010101872555259848,NO
25,923,1.0,YES
26,60,6.990727094128906E-4,NO
27,62,6.990727094128906E-4,NO
28,87,6.990727094128906E-4,NO
29,52,6.990727094128906E-4,NO
30,268,0.003110286506609285,YES
31,163,8.151351594748539E-4,NO
32,109,6.508195581479895E-4,NO
33,147,8.151351594748539E-4,NO
34,58,6.990727094128906E-4,NO
35,44,6.990727094128906E-4,NO
36,106,6.508195581479895E-4,YES
37,139,6.508195581479895E-4,NO
38,326,0.009438360414285998,YES
39,648,0.9954893238025219,YES
40,792,0.9999999997258311,YES
41,319,0.7743979960766433,YES
42,55,6.990727094128906E-4,NO
43,191,8.151351594748539E-4,NO
44,90,6.508195581479895E-4,NO
45,273,0.003110286506609285,YES
46,137,6.508195581479895E-4,NO
47,79,6.990727094128906E-4,NO
48,82,6.990727094128906E-4,NO
49,147,8.151351594748539E-4,NO
50,422,0.03770242587338711,YES
51,979,0.9999999999999983,YES
52,495,0.9994388601706242,YES
53,189,8.151351594748539E-4,YES
54,167,0.022244427842362764,YES
55,86,0.43491694475133835,YES
56,182,8.151351594748539E-4,YES
57,361,0.009438360414285998,YES
58,126,6.508195581479895E-4,YES
59,106,6.508195581479895E-4,NO
60,109,6.508195581479895E-4,NO
61,85,6.990727094128906E-4,NO
62,236,0.0013733233168264046,NO
63,315,1.0,YES
64,695,1.0,YES
65,27,0.0010101872555259848,NO
66,89,6.508195581479895E-4,NO
67,301,0.7743979960766433,YES
68,153,8.151351594748539E-4,YES
69,92,6.508195581479895E-4,NO
70,466,0.9958283954680803,YES
71,93,6.508195581479895E-4,NO
72,244,0.0013733233168264046,NO
73,192,8.151351594748539E-4,YES
74,252,0.6020685163528214,YES
75,109,6.508195581479895E-4,NO
76,601,0.9421258503104829,YES
77,565,0.9999441679635523,YES
78,69,6.990727094128906E-4,NO
79,77,6.990727094128906E-4,NO
80,94,6.508195581479895E-4,YES
81,337,0.009438360414285998,NO
82,214,0.0013733233168264046,NO
83,79,6.990727094128906E-4,NO
84,25,0.0010101872555259848,NO
85,84,6.990727094128906E-4,NO
86,34,6.990727094128906E-4,NO
87,33,6.990727094128906E-4,NO
88,104,6.508195581479895E-4,NO
89,172,8.151351594748539E-4,NO
90,70,6.990727094128906E-4,NO
91,140,6.508195581479895E-4,NO
92,156,0.47300071147727657,YES
93,248,0.0013733233168264046,NO
94,277,0.7743979960766433,YES
95,189,8.151351594748539E-4,NO
96,194,8.151351594748539E-4,NO
97,346,0.009438360414285998,NO
98,304,0.003110286506609285,NO
99,356,1.0,YES
100,84,0.43491694475133835,YES
101,53,0.43491694475133835,YES
102,132,6.508195581479895E-4,NO
103,4088,1.0,NO
104,691,1.0,YES
105,47,6.990727094128906E-4,NO
106,101,0.9523379613577168,YES
107,510,1.0,YES
108,328,0.9129142770932756,YES
109,273,0.003110286506609285,NO
110,136,6.508195581479895E-4,NO
111,56,6.990727094128906E-4,NO
112,74,6.990727094128906E-4,NO
113,359,0.9129142770932756,YES
114,174,8.151351594748539E-4,NO
115,148,8.151351594748539E-4,NO
116,92,6.508195581479895E-4,NO
117,45,6.990727094128906E-4,NO
118,168,8.151351594748539E-4,NO
119,77,6.990727094128906E-4,NO
120,666,0.9999958815360324,YES
121,88,6.508195581479895E-4,NO
122,262,0.7743979960766433,YES
123,54,6.990727094128906E-4,NO
124,48,6.990727094128906E-4,YES
125,140,6.508195581479895E-4,YES
126,152,8.151351594748539E-4,NO
127,39,6.990727094128906E-4,NO
128,131,6.508195581479895E-4,NO
129,47,6.990727094128906E-4,NO
130,129,6.508195581479895E-4,NO
131,43,6.990727094128906E-4,NO
132,243,0.0013733233168264046,YES
133,62,6.990727094128906E-4,NO
134,45,6.990727094128906E-4,NO
135,97,0.4174164378911694,YES
136,476,0.1782916787593187,NO
137,77,6.990727094128906E-4,NO
138,69,6.990727094128906E-4,NO
139,104,6.508195581479895E-4,NO
140,115,6.508195581479895E-4,NO
141,421,0.03770242587338711,NO
142,61,6.990727094128906E-4,NO
143,2009,1.0,YES
144,179,8.151351594748539E-4,NO
145,106,6.508195581479895E-4,NO
146,33,6.990727094128906E-4,NO
147,657,0.9954893238025219,NO
148,295,0.003110286506609285,NO
149,872,0.9999999932908171,NO
150,444,0.1782916787593187,NO
151,168,8.151351594748539E-4,NO
152,752,0.9999899557582363,NO
153,135,6.508195581479895E-4,NO
154,1126,1.0,NO
155,163,8.151351594748539E-4,NO
156,184,8.151351594748539E-4,NO
157,51,6.990727094128906E-4,NO
158,25,0.0010101872555259848,NO
159,180,8.151351594748539E-4,NO
160,64,6.990727094128906E-4,NO
161,101,6.508195581479895E-4,NO
162,512,0.6181587347809618,NO
163,187,8.151351594748539E-4,NO
164,56,6.990727094128906E-4,NO
165,39,6.990727094128906E-4,NO
166,261,0.0013733233168264046,NO
167,73,6.990727094128906E-4,NO
168,65,6.990727094128906E-4,NO
169,329,0.009438360414285998,NO
170,64,6.990727094128906E-4,NO
171,164,8.151351594748539E-4,NO
172,624,0.9999958815360324,YES
173,74,6.990727094128906E-4,NO
174,117,6.508195581479895E-4,NO
175,84,6.990727094128906E-4,NO
176,226,0.6020685163528214,YES
177,76,6.990727094128906E-4,NO
178,323,0.009438360414285998,NO
179,72,6.990727094128906E-4,NO
180,42,6.990727094128906E-4,NO
181,48,6.990727094128906E-4,NO
182,89,6.508195581479895E-4,NO
183,380,0.03770242587338711,NO
184,141,0.4174164378911694,YES
185,148,0.47300071147727657,YES
186,191,8.151351594748539E-4,NO
187,46,6.990727094128906E-4,NO
188,165,8.151351594748539E-4,NO
189,171,8.151351594748539E-4,NO
190,56,6.990727094128906E-4,NO
191,179,8.151351594748539E-4,NO
192,74,6.990727094128906E-4,NO
193,36,6.990727094128906E-4,NO
194,37,6.990727094128906E-4,NO
195,34,6.990727094128906E-4,NO
196,34,6.990727094128906E-4,NO
197,38,6.990727094128906E-4,NO
198,39,6.990727094128906E-4,NO
199,156,8.151351594748539E-4,NO
200,84,6.990727094128906E-4,NO
201,117,6.508195581479895E-4,NO
202,94,6.508195581479895E-4,NO
203,71,6.990727094128906E-4,NO
204,183,8.151351594748539E-4,NO
205,85,6.990727094128906E-4,NO
206,183,8.151351594748539E-4,NO
207,70,6.990727094128906E-4,NO
208,54,6.990727094128906E-4,NO
209,160,8.151351594748539E-4,NO
210,125,6.508195581479895E-4,NO
211,151,8.151351594748539E-4,NO
212,422,0.9773268459528415,YES
213,221,0.6020685163528214,YES
214,50,6.990727094128906E-4,NO
215,42,6.990727094128906E-4,NO
216,624,0.9954893238025219,NO
217,377,0.009438360414285998,NO
218,383,0.03770242587338711,YES
219,72,6.990727094128906E-4,NO
220,92,6.508195581479895E-4,NO
221,282,0.7743979960766433,YES
222,371,0.009438360414285998,NO
223,47,6.990727094128906E-4,NO
224,108,6.508195581479895E-4,NO
225,111,6.508195581479895E-4,NO
226,319,0.003110286506609285,NO
227,129,6.508195581479895E-4,NO
228,49,6.990727094128906E-4,NO
229,358,0.009438360414285998,NO
230,277,0.003110286506609285,NO
231,49,6.990727094128906E-4,NO
232,89,6.508195581479895E-4,NO
233,41,6.990727094128906E-4,NO
234,66,6.990727094128906E-4,NO
235,63,6.990727094128906E-4,NO
236,24,0.0010101872555259848,NO
237,50,6.990727094128906E-4,NO
238,72,6.990727094128906E-4,NO
239,47,6.990727094128906E-4,NO
240,47,6.990727094128906E-4,NO
241,183,8.151351594748539E-4,NO
242,49,6.990727094128906E-4,NO
243,50,6.990727094128906E-4,NO
244,98,6.508195581479895E-4,NO
245,143,6.508195581479895E-4,NO
246,43,6.990727094128906E-4,NO
247,42,6.990727094128906E-4,NO
248,56,6.990727094128906E-4,NO
249,44,6.990727094128906E-4,NO
250,26,0.0010101872555259848,NO
251,254,0.0013733233168264046,NO
252,16883,0.006888331727656678,NO
253,74,6.990727094128906E-4,NO
254,153,8.151351594748539E-4,NO
255,68,6.990727094128906E-4,NO
256,100,6.508195581479895E-4,NO
257,550,0.9994388601706242,YES
258,437,0.1782916787593187,NO
259,1038,1.0,YES
260,104,0.4174164378911694,YES
261,332,0.9129142770932756,YES
262,123,6.508195581479895E-4,NO
263,106,6.508195581479895E-4,NO
264,106,6.508195581479895E-4,NO
265,94,0.4174164378911694,YES
266,101,0.4174164378911694,YES
267,38,6.990727094128906E-4,NO
268,628,0.9999958815360324,YES
269,32,6.990727094128906E-4,NO
270,111,6.508195581479895E-4,NO
271,35,6.990727094128906E-4,NO
272,90,6.508195581479895E-4,NO
273,27,0.0010101872555259848,NO
274,28,0.0010101872555259848,NO
275,92,6.508195581479895E-4,NO
276,956,0.9999999999999964,YES
277,67,6.990727094128906E-4,NO
278,29,0.0010101872555259848,NO
279,105,6.508195581479895E-4,NO
280,72,6.990727094128906E-4,NO
281,37,6.990727094128906E-4,NO
282,47,6.990727094128906E-4,NO
283,31,6.990727094128906E-4,NO
284,90,6.508195581479895E-4,NO
285,223,0.0013733233168264046,NO
286,214,0.0013733233168264046,NO
287,107,6.508195581479895E-4,NO
288,37,6.990727094128906E-4,NO
289,27,0.0010101872555259848,NO
290,48,6.990727094128906E-4,NO
291,167,0.47300071147727657,YES
292,213,0.0013733233168264046,NO
293,867,0.9999999999939018,YES
294,159,8.151351594748539E-4,NO
295,100,6.508195581479895E-4,NO
296,96,6.508195581479895E-4,NO
297,842,1.0,YES
298,525,0.6181587347809618,NO
299,83,6.990727094128906E-4,NO
300,63,6.990727094128906E-4,NO
301,76,6.990727094128906E-4,NO
302,202,8.151351594748539E-4,NO
303,155,0.47300071147727657,YES
304,1263,1.0,YES
305,74,6.990727094128906E-4,NO
306,101,6.508195581479895E-4,NO
307,27,0.0010101872555259848,NO
308,22,0.0010101872555259848,NO
309,491,0.9958283954680803,YES
310,62,6.990727094128906E-4,NO
311,59,6.990727094128906E-4,NO
312,99,6.508195581479895E-4,NO
313,27,0.0010101872555259848,NO
314,77,6.990727094128906E-4,NO
315,846,0.9999999932908171,YES
316,64,6.990727094128906E-4,NO
317,45,6.990727094128906E-4,NO
318,63,6.990727094128906E-4,NO
319,54,6.990727094128906E-4,NO
320,64,6.990727094128906E-4,NO
321,132,6.508195581479895E-4,NO
322,177,8.151351594748539E-4,NO
323,70,6.990727094128906E-4,NO
324,36,6.990727094128906E-4,NO
325,58,6.990727094128906E-4,NO
326,62,6.990727094128906E-4,NO
327,132,6.508195581479895E-4,NO
328,74,6.990727094128906E-4,NO
329,86,0.43491694475133835,YES
330,74,6.990727094128906E-4,NO
331,48,6.990727094128906E-4,NO
332,74,6.990727094128906E-4,NO
333,86,6.990727094128906E-4,NO
334,355,0.009438360414285998,NO
335,53,6.990727094128906E-4,NO
336,804,0.9999999997258311,YES
337,75,6.990727094128906E-4,NO
338,125,6.508195581479895E-4,NO
339,200,8.151351594748539E-4,NO
340,134,6.508195581479895E-4,NO
341,57,6.990727094128906E-4,NO
342,123,6.508195581479895E-4,NO
343,266,0.0800437821669619,YES
344,162,8.151351594748539E-4,NO
345,130,6.508195581479895E-4,YES
346,108,6.508195581479895E-4,YES
347,354,0.009438360414285998,YES
348,88,6.508195581479895E-4,YES
349,28,0.0010101872555259848,NO
350,58,6.990727094128906E-4,NO
351,308,0.7743979960766433,YES
352,343,0.9129142770932756,YES
353,103,6.508195581479895E-4,NO
354,35,6.990727094128906E-4,NO
355,98,6.508195581479895E-4,NO
356,117,0.4174164378911694,YES
