ID, Size, Predicted, Actual
0,212,0.03965582501544231,NO
1,274,0.04030979167629352,NO
2,461,0.07657650669209799,NO
3,138,0.03891100708166724,NO
4,358,0.04063624388406554,NO
5,93,0.3724442184178701,NO
6,1371,0.9999999999951646,NO
7,51,0.03218368793988147,NO
8,45,0.032084714363995015,NO
9,157,0.032930214082618155,NO
10,31,0.03149908449833435,NO
11,1708,0.9999272287104252,YES
12,55,0.02973406669925958,NO
13,204,0.030714559957429548,NO
14,55,0.02955588518199192,NO
15,103,0.03006401513546847,NO
16,34,0.02955588518199192,NO
17,83,0.029714506899935236,NO
18,488,0.964642044818744,NO
19,83,0.029012768471601974,NO
20,129,0.02926629412233563,NO
21,885,1.0,YES
22,440,0.34581439172915845,NO
23,40,0.027362851303607955,NO
24,391,0.05415413833644421,NO
25,393,0.3391015318714711,NO
26,51,0.02688775119187075,NO
27,709,0.9985205087219942,YES
28,32,0.026500250738658814,NO
29,68,0.026723232785976336,NO
30,564,0.055001739836158824,NO
31,588,0.055226249272334854,NO
32,381,0.3298409527784624,NO
33,977,0.9999708046336913,YES
34,275,0.02660162525839171,NO
35,31,0.02516605480378266,NO
36,50,0.02495260689278342,NO
37,27,0.02495260689278342,NO
38,183,0.04691957613972113,NO
39,50,0.024671834934860998,NO
40,62,0.024879825268475927,NO
41,87,0.024809736542820312,NO
42,52,0.024602317353874827,NO
43,419,0.04938799869475215,NO
44,224,0.025457211092736614,NO
45,118,0.024678101323214845,NO
46,83,0.024258651828012606,NO
47,147,0.024695043460511663,NO
48,120,0.04482774179485338,NO
49,58,0.02398857939899245,NO
50,44,0.02398857939899245,NO
51,106,0.024403402143832523,NO
52,238,0.024963991928160494,NO
53,43,0.023855058253633144,NO
54,195,1.0,YES
55,189,0.024515824840089715,NO
56,151,0.021668398519375978,NO
57,364,0.02267548462711563,NO
58,910,0.02699421481450785,NO
59,911,0.3142128393661456,NO
60,43,0.020026645544477768,NO
61,325,0.02117885664661501,NO
62,27,0.019718433786841,NO
63,55,0.019667735957503332,NO
64,93,0.01978347063681734,NO
65,191,0.020280598984560246,NO
66,90,0.019682185553461608,NO
67,89,0.019631826544330027,NO
68,273,0.037360883506636994,NO
69,153,0.03620387953418511,NO
70,92,0.24913579599908348,NO
71,82,0.019186963794444765,NO
72,148,0.019533946748230818,NO
73,433,0.979509806276537,YES
74,1231,1.0,YES
75,528,0.9790796550557728,YES
76,205,0.24251770644359483,NO
77,190,0.018482601972308943,NO
78,86,0.01793836552543187,NO
79,213,0.033785481420417256,NO
80,408,0.24829939996827308,NO
81,572,0.020164789565147043,NO
82,132,0.0172830836890229,NO
83,168,0.017400354923761047,NO
84,107,0.9748615164148169,YES
85,85,0.01680831639987548,NO
86,107,0.016797591807476874,NO
87,250,0.22930589128794587,NO
88,237,0.016689311419396998,NO
89,622,0.9973864985013459,YES
90,47,0.015544750616301459,NO
91,1487,1.0,YES
92,27,0.014666583238867608,NO
93,89,0.01479150573626079,NO
94,481,0.030074054853406074,NO
95,227,0.027983651942392055,NO
96,166,0.01483165882148749,NO
97,92,0.01456696198190118,YES
98,476,0.016091941936585006,NO
99,93,0.014472447855930336,YES
100,244,0.0149916154797375,NO
101,204,0.01481231945768797,NO
102,252,0.014894953775022821,NO
103,119,0.014413202119609631,NO
104,733,0.01714403550639692,NO
105,630,0.029818927607042692,NO
106,69,0.013780698343453857,NO
107,77,0.013694601320002641,NO
108,97,0.013694601320002641,NO
109,380,0.014810629830022673,NO
110,214,0.014018776184298242,NO
111,38,0.013522402597903199,NO
112,79,0.013637714431784083,NO
113,25,0.013522402597903199,NO
114,84,0.013609423173673302,NO
115,34,0.013494347280012704,NO
116,33,0.013494347280012704,NO
117,104,0.013730251303942372,NO
118,193,0.013960738760208853,NO
119,70,0.013581232864731532,NO
120,140,0.013828269331250663,NO
121,22,0.013466392082942024,NO
122,156,0.013799675800715722,NO
123,142,0.025510681731763126,NO
124,100,0.013645243891771814,NO
125,153,0.025406771599406974,NO
126,31,0.013383123464765672,NO
127,340,0.026669109954657155,NO
128,61,0.024907332793607587,NO
129,61,0.024907332793607587,NO
130,877,0.031454766595805074,NO
131,62,0.024606310287671625,NO
132,186,0.02523510871410916,NO
133,264,0.02569002387798183,NO
134,42,0.024302420231496747,NO
135,248,0.013700639671920948,NO
136,358,0.02603234285687916,NO
137,199,0.013375711359759944,NO
138,330,0.0253472775043825,NO
139,346,0.013805774243327079,NO
140,89,0.023740457320692566,NO
141,193,0.18382031491651749,NO
142,406,0.1904616252834001,NO
143,82,0.01263053561903273,NO
144,53,0.012523631721563228,NO
145,148,0.012835352626280041,NO
146,4774,0.4465977920478462,NO
147,4088,0.15073049143212217,NO
148,93,0.02073970093653634,NO
149,78,0.1597776256728852,NO
150,74,0.1597776256728852,NO
151,978,0.20183229057333466,NO
152,37,0.010704411895288478,NO
153,59,0.01980832625509317,NO
154,135,0.15681305708873533,NO
155,165,0.15782210052252385,NO
156,47,0.01061475789241515,NO
157,101,0.01078282497166508,NO
158,103,0.1556943795590571,NO
159,154,0.9999056264424092,YES
160,556,0.01202341467492703,NO
161,386,0.020873425464807423,NO
162,296,0.020224088167785866,NO
163,135,0.010368403051273858,NO
164,56,0.010189663303518127,NO
165,78,0.010260486059545238,NO
166,35,0.01886592588946624,NO
167,467,0.16266999937743656,NO
168,174,0.010034875609905182,NO
169,148,0.010034875609905182,NO
170,88,0.009766600895367485,NO
171,52,0.9547931707267322,YES
172,39,0.009338566918628997,NO
173,208,0.017938713193340665,NO
174,77,0.0093788635985875,NO
175,666,0.011083308661416744,NO
176,146,0.017646189183319977,NO
177,302,0.018291788757116734,NO
178,54,0.009183750940957476,NO
179,87,0.0171900157639119,NO
180,119,0.009345012287415027,NO
181,200,0.009509344702867295,NO
182,152,0.009380195783241339,NO
183,39,0.009133643771454527,NO
184,677,0.010887212350573348,NO
185,131,0.009268824662729729,NO
186,47,0.00910886595240203,NO
187,100,0.00925628986973561,NO
188,43,0.009084270487791634,NO
189,73,0.009162087800927237,NO
190,257,0.00959858519879606,NO
191,62,0.008935410432818838,NO
192,45,0.00885950116756062,NO
193,41,0.016426990036777982,NO
194,47,0.016426990036777982,NO
195,55,0.016426990036777982,NO
196,1046,0.022810044666931862,NO
197,133,0.016607723928019912,NO
198,147,0.016739475652601934,NO
199,147,1.0,YES
200,77,0.1308735101890215,NO
201,99,0.008901134551155005,NO
202,53,0.008639586876486251,NO
203,95,0.016159571252107638,NO
204,77,0.9944014421275036,YES
205,69,0.00870297493459651,NO
206,69,0.008692362025974471,NO
207,77,0.008692362025974471,NO
208,80,0.016140013390356266,NO
209,72,0.008692362025974471,NO
210,63,0.008692362025974471,NO
211,50,0.008608016227001261,NO
212,28,0.008608016227001261,NO
213,108,0.01624370606061392,NO
214,40,0.008597572915078065,NO
215,76,0.008671257582021133,NO
216,64,0.0161011202718564,NO
217,63,0.008671257582021133,NO
218,55,0.008587169531942333,NO
219,45,0.008587169531942333,NO
220,476,0.009413348313138444,NO
221,77,0.008478671721080334,NO
222,69,0.008478671721080334,NO
223,104,0.008554342701292416,NO
224,115,0.008544508605543488,NO
225,421,0.009279472383231712,NO
226,61,0.008459214102236384,NO
227,2009,0.019549788847661825,NO
228,179,0.008637790114615374,NO
229,106,0.008476739575645216,NO
230,33,0.008330335504452778,NO
231,657,0.009935901977085956,NO
232,295,0.008784613785106973,NO
233,872,0.010664171026374113,NO
234,444,0.009144864879062568,NO
235,168,0.008488861522133146,NO
236,752,0.01014511747908678,NO
237,135,0.008383121357546784,NO
238,1126,0.011898465850532766,NO
239,163,0.008433293550939271,NO
240,184,0.008505308005932966,NO
241,51,0.008202529964206146,NO
242,25,0.008202529964206146,NO
243,180,0.008505308005932966,NO
244,64,0.00827285720588039,NO
245,101,0.008337694123423464,NO
246,512,0.00927944886891605,NO
247,187,0.008477871208655188,NO
248,56,0.00817606182749118,NO
249,39,0.00817606182749118,NO
250,261,0.008641801495953819,NO
251,73,0.008237337814319009,NO
252,65,0.008237337814319009,NO
253,329,0.008724883811675438,NO
254,64,0.00822854721023218,NO
255,164,0.00837013391998515,NO
256,624,0.009599419249536882,NO
257,74,0.008211072441588209,NO
258,117,0.008275613859409763,NO
259,84,0.008202388092177434,NO
260,226,0.008508111085093428,NO
261,76,0.008193738976856754,NO
262,323,0.00867886534776389,NO
263,72,0.00818512500426591,NO
264,42,0.008115537467547581,NO
265,48,0.008115537467547581,NO
266,89,0.00818512500426591,NO
267,380,0.008856198575731122,NO
268,141,0.00831740462071276,NO
269,148,0.00831740462071276,NO
270,191,0.008388785472247267,NO
271,46,0.008090121636949523,NO
272,165,0.008300113178766114,NO
273,171,0.008300113178766114,NO
274,56,0.00808171879106287,NO
275,179,0.008371400259406928,NO
276,74,0.008142579114487349,NO
277,36,0.008073350346136187,NO
278,37,0.008073350346136187,NO
279,34,0.008073350346136187,NO
280,34,0.008073350346136187,NO
281,38,0.008065016214077205,NO
282,39,0.008065016214077205,NO
283,156,0.008282963012743415,NO
284,84,0.00813417410350341,NO
285,117,0.008198351328201643,NO
286,94,0.008125803607574979,NO
287,71,0.008125803607574979,NO
288,183,0.008328558007415518,NO
289,85,0.008100898332213249,NO
290,183,0.008328558007415518,NO
291,70,0.008092665020654208,NO
292,54,0.008023857192303193,NO
293,160,0.008232352988293584,NO
294,128,0.008148409933958685,NO
295,151,0.00821576077758658,NO
296,422,0.00882433052864135,NO
297,221,0.00834435155764568,NO
298,50,0.007959755629928513,NO
299,42,0.007959755629928513,NO
300,624,0.009367229499002832,NO
301,377,0.008678855933644267,NO
302,382,0.008670371923934356,NO
303,72,0.007996499165300578,NO
304,92,0.007988702294175323,NO
305,282,0.008381060826497968,NO
306,371,0.008555961674032858,NO
307,47,0.007913072964082432,NO
308,108,0.008044403831685105,NO
309,111,0.008044403831685105,NO
310,319,0.008446114890825326,NO
311,129,0.008021203922902776,NO
312,49,0.007882604983659608,NO
313,358,0.008514896602613986,NO
314,277,0.008316886578332825,NO
315,49,0.007860093626737544,NO
316,89,0.007927508339083247,NO
317,41,0.00785265411559645,NO
318,66,0.007920005529854592,NO
319,63,0.007920005529854592,NO
320,24,0.00785265411559645,NO
321,50,0.00785265411559645,NO
322,72,0.007920005529854592,NO
323,47,0.00785265411559645,NO
324,47,0.007845246612923969,NO
325,183,0.00813494451261652,NO
326,49,0.007845246612923969,NO
327,50,0.007845246612923969,NO
328,98,0.007905096673596585,NO
329,143,0.008049729344968705,NO
330,43,0.007837871042011016,NO
331,42,0.007837871042011016,NO
332,56,0.007837871042011016,NO
333,44,0.007830527326520256,NO
334,26,0.007830527326520256,NO
335,254,0.008200797900944082,NO
336,16883,0.008463156625212354,NO
337,74,0.007368489280271624,NO
338,153,0.007503378367297972,NO
339,68,0.007368489280271624,NO
340,100,0.007429443760071736,NO
341,550,0.008373615562396873,NO
342,437,0.00806279862483457,NO
343,1038,0.010000182345441488,NO
344,104,0.007396015589520821,NO
345,332,0.007768203106699993,NO
346,123,0.007391346681627098,NO
347,106,0.007391346681627098,NO
348,105,0.007386704270218741,NO
349,94,0.007321285846424368,NO
350,101,0.007382088309412939,NO
351,38,0.007254451932151843,NO
352,666,0.008663185222752744,NO
353,32,0.007245456276206948,NO
354,111,0.007372935557428143,NO
355,35,0.007245456276206948,NO
356,90,0.007303141178015657,NO
357,27,0.007240997265852259,NO
358,28,0.007240997265852259,NO
359,92,0.007303141178015657,NO
360,979,0.009765874821664787,NO
361,67,0.007285413142937804,NO
362,29,0.007223418984547179,NO
363,105,0.007350513404207951,NO
364,72,0.007285413142937804,NO
365,37,0.007219088637520673,NO
366,47,0.007219088637520673,NO
367,31,0.007219088637520673,NO
368,90,0.007281045903775314,NO
369,223,0.007556160458309944,NO
370,214,0.007476940418738985,NO
371,107,0.007337373587102082,NO
372,37,0.007210504711787291,NO
373,27,0.007210504711787291,NO
374,48,0.007210504711787291,NO
375,167,0.007401163967149302,NO
376,213,0.007468147513792854,NO
377,867,0.009263600828251563,NO
378,159,0.007388217186053134,NO
379,100,0.007315992611668805,NO
380,96,0.007251195852496839,NO
381,842,0.009100008180944037,NO
382,535,0.00823785734312636,NO
383,83,0.007234701209607183,NO
384,63,0.007230641063772235,NO
385,76,0.007230641063772235,NO
386,202,0.007434027182855005,NO
387,155,0.007358917246175205,NO
388,1263,0.010955174502293668,NO
389,74,0.00720681065668936,NO
390,101,0.0072712136943258706,NO
391,27,0.00714548054029298,NO
392,22,0.00714548054029298,NO
393,491,0.00799382055520154,NO
394,62,0.007199068338179506,NO
395,59,0.0071378036353785665,NO
396,99,0.007259535069458443,NO
397,27,0.007134002409892214,NO
398,77,0.007195234722719699,NO
399,863,0.009172493671037087,NO
400,64,0.007183883602332951,NO
401,45,0.007122747195865419,NO
402,63,0.007183883602332951,NO
403,54,0.007119044823076306,NO
404,64,0.007180149680918397,NO
405,132,0.0072443162035728,NO
406,182,0.007378313470230617,NO
407,70,0.007176440591195117,NO
408,36,0.007115367072405337,NO
409,58,0.007115367072405337,NO
410,62,0.007176440591195117,NO
411,132,0.007236857229080097,NO
412,74,0.007172756296937209,NO
413,86,0.007172756296937209,NO
414,74,0.007172756296937209,NO
415,48,0.007108085293986313,NO
416,74,0.007169096762187535,NO
417,86,0.007169096762187535,NO
418,355,0.007682185468705367,NO
419,53,0.007104481195157674,NO
420,804,0.008858948448552773,NO
421,75,0.007154705507736987,NO
422,125,0.007215078656422094,NO
423,200,0.007352336501579213,NO
424,134,0.007211535781543533,NO
425,57,0.007086827205672557,NO
426,123,0.007211535781543533,NO
427,314,0.007571927918953105,NO
428,162,0.007267956635966315,NO
429,137,0.007201055412543844,NO
430,124,0.007197611261411255,NO
431,359,0.007644685254634469,NO
432,151,0.0072610296295451664,NO
433,107,0.007194191706834161,NO
434,28,0.00706978092497375,NO
435,58,0.00706978092497375,NO
436,470,0.00791026469906155,NO
437,347,0.0076304176488606506,NO
438,103,0.007180758792680543,NO
439,35,0.0070565786581277025,NO
440,98,0.007117151193815234,NO
441,117,0.00717746172700842,NO
