ID, Size, Predicted, Actual
0,237,0.02,NO
1,272,0.9511428571428572,NO
2,470,0.74,NO
3,299,0.43843650793650796,NO
4,23,0.0,NO
5,56,0.0,NO
6,51,0.0,NO
7,22,0.0,NO
8,67,0.06,NO
9,23,0.0,NO
10,44,0.0,NO
11,111,0.01,NO
12,74,0.15245238095238095,NO
13,196,0.18,NO
14,39,0.0,NO
15,124,0.24,NO
16,38,0.03,NO
17,22,0.0,NO
18,44,0.0,NO
19,368,0.19,NO
20,22,0.0,NO
21,285,0.10749999999999998,NO
22,21,0.0,NO
23,22,0.0,NO
24,208,0.27,NO
25,55,0.0,NO
26,21,0.0,NO
27,288,0.17749999999999994,NO
28,109,0.09457142857142856,NO
29,142,0.12,NO
30,47,0.0,NO
31,54,0.0,NO
32,105,0.16,NO
33,528,0.25857142857142856,NO
34,284,0.39704761904761904,NO
35,32,0.0,NO
36,35,0.0,NO
37,144,0.14,NO
38,95,0.17,NO
39,164,0.33,NO
40,70,0.02,NO
41,120,0.12916666666666665,NO
42,38,0.03,NO
43,22,0.0,NO
44,26,0.0,NO
45,21,0.0,NO
46,56,0.0,NO
47,102,0.15,NO
48,107,0.1,NO
49,67,0.06,NO
50,39,0.0,NO
51,52,0.09,NO
52,20,0.0,NO
53,42,0.0,NO
54,36,0.0,NO
55,30,0.0,NO
56,71,0.01,NO
57,57,0.0,NO
58,31,0.0,NO
59,20,0.0,NO
60,90,0.15,NO
61,52,0.09,NO
62,108,0.018000000000000002,NO
63,20,0.0,NO
64,93,0.09,NO
65,52,0.09,NO
66,121,0.10916666666666665,NO
67,20,0.0,NO
68,31,0.0,NO
69,109,0.06657142857142856,NO
70,44,0.0,NO
71,72,0.0475,NO
72,99,0.09,NO
73,103,0.16,NO
74,20,0.0,NO
75,71,0.01,NO
76,155,0.31,NO
77,1468,0.82,NO
78,45,0.0,NO
79,302,0.48333333333333334,NO
80,3423,0.09,NO
81,320,0.22077777777777777,NO
82,241,0.11,NO
83,57,0.0,NO
84,276,0.05499999999999999,NO
85,59,0.01,NO
86,107,0.05755050505050505,NO
87,35,0.0,NO
88,93,0.0,NO
89,122,0.08202380952380953,NO
90,49,0.0,NO
91,60,0.02,NO
92,456,0.15583333333333335,NO
93,87,0.18,NO
94,130,0.25,NO
95,49,0.0,NO
96,122,0.10835714285714283,NO
97,99,0.086,NO
98,1787,0.16,NO
99,464,0.18,NO
100,154,0.5,NO
101,40,0.0,NO
102,516,0.42323809523809525,NO
103,193,0.51,NO
104,391,0.49,NO
105,49,0.0,NO
106,594,0.24,NO
107,32,0.0,NO
108,73,0.17745238095238094,NO
109,633,0.3356666666666666,NO
110,694,0.53,NO
111,442,0.02,NO
112,1162,0.51,NO
113,278,0.10166666666666666,NO
114,31,0.0,NO
115,73,0.13161904761904764,NO
116,59,0.01,NO
117,172,0.16857142857142857,NO
118,87,0.8971428571428571,NO
119,166,0.56,NO
120,53,0.0,NO
121,420,0.1,NO
122,219,0.2,NO
123,264,0.38,NO
124,172,0.51,NO
125,38,0.11,NO
126,126,0.6133333333333333,NO
127,85,0.0,NO
128,67,0.31,NO
129,50,0.0,NO
130,37,0.0,NO
131,286,0.16999999999999998,NO
132,37,0.0,NO
133,239,0.08,NO
134,41,0.0,NO
135,240,0.09,NO
136,109,0.15665873015873016,NO
137,215,0.06,NO
138,387,0.6175,NO
139,22,0.0,NO
140,100,0.41033730158730164,NO
141,72,0.2801309523809523,NO
142,351,0.11,NO
143,232,0.2885714285714286,NO
144,162,0.11,NO
145,42,0.0,NO
146,458,0.23477272727272727,NO
147,262,0.19,NO
148,139,0.03,NO
149,69,0.03666666666666667,NO
150,67,0.04,NO
151,197,0.40539285714285717,NO
152,930,0.865,NO
153,156,0.03,NO
154,303,0.3837142857142857,NO
155,25,0.008333333333333333,NO
156,304,0.39649206349206345,NO
157,414,0.26383333333333336,NO
158,1587,0.28,NO
159,1653,0.2,NO
160,83,0.25214285714285717,NO
161,444,0.07,NO
162,274,0.18171428571428572,NO
163,47,0.0,NO
164,35,0.04,NO
165,208,0.02,NO
166,111,0.08883333333333333,NO
167,227,0.14,NO
168,351,0.59,NO
169,161,0.0,NO
170,136,0.13,NO
171,422,0.21333333333333335,NO
172,439,0.06,NO
173,153,0.38983333333333337,NO
174,112,0.38486904761904756,NO
175,224,0.1875,NO
176,458,0.23857142857142857,NO
177,2193,0.05,NO
178,277,0.115,NO
179,738,0.59,NO
180,270,0.574,NO
181,257,0.55,NO
182,88,0.2470151515151515,NO
183,459,0.18,NO
184,156,0.22,NO
185,654,1.0,NO
186,119,0.2032575310826084,NO
187,32,0.46699206349206357,NO
188,197,0.43,NO
189,1105,0.89,NO
190,628,1.0,NO
191,138,0.14,NO
192,204,0.28,NO
193,550,0.6030714285714285,NO
194,399,0.065,NO
195,42,0.5582813852813853,NO
196,42,0.5582813852813853,NO
197,312,0.6651825396825396,NO
198,85,0.17238095238095236,NO
199,478,0.17458333333333337,NO
200,105,0.28,NO
201,252,0.36,NO
202,163,0.32,NO
203,348,0.6595714285714286,NO
204,77,0.02,NO
205,98,0.6916666666666665,NO
206,45,0.1138474025974026,NO
207,102,0.228985347985348,NO
208,44,0.03380952380952382,NO
209,51,0.0,NO
210,73,0.20995238095238097,NO
211,55,0.0,NO
212,57,0.47,NO
213,103,0.2329139194139194,NO
214,121,0.24,NO
215,46,0.0,NO
216,75,0.01,NO
217,226,0.18,NO
218,136,0.10666666666666666,NO
219,70,0.0,NO
220,160,0.04,NO
221,27,0.0,NO
222,82,0.059309523809523805,NO
223,96,0.5413888888888888,NO
224,106,0.7795074189095927,NO
225,165,0.14,NO
226,72,0.0,NO
227,26,0.0,NO
228,24,0.0,NO
229,810,0.77,NO
230,1804,0.12,NO
231,48,0.0,NO
232,2747,0.04,NO
233,69,0.11797619047619047,NO
234,23,0.0,NO
235,97,0.06,NO
236,144,0.29,NO
237,326,0.8399722222222222,NO
238,563,1.0,NO
239,22,0.0,NO
240,83,0.0881984126984127,NO
241,51,0.0,NO
242,43,0.006999999999999999,NO
243,54,0.02,NO
244,43,0.006999999999999999,NO
245,47,0.0,NO
246,33,0.0,NO
247,224,0.08,NO
248,595,0.51,NO
249,345,0.5833214285714285,NO
250,237,0.69,NO
251,137,0.25,NO
252,90,0.6047817460317461,NO
253,126,0.3248636363636364,NO
254,47,0.0,NO
255,69,0.10477272727272727,NO
256,40,0.0,NO
257,130,0.4783333333333333,NO
258,213,0.13990476190476192,NO
259,115,0.15,NO
260,167,0.15983333333333336,NO
261,283,0.32666666666666666,NO
262,91,0.11,NO
263,312,0.7156666666666667,NO
264,32,0.19,NO
265,337,0.53,NO
266,807,0.66,NO
267,77,0.1251428571428571,NO
268,87,0.35416666666666663,NO
269,387,0.39,NO
270,107,0.3,NO
271,141,0.495,NO
272,814,0.42,NO
273,38,0.0,NO
274,47,0.01,NO
275,23,0.0,NO
276,23,0.0,NO
277,101,0.27917063492063493,NO
278,91,0.34282051282051285,NO
279,272,0.3,NO
280,23,0.0,NO
281,80,0.17566666666666667,NO
282,97,0.008333333333333333,NO
283,382,0.17,NO
284,239,0.39,NO
285,44,0.0,NO
286,76,0.01,NO
287,28,0.0,NO
288,89,0.13540476190476192,NO
289,37,0.0,NO
290,36,0.15,NO
291,105,0.15,NO
292,193,0.04,NO
293,70,0.01,NO
294,140,0.0,NO
295,25,0.0,NO
296,160,0.3175,NO
297,23,0.0,NO
298,139,0.0,NO
299,111,0.095,NO
300,158,0.24,NO
301,34,0.01,NO
302,357,0.556,NO
303,70,0.23,NO
304,88,0.6073214285714286,NO
305,79,0.36,NO
306,934,0.65,NO
307,67,0.21,NO
308,216,0.0938888888888889,NO
309,265,0.43,NO
310,155,0.06,NO
311,23,0.0,NO
312,45,0.0625378787878788,NO
313,23,0.0,NO
314,404,0.1,NO
315,246,0.02,NO
316,576,1.0,NO
317,28,0.12,NO
318,467,0.18407142857142858,NO
319,508,0.41323809523809524,NO
320,526,0.5379761904761904,NO
321,82,0.14633333333333334,NO
322,532,0.5322142857142855,NO
323,266,0.42,NO
324,274,0.905,NO
325,28,0.04,NO
326,69,0.5175,NO
327,139,0.036333333333333336,NO
328,103,0.02,NO
329,46,0.02,NO
330,220,0.08833333333333333,NO
331,89,0.45,NO
332,98,0.42165476190476187,NO
333,2186,0.05,NO
334,41,0.0,NO
335,85,0.15,NO
336,169,0.1,NO
337,346,0.6699512987012987,NO
338,131,0.58,NO
339,66,0.01,NO
340,106,0.36696031746031743,NO
341,46,0.02,NO
342,157,0.4,NO
343,185,0.9,NO
344,126,0.3156136363636364,NO
345,66,0.016666666666666663,NO
346,67,0.05666666666666665,NO
347,289,0.73,NO
348,94,0.15541666666666668,NO
349,44,0.008,NO
350,95,0.34923809523809524,NO
351,44,0.02,NO
352,23,0.01,NO
353,23,0.01,NO
354,763,0.58,NO
355,398,0.7468055555555556,NO
356,333,0.87,NO
357,138,0.01,NO
358,59,0.0,NO
359,78,0.038,NO
360,53,0.0,NO
361,521,0.5417936507936507,NO
362,23,0.0,NO
363,45,0.0,NO
364,79,0.0175,NO
365,222,0.1,NO
366,107,0.18,NO
367,168,0.59,NO
368,192,0.24013095238095242,NO
369,91,0.05,NO
370,252,0.17375757575757575,NO
371,282,0.23,NO
372,23,0.0,NO
373,342,0.48,NO
374,69,0.1,NO
375,21,0.0,NO
376,39,0.0,NO
377,22,0.0,NO
378,217,0.21,NO
379,22,0.0,NO
380,76,0.14947619047619048,NO
381,111,0.18733333333333335,NO
382,81,0.4860714285714286,NO
383,106,0.2485347985347985,NO
384,112,0.25,NO
385,87,0.35416666666666663,NO
386,132,0.14833333333333334,NO
387,97,0.41564610389610385,NO
388,133,0.275,NO
389,177,0.11,NO
390,148,0.09,NO
391,104,0.33892857142857147,NO
392,120,0.17666666666666664,NO
393,137,0.33,NO
394,76,0.19033333333333338,NO
395,89,0.16583333333333336,NO
396,23,0.0,NO
397,24,0.0,NO
398,62,0.07708333333333334,NO
399,67,0.09,NO
400,66,0.01,NO
401,63,0.21746031746031746,NO
402,22,0.0,NO
403,60,0.01,NO
404,38,0.0,NO
405,63,0.01,NO
406,23,0.0,NO
407,79,0.0175,NO
408,23,0.0,NO
409,176,0.0,NO
410,149,0.07,NO
411,23,0.0,NO
412,37,0.0,NO
413,43,0.0,NO
414,49,0.1290238095238095,NO
415,418,0.30633333333333335,NO
416,23,0.0,NO
417,58,0.18015873015873018,NO
418,23,0.0,NO
419,80,0.3501666666666667,NO
420,23,0.0,NO
421,91,0.3484166666666666,NO
422,23,0.0,NO
423,23,0.0,NO
424,25,0.0,NO
425,48,0.0,NO
426,52,0.12,NO
427,53,0.0,NO
428,57,0.24108333333333334,NO
429,24,0.0,NO
430,26,0.0,NO
431,60,0.2858333333333334,NO
432,334,0.5127380952380952,NO
433,42,0.0,NO
434,60,0.01,NO
435,294,0.2975,NO
436,77,0.24232142857142858,NO
437,677,0.8923961038961039,NO
438,56,0.0075,NO
439,163,0.5420703463203462,NO
440,56,0.0075,NO
441,133,0.15875,NO
442,536,0.5914365079365078,NO
443,121,0.21858333333333332,NO
444,77,0.06,NO
445,175,0.07333333333333335,NO
446,81,0.12266666666666665,NO
447,432,0.15,NO
448,129,0.018000000000000002,NO
449,48,0.0,NO
450,164,0.23,NO
451,172,0.08666666666666668,NO
452,43,0.0,NO
453,73,0.04,NO
454,302,0.25,NO
455,551,0.096,NO
456,424,0.01,NO
457,732,0.01,NO
458,562,0.04,NO
459,493,0.01,NO
460,416,0.0,NO
461,359,0.01,NO
462,23,0.0,NO
463,23,0.0,NO
464,694,0.0,NO
465,177,0.01,NO
466,116,0.03,NO
467,20,0.0,NO
468,69,0.26,NO
469,62,0.0,NO
470,34,0.0,NO
471,23,0.0,NO
472,41,0.0,NO
473,50,0.0,NO
474,55,0.0,NO
475,1468,0.0,NO
476,187,0.008333333333333333,NO
477,162,0.0425,NO
478,23,0.06,NO
479,143,0.06,NO
480,74,0.4,NO
481,109,0.02,NO
482,144,0.06,NO
483,75,0.36,NO
484,112,0.11,NO
485,33,0.09,NO
486,92,0.2735,NO
487,108,0.02,NO
488,612,0.02,NO
489,20,0.02,NO
490,20,0.0,NO
491,199,0.07633333333333332,NO
492,56,0.0,NO
493,200,0.03,NO
494,60,0.0,NO
495,75,0.14,NO
496,150,0.05,NO
497,40,0.0,NO
498,20,0.0,NO
499,60,0.0,NO
500,88,0.23,NO
501,67,0.05833333333333335,NO
502,76,0.0,NO
503,21,0.0,NO
504,53,0.0,NO
505,114,0.06,NO
506,121,0.17666416040100252,NO
507,78,0.27,NO
508,20,0.0,NO
509,69,0.0275,NO
510,80,0.01,NO
511,79,0.0,NO
512,81,0.12,NO
513,88,0.08,NO
514,20,0.0,NO
515,105,0.22,NO
516,60,0.0,NO
517,50,0.0,NO
518,28,0.0,NO
519,129,0.27,NO
520,43,0.006999999999999999,NO
521,76,0.0,NO
522,63,0.0,NO
523,65,0.03833333333333334,NO
524,76,0.0,NO
525,45,0.0,NO
526,20,0.0,NO
527,212,0.0,NO
528,95,0.02,NO
529,34,0.0,NO
530,35,0.0,NO
531,34,0.0,NO
532,32,0.03,NO
533,188,0.0,NO
534,53,0.0,NO
535,30,0.01,NO
536,101,0.0,NO
537,125,0.0,NO
538,179,0.0,NO
539,123,0.0,NO
540,88,0.03514285714285714,NO
541,88,0.03514285714285714,NO
542,171,0.0,NO
543,31,0.01,NO
544,30,0.01,NO
545,31,0.01,NO
546,77,0.01,NO
547,77,0.01,NO
548,86,0.0,NO
549,92,0.1873095238095238,NO
550,61,0.0,NO
551,64,0.0,NO
552,64,0.0,NO
553,103,0.0,NO
554,46,0.0,NO
555,48,0.0,NO
556,48,0.0,NO
557,49,0.0,NO
558,49,0.0,NO
559,130,0.01,NO
560,82,0.01,NO
561,25,0.0,NO
562,193,0.006666666666666666,NO
563,114,0.0,NO
564,114,0.0,NO
565,132,0.0,NO
566,79,0.04,NO
567,79,0.04,NO
568,34,0.0,NO
569,49,0.0,NO
570,44,0.0,NO
571,58,0.01,NO
572,92,0.02,NO
573,92,0.02,NO
574,109,0.0,NO
575,80,0.04,NO
576,22,0.0,NO
577,22,0.0,NO
578,205,0.006666666666666665,NO
579,73,0.0,NO
580,52,0.08,NO
581,85,0.02,NO
582,69,0.0,NO
583,21,0.0,NO
584,104,0.01,NO
585,82,0.01,NO
586,125,0.0,NO
587,180,0.11,NO
588,95,0.02875,NO
589,214,0.0,NO
590,40,0.6636031746031746,NO
591,37,0.6592142857142858,NO
592,22,0.19,NO
593,26,0.19,NO
594,77,0.42416666666666664,NO
595,116,0.15791666666666665,NO
596,274,0.16,NO
597,29,0.5632142857142857,NO
598,99,0.6643802308802309,NO
599,262,0.1,NO
600,95,0.5018095238095238,NO
601,46,0.45117063492063486,NO
602,22,0.21,NO
603,74,0.3035,NO
604,69,0.255,NO
605,76,0.331,NO
606,175,0.018333333333333337,NO
607,78,0.9476666666666667,NO
608,69,0.255,NO
609,100,0.6317611832611832,NO
610,83,0.7230756302521009,NO
611,22,0.23,NO
612,82,0.5805756302521009,NO
613,62,0.25926984126984126,NO
614,68,0.2175,NO
615,59,0.2832698412698413,NO
616,112,0.19774999999999998,NO
617,68,0.2075,NO
618,54,0.2491031746031746,NO
619,94,0.43655952380952373,NO
620,80,0.3286666666666667,NO
621,22,0.18,NO
622,21,0.18,NO
623,76,0.20350000000000001,NO
624,63,0.3828015873015873,NO
625,43,0.5632813852813853,NO
626,86,0.17404761904761906,NO
627,67,0.16710317460317461,NO
628,80,0.24166666666666667,NO
629,97,0.4374913419913419,NO
630,76,0.14,NO
631,65,0.17599206349206348,NO
632,22,0.13,NO
633,47,0.4404563492063492,NO
634,35,0.63,NO
635,31,0.5,NO
636,35,0.63,NO
637,41,0.6464126984126984,NO
638,36,0.67,NO
639,59,0.2176031746031746,NO
640,39,0.6484126984126984,NO
641,41,0.6384126984126984,NO
642,36,0.67,NO
643,33,0.62,NO
644,52,0.33110317460317457,NO
645,21,0.13,NO
646,27,0.13,NO
647,26,0.13,NO
648,29,0.59,NO
649,33,0.62,NO
650,28,0.14,NO
651,28,0.14,NO
652,33,0.62,NO
653,232,0.11,NO
654,24,0.13,NO
655,27,0.13,NO
656,37,0.67,NO
657,41,0.6355555555555557,NO
658,18,0.13,NO
659,21,0.13,NO
660,43,0.5524242424242424,NO
661,45,0.6312716450216451,NO
662,46,0.43759920634920635,NO
663,42,0.5474242424242424,NO
664,28,0.14,NO
665,51,0.26910317460317457,NO
666,50,0.26910317460317457,NO
667,31,0.5,NO
668,18,0.13,NO
669,23,0.13,NO
670,29,0.59,NO
671,22,0.13,NO
672,192,0.40264285714285714,NO
673,39,0.16555555555555557,NO
674,40,0.13,NO
675,90,0.13916666666666666,NO
676,33,0.17,NO
677,33,0.17,NO
678,37,0.19,NO
679,39,0.12,NO
680,58,0.03,NO
681,22,0.02,NO
682,22,0.02,NO
683,58,0.03,NO
684,22,0.01,NO
685,82,0.17597619047619048,NO
686,64,0.2612103174603174,NO
687,65,0.09222222222222222,NO
688,21,0.01,NO
689,22,0.01,NO
690,107,0.01,NO
691,127,0.12,NO
692,47,0.016,NO
693,133,0.28,NO
694,22,0.01,NO
695,21,0.01,NO
696,109,0.02,NO
697,23,0.0,NO
698,39,0.06,NO
699,40,0.06,NO
700,31,0.09,NO
701,31,0.09,NO
702,31,0.09,NO
703,31,0.09,NO
704,42,0.03296428571428571,NO
705,31,0.09,NO
706,31,0.09,NO
707,22,0.0,NO
708,125,0.2,NO
709,163,0.37,NO
710,21,0.0,NO
711,185,0.03,NO
712,29,0.24,NO
713,93,0.14725757575757575,NO
714,61,0.05,NO
715,71,0.0,NO
716,22,0.0,NO
717,142,0.19,NO
718,78,0.49,NO
719,122,0.19,NO
720,237,0.07,NO
721,153,0.2,NO
722,59,0.04,NO
723,35,0.08,NO
724,42,0.0,NO
725,45,0.1138474025974026,NO
726,100,0.1595238095238095,NO
727,78,0.49,NO
728,62,0.04,NO
729,25,0.0,NO
730,95,0.12607142857142858,NO
731,22,0.0,NO
732,22,0.0,NO
733,117,0.12,NO
734,23,0.0,NO
735,90,0.1325,NO
736,22,0.0,NO
737,36,0.21,NO
738,135,0.43,NO
739,67,0.06333333333333335,NO
740,162,0.55,NO
741,122,0.28,NO
742,76,0.0,NO
743,22,0.0,NO
744,82,0.059309523809523805,NO
745,352,0.6485714285714286,NO
746,308,0.5675,NO
747,266,0.49,NO
748,38,0.2,NO
749,89,0.0,NO
750,18,0.0,NO
751,57,0.0,NO
752,86,0.0,NO
753,69,0.0275,NO
754,25,0.0,NO
755,31,0.07,NO
756,21,0.0,NO
757,158,0.29,NO
758,21,0.0,NO
759,38,0.03,NO
760,51,0.0,NO
761,23,0.0,NO
762,126,0.29,NO
763,38,0.03,NO
764,55,0.0,NO
765,22,0.0,NO
766,47,0.0,NO
767,37,0.01,NO
768,24,0.0,NO
769,41,0.0,NO
770,38,0.03,NO
771,48,0.0,NO
772,22,0.0,NO
773,60,0.1275,NO
774,35,0.01,NO
775,42,0.0,NO
776,67,0.06333333333333335,NO
777,33,0.01,NO
778,76,0.0,NO
779,91,0.11483333333333333,NO
780,38,0.03,NO
781,97,0.073,NO
782,28,0.0,NO
783,36,0.16,NO
784,23,0.0,NO
785,35,0.0,NO
786,21,0.0,NO
787,161,0.594848484848485,NO
788,22,0.0,NO
789,72,0.39,NO
790,33,0.07,NO
791,32,0.04,NO
792,187,0.0,NO
793,28,0.0,NO
794,39,0.0,NO
795,21,0.0,NO
796,31,0.0,NO
797,21,0.0,NO
798,22,0.0,NO
799,27,0.0,NO
800,62,0.0,NO
801,95,0.03875,NO
802,22,0.0,NO
803,208,0.025,NO
804,54,0.04,NO
805,21,0.0,NO
806,57,0.0,NO
807,37,0.0,NO
808,36,0.0,NO
809,28,0.0,NO
810,57,0.0,NO
811,94,0.0,NO
812,35,0.0,NO
813,44,0.02,NO
814,31,0.0,NO
815,31,0.0,NO
816,22,0.0,NO
817,41,0.0,NO
818,185,0.14,NO
819,48,0.02,NO
820,46,0.02,NO
821,34,0.0,NO
822,80,0.08,NO
823,55,0.0,NO
824,59,0.0,NO
825,88,0.0682857142857143,NO
826,21,0.0,NO
827,40,0.0,NO
828,235,0.29,NO
829,22,0.0,NO
830,202,0.4419087301587301,NO
831,108,0.2568888888888889,NO
832,32,0.04,NO
833,556,0.46,NO
834,768,0.8491666666666667,NO
835,531,0.96,NO
836,1078,0.19,NO
837,347,0.8083928571428572,NO
838,724,0.92,NO
839,409,0.7525,NO
840,1383,0.68,NO
841,1336,0.16,NO
842,291,0.9239761904761905,NO
843,113,0.0,NO
844,89,0.14,NO
845,292,0.8,NO
846,218,0.29000000000000004,NO
847,3601,0.7836309523809524,NO
848,72,0.35,NO
849,231,0.46299999999999997,NO
850,70,0.0,NO
851,63,0.03,NO
852,110,0.0,NO
853,158,0.0,NO
854,227,0.0,NO
855,343,0.9600595238095238,NO
856,1157,0.12,NO
857,73,0.0,NO
858,72,0.0,NO
859,981,0.785,NO
860,765,0.74,NO
861,62,0.0,NO
862,409,0.4733333333333333,NO
863,234,0.483,NO
864,74,0.0,NO
865,58,0.0,NO
866,21,0.0,NO
867,931,0.23,NO
868,21,0.0,NO
869,77,0.21,NO
870,85,0.02,NO
871,427,0.4933333333333333,NO
872,198,0.0,NO
873,79,0.05,NO
874,52,0.05,NO
875,217,0.0,NO
876,279,0.53,NO
877,22,0.0,NO
878,25,0.0,NO
879,42,0.0,NO
880,67,0.0,NO
881,23,0.0,NO
882,637,0.1831547619047619,NO
883,23,0.0,NO
884,37,0.0,NO
885,35,0.0,NO
886,35,0.05,NO
887,84,0.0575,NO
888,449,0.5,NO
889,58,0.0,NO
890,92,0.0,NO
891,32,0.04,NO
892,521,0.96,NO
893,24,0.0,NO
894,42,0.01,NO
895,42,0.01,NO
896,36,0.21,NO
897,21,0.0,NO
898,94,0.12541666666666668,NO
899,388,0.4,NO
900,21,0.0,NO
901,53,0.0,NO
902,21,0.0,NO
903,105,0.408,NO
904,76,0.05,NO
905,29,0.01,NO
906,48,0.0,NO
907,137,0.30337698412698416,NO
908,21,0.0,NO
909,42,0.0,NO
910,21,0.0,NO
911,646,0.8099880952380952,NO
912,132,0.25,NO
913,90,0.0,NO
914,499,0.84,NO
915,268,0.75,NO
916,135,0.17,NO
917,240,0.68,NO
918,383,0.59,NO
919,21,0.0,NO
920,768,0.92,NO
921,21,0.0,NO
922,83,0.1018888888888889,NO
923,886,0.965,NO
924,287,0.88,NO
925,63,0.03,NO
926,129,0.42,NO
927,71,0.19,NO
928,21,0.0,NO
929,400,0.4733333333333333,NO
930,961,0.865,NO
931,76,0.06,NO
932,21,0.0,NO
933,21,0.0,NO
934,123,0.35,NO
935,151,0.47,NO
936,21,0.0,NO
937,131,0.0,NO
938,189,0.0,NO
939,37,0.0,NO
940,61,0.03,NO
941,21,0.0,NO
942,81,0.1,NO
943,74,0.19,NO
944,58,0.0,NO
945,51,0.0,NO
946,26,0.0,NO
947,21,0.0,NO
948,54,0.0,NO
949,43,0.02,NO
950,33,0.0,NO
951,36,0.0,NO
952,37,0.0,NO
953,28,0.0,NO
954,34,0.0,NO
955,36,0.0,NO
956,34,0.0,NO
957,99,0.06678571428571428,NO
958,52,0.19,NO
959,128,0.0,NO
960,38,0.0,NO
961,525,0.95,NO
962,1361,0.58,NO
963,129,0.45,NO
964,21,0.0,NO
965,114,0.0,NO
966,72,0.0,NO
967,70,0.0,NO
968,42,0.0,NO
969,99,0.0,NO
970,163,0.0,NO
971,46,0.0,NO
972,85,0.02,NO
973,247,0.0,NO
974,36,0.0,NO
975,37,0.0,NO
976,49,0.0,NO
977,21,0.0,NO
978,39,0.0,NO
979,227,0.09,NO
980,55,0.02,NO
981,175,0.0,NO
982,102,0.04,NO
983,64,0.21,NO
984,67,0.0,NO
985,180,0.21,NO
986,127,0.0,NO
987,51,0.0,NO
988,120,0.0,NO
989,21,0.0,NO
990,138,0.28,NO
991,181,0.21,NO
992,61,0.0,NO
993,21,0.0,NO
994,114,0.0,NO
995,66,0.0,NO
996,72,0.0,NO
997,75,0.0,NO
998,33,0.0,NO
999,21,0.0,NO
1000,46,0.0,NO
1001,46,0.0,NO
1002,51,0.0,NO
1003,38,0.0,NO
1004,40,0.0,NO
1005,21,0.0,NO
1006,781,0.5863333333333334,NO
1007,1323,0.5954999999999999,NO
1008,21,0.0,NO
1009,2645,0.10833333333333334,NO
1010,246,0.0,NO
1011,21,0.0,NO
1012,100,0.0,NO
1013,57,0.0,NO
1014,68,0.13,NO
1015,372,0.29,NO
1016,147,0.54,NO
1017,45,0.0,NO
1018,116,0.5225833333333333,NO
1019,40,0.0,NO
1020,97,0.0,NO
1021,758,0.18,NO
1022,21,0.0,NO
1023,55,0.0,NO
1024,199,0.5117857142857142,NO
1025,64,0.21,NO
1026,103,0.3360703463203464,NO
1027,71,0.0,NO
1028,245,0.26,NO
1029,21,0.0,NO
1030,343,0.39799999999999996,NO
1031,244,0.0,NO
1032,142,0.6371428571428571,NO
1033,22,0.0,NO
1034,266,0.11708333333333334,NO
1035,126,0.0,NO
1036,170,0.0,NO
1037,648,0.0,NO
1038,150,0.0,NO
1039,65,0.0,NO
1040,119,0.0,NO
1041,42,0.0,NO
1042,54,0.0,NO
1043,32,0.04,NO
1044,30,0.0,NO
1045,40,0.0,NO
1046,30,0.0,NO
1047,34,0.0,NO
1048,58,0.0,NO
1049,34,0.0,NO
1050,34,0.0,NO
1051,30,0.0,NO
1052,30,0.0,NO
1053,49,0.0,NO
1054,34,0.0,NO
1055,38,0.0,NO
1056,30,0.0,NO
1057,34,0.0,NO
1058,31,0.0,NO
1059,42,0.0,NO
1060,30,0.0,NO
1061,29,0.01,NO
1062,30,0.0,NO
1063,31,0.0,NO
1064,32,0.04,NO
1065,31,0.0,NO
1066,30,0.0,NO
1067,34,0.0,NO
1068,30,0.0,NO
1069,37,0.0,NO
1070,38,0.0,NO
1071,31,0.0,NO
1072,32,0.04,NO
1073,31,0.0,NO
1074,34,0.0,NO
1075,30,0.0,NO
1076,122,0.0,NO
1077,30,0.0,NO
1078,30,0.0,NO
1079,30,0.0,NO
1080,45,0.0,NO
1081,38,0.0,NO
1082,30,0.0,NO
1083,43,0.02,NO
1084,31,0.0,NO
1085,21,0.0,NO
1086,21,0.0,NO
1087,110,0.379737012987013,NO
1088,59,0.14633333333333332,NO
1089,22,0.0,NO
1090,354,0.258,NO
1091,38,0.0,NO
1092,22,0.0,NO
1093,69,0.0475,NO
1094,324,0.22833333333333336,NO
1095,100,0.0817857142857143,NO
1096,18,0.0,NO
1097,51,0.0,NO
1098,247,0.29,NO
1099,33,0.0,NO
1100,34,0.0,NO
1101,34,0.0,NO
1102,18,0.0,NO
1103,37,0.0,NO
1104,18,0.0,NO
1105,49,0.0,NO
1106,138,0.33,NO
1107,109,0.06666666666666665,NO
1108,79,0.12277777777777779,NO
1109,68,0.51,NO
1110,73,0.01,NO
1111,18,0.0,NO
1112,53,0.02,NO
1113,44,0.0,NO
1114,22,0.0,NO
1115,18,0.0,NO
1116,85,0.13297619047619047,NO
1117,131,0.495,NO
1118,53,0.02,NO
1119,57,0.03,NO
1120,64,0.20130952380952377,NO
1121,18,0.0,NO
1122,75,0.01,NO
1123,66,0.02,NO
1124,74,0.01,NO
1125,33,0.0,NO
1126,54,0.02,NO
1127,53,0.02,NO
1128,23,0.0,NO
1129,39,0.0,NO
1130,50,0.0,NO
1131,31,0.02,NO
1132,39,0.0,NO
1133,39,0.0,NO
1134,22,0.0,NO
1135,27,0.0,NO
1136,28,0.0,NO
1137,30,0.02,NO
1138,34,0.0,NO
1139,41,0.0,NO
1140,59,0.11,NO
1141,31,0.02,NO
1142,51,0.0,NO
1143,72,0.03,NO
1144,23,0.0,NO
1145,507,0.70975,NO
1146,48,0.0,NO
1147,77,0.01,NO
1148,43,0.0,NO
1149,38,0.0,NO
1150,47,0.0,NO
1151,22,0.0,NO
1152,22,0.0,NO
1153,86,0.3266111111111111,NO
1154,43,0.0,NO
1155,518,0.72775,NO
1156,37,0.0,NO
1157,23,0.0,NO
1158,97,0.26825,NO
1159,107,0.26,NO
1160,177,0.14800000000000002,NO
1161,688,0.22682142857142856,NO
1162,23,0.0,NO
1163,152,0.67,NO
1164,139,0.49,NO
1165,140,0.49,NO
1166,129,0.9275,NO
1167,1046,0.4208928571428572,NO
1168,46,0.01,NO
1169,271,0.4805,NO
1170,112,0.44,NO
1171,95,0.7390952380952381,NO
1172,107,0.3,NO
1173,143,0.795,NO
1174,22,0.0,NO
1175,22,0.0,NO
1176,22,0.0,NO
1177,44,0.0,NO
1178,77,0.02,NO
1179,168,0.193,NO
1180,236,0.603,NO
1181,131,0.6360555555555556,NO
1182,154,0.0,NO
1183,232,0.0,NO
1184,142,0.0,NO
1185,23,0.0,NO
1186,110,0.3188888888888889,NO
1187,21,0.0,NO
1188,22,0.0,NO
1189,22,0.0,NO
1190,22,0.0,NO
1191,42,0.0,NO
1192,46,0.01,NO
1193,18,0.0,NO
1194,39,0.0,NO
1195,22,0.0,NO
1196,38,0.0,NO
1197,25,0.0,NO
1198,104,0.01,NO
1199,22,0.0,NO
1200,92,0.33804329004329003,NO
1201,22,0.0,NO
1202,17,0.0,NO
1203,58,0.06,NO
1204,31,0.02,NO
1205,27,0.0,NO
1206,36,0.15,NO
1207,58,0.06,NO
1208,31,0.02,NO
1209,22,0.0,NO
1210,68,0.5,NO
1211,17,0.0,NO
1212,31,0.02,NO
1213,28,0.0,NO
1214,31,0.02,NO
1215,36,0.15,NO
1216,17,0.0,NO
1217,17,0.0,NO
1218,144,0.35,NO
1219,123,0.32,NO
1220,44,0.0,NO
1221,70,0.01,NO
1222,208,0.07666666666666666,NO
1223,106,0.3403293650793651,NO
1224,36,0.17,NO
1225,338,0.1155,NO
1226,292,0.5475,NO
1227,22,0.0,NO
1228,56,0.07,NO
1229,56,0.07,NO
1230,36,0.18,NO
1231,145,0.639090909090909,NO
1232,37,0.03,NO
1233,662,0.5412261904761905,NO
1234,22,0.0,NO
1235,475,0.07,NO
1236,22,0.0,NO
1237,22,0.0,NO
1238,58,0.04,NO
1239,164,0.23,NO
1240,77,0.24,NO
1241,348,0.14714285714285716,NO
1242,45,0.0625378787878788,NO
1243,139,0.22857142857142856,NO
1244,119,0.41509920634920633,NO
1245,113,0.3450992063492063,NO
1246,163,0.35,NO
1247,117,0.36509920634920634,NO
1248,18,0.0,NO
1249,22,0.0,NO
1250,48,0.0,NO
1251,266,0.4,NO
1252,22,0.0,NO
1253,18,0.0,NO
1254,209,0.285,NO
1255,43,0.02,NO
1256,187,0.26008333333333333,NO
1257,41,0.0,NO
1258,188,0.018000000000000002,NO
1259,30,0.0,NO
1260,66,0.0,NO
1261,57,0.0,NO
