ID, Size, Predicted, Actual
0,212,0.19405730765101747,NO
1,274,0.1225216247085641,NO
2,461,0.12778227967332517,YES
3,138,0.1183171754064377,NO
4,358,0.12501397915719997,NO
5,1272,0.9999999507959284,YES
6,51,0.11658446210113355,NO
7,45,0.11658446210113355,NO
8,157,0.11927412165764133,NO
9,31,0.11658446210113355,NO
10,1406,0.9996462429258876,YES
11,55,0.11658446210113355,NO
12,204,0.12029299982240634,NO
13,55,0.11658446210113355,NO
14,103,0.11742098826574401,NO
15,34,0.18856211918417026,NO
16,83,0.11742098826574401,NO
17,285,0.661810904102527,NO
18,83,0.11742098826574401,NO
19,129,0.19113313738122314,NO
20,867,0.14628700884411686,YES
21,380,0.2010117295611709,NO
22,40,0.11658446210113355,NO
23,387,0.12501397915719997,YES
24,390,0.12501397915719997,NO
25,51,0.11658446210113355,NO
26,637,0.13420232284463893,YES
27,32,0.11658446210113355,NO
28,68,0.11742098826574401,YES
29,547,0.1308400801210665,YES
30,566,0.1308400801210665,NO
31,314,0.1973459647517236,YES
32,907,0.7098499802853467,YES
33,275,0.661810904102527,NO
34,31,0.11658446210113355,NO
35,50,0.11658446210113355,NO
36,27,0.11658446210113355,NO
37,175,0.11927412165764133,NO
38,50,0.11658446210113355,NO
39,62,0.11658446210113355,NO
40,87,0.11742098826574401,NO
41,52,0.11658446210113355,NO
42,373,0.12501397915719997,NO
43,224,0.12029299982240634,NO
44,118,0.1183171754064377,YES
45,83,0.18980414244449167,NO
46,147,0.11927412165764133,NO
47,58,0.11658446210113355,NO
48,44,0.11658446210113355,NO
49,106,0.1183171754064377,NO
50,238,0.19565531665925487,NO
51,43,0.18856211918417026,NO
52,185,0.19255040024360318,YES
53,189,0.12029299982240634,NO
54,151,0.11927412165764133,NO
55,364,0.995542455050679,YES
56,910,1.0,YES
57,889,1.0,YES
58,43,0.18856211918417026,NO
59,325,0.9994311230790272,YES
60,27,0.11658446210113355,NO
61,55,0.11658446210113355,NO
62,93,0.18980414244449167,NO
63,191,0.12029299982240634,NO
64,90,0.11742098826574401,NO
65,89,0.18980414244449167,NO
66,272,0.9994185124595015,YES
67,152,0.19255040024360318,NO
68,90,0.11742098826574401,YES
69,82,0.11742098826574401,NO
70,148,0.19255040024360318,NO
71,421,0.9994446209673421,YES
72,1190,1.0,YES
73,528,0.20953145753103025,YES
74,205,0.99534345218767,YES
75,190,0.12029299982240634,NO
76,86,0.11742098826574401,NO
77,212,0.9994125627981911,YES
78,404,0.9994446209673421,YES
79,572,0.21192033313890796,NO
80,132,0.9952554768080452,YES
81,168,0.19255040024360318,NO
82,109,0.1183171754064377,YES
83,85,0.11742098826574401,NO
84,107,0.19113313738122314,NO
85,237,0.12137505874004872,NO
86,511,0.20724821126680032,YES
87,47,0.11658446210113355,NO
88,1328,1.0,YES
89,27,0.11658446210113355,NO
90,89,0.11742098826574401,NO
91,482,0.20506850393386386,YES
92,226,0.99534345218767,YES
93,166,0.11927412165764133,NO
94,92,0.18980414244449167,NO
95,476,0.12778227967332517,NO
96,93,0.18980414244449167,NO
97,244,0.12137505874004872,NO
98,204,0.12029299982240634,NO
99,252,0.12137505874004872,NO
100,119,0.9952554768080452,YES
101,733,0.21974276389933378,NO
102,630,1.0,YES
103,69,0.11742098826574401,NO
104,77,0.11742098826574401,NO
105,97,0.11742098826574401,NO
106,380,0.2010117295611709,NO
107,214,0.12029299982240634,NO
108,38,0.18856211918417026,NO
109,79,0.11742098826574401,NO
110,25,0.11658446210113355,NO
111,84,0.11742098826574401,NO
112,34,0.11658446210113355,NO
113,33,0.11658446210113355,NO
114,104,0.11742098826574401,NO
115,193,0.19405730765101747,NO
116,70,0.11742098826574401,NO
117,140,0.1183171754064377,NO
118,22,0.18856211918417026,NO
119,156,0.11927412165764133,NO
120,142,0.1183171754064377,NO
121,100,0.18980414244449167,NO
122,152,0.11927412165764133,NO
123,31,0.11658446210113355,NO
124,60,0.11658446210113355,NO
125,60,0.11658446210113355,NO
126,876,0.14628700884411686,NO
127,61,0.11658446210113355,NO
128,185,0.11927412165764133,NO
129,264,0.12137505874004872,NO
130,43,0.11658446210113355,NO
131,248,0.12137505874004872,NO
132,361,0.9994377658234869,YES
133,199,0.19405730765101747,NO
134,194,0.12029299982240634,NO
135,346,0.12373410295637496,NO
136,91,0.18980414244449167,NO
137,335,0.9994311230790272,YES
138,370,0.6669354835307731,NO
139,82,0.18980414244449167,NO
140,53,0.11658446210113355,NO
141,148,0.19255040024360318,NO
142,4088,0.7564444445182563,NO
143,88,0.18980414244449167,NO
144,878,1.0,YES
145,37,0.18856211918417026,NO
146,48,0.18856211918417026,NO
147,47,0.11658446210113355,NO
148,101,0.11742098826574401,NO
149,556,1.0,YES
150,360,1.0,YES
151,284,1.0,YES
152,135,0.19113313738122314,NO
153,56,0.11658446210113355,NO
154,78,0.9952146025474405,YES
155,409,0.9994446209673421,YES
156,174,0.11927412165764133,NO
157,148,0.11927412165764133,NO
158,88,0.18980414244449167,NO
159,45,0.11658446210113355,YES
160,39,0.11658446210113355,NO
161,182,0.11927412165764133,NO
162,77,0.11742098826574401,NO
163,666,0.1360026717656876,NO
164,104,0.18980414244449167,YES
165,263,0.12137505874004872,YES
166,54,0.11658446210113355,NO
167,76,0.11742098826574401,NO
168,119,0.19113313738122314,NO
169,200,0.99534345218767,YES
170,152,0.11927412165764133,NO
171,39,0.11658446210113355,NO
172,677,0.1360026717656876,NO
173,131,0.1183171754064377,NO
174,47,0.11658446210113355,NO
175,100,0.18980414244449167,NO
176,43,0.11658446210113355,NO
177,73,0.11742098826574401,NO
178,257,0.12137505874004872,NO
179,356,0.12373410295637496,NO
180,62,0.11658446210113355,NO
181,45,0.11658446210113355,NO
182,97,0.11742098826574401,NO
183,131,0.1183171754064377,YES
184,68,0.11742098826574401,YES
185,99,0.11742098826574401,NO
186,53,0.11658446210113355,NO
187,81,0.11742098826574401,NO
188,78,0.11742098826574401,YES
189,69,0.11742098826574401,NO
190,69,0.11742098826574401,NO
191,77,0.11742098826574401,NO
192,72,0.11742098826574401,NO
193,72,0.11742098826574401,NO
194,63,0.11742098826574401,NO
195,50,0.11658446210113355,NO
196,28,0.11658446210113355,NO
197,96,0.11742098826574401,NO
198,40,0.11658446210113355,NO
199,76,0.11742098826574401,NO
200,49,0.11658446210113355,NO
201,63,0.11742098826574401,NO
202,55,0.11658446210113355,NO
203,45,0.11658446210113355,NO
204,476,0.12778227967332517,NO
205,77,0.11742098826574401,NO
206,69,0.11742098826574401,NO
207,104,0.11742098826574401,NO
208,115,0.1183171754064377,NO
209,421,0.1263628209810446,NO
210,61,0.11658446210113355,NO
211,2009,0.25347935388056525,NO
212,179,0.11927412165764133,NO
213,106,0.1183171754064377,NO
214,33,0.11658446210113355,NO
215,657,0.1360026717656876,NO
216,295,0.1225216247085641,NO
217,872,0.14628700884411686,NO
218,444,0.12778227967332517,NO
219,168,0.11927412165764133,NO
220,752,0.1398527569629988,NO
221,135,0.1183171754064377,NO
222,1126,0.16179293111113796,NO
223,163,0.11927412165764133,NO
224,184,0.11927412165764133,NO
225,51,0.11658446210113355,NO
226,25,0.11658446210113355,NO
227,180,0.11927412165764133,NO
228,64,0.11742098826574401,NO
229,101,0.11742098826574401,NO
230,512,0.1292740916532129,NO
231,187,0.11927412165764133,NO
232,56,0.11658446210113355,NO
233,39,0.11658446210113355,NO
234,261,0.12137505874004872,NO
235,73,0.11742098826574401,NO
236,65,0.11742098826574401,NO
237,329,0.12373410295637496,NO
238,64,0.11742098826574401,NO
239,164,0.11927412165764133,NO
240,624,0.13420232284463893,NO
241,74,0.11742098826574401,NO
242,117,0.1183171754064377,NO
243,84,0.11742098826574401,NO
244,226,0.12029299982240634,NO
245,76,0.11742098826574401,NO
246,323,0.12373410295637496,NO
247,72,0.11742098826574401,NO
248,42,0.11658446210113355,NO
249,48,0.11658446210113355,NO
250,89,0.11742098826574401,NO
251,380,0.12501397915719997,NO
252,141,0.1183171754064377,NO
253,148,0.11927412165764133,NO
254,191,0.12029299982240634,NO
255,46,0.11658446210113355,NO
256,165,0.11927412165764133,NO
257,171,0.11927412165764133,NO
258,56,0.11658446210113355,NO
259,179,0.11927412165764133,NO
260,74,0.11742098826574401,NO
261,36,0.11658446210113355,NO
262,37,0.11658446210113355,NO
263,34,0.11658446210113355,NO
264,34,0.11658446210113355,NO
265,38,0.11658446210113355,NO
266,39,0.11658446210113355,NO
267,156,0.11927412165764133,NO
268,84,0.11742098826574401,NO
269,117,0.1183171754064377,NO
270,94,0.11742098826574401,NO
271,71,0.11742098826574401,NO
272,183,0.11927412165764133,NO
273,85,0.11742098826574401,NO
274,183,0.11927412165764133,NO
275,70,0.11742098826574401,NO
276,54,0.11658446210113355,NO
277,160,0.11927412165764133,NO
278,128,0.1183171754064377,NO
279,151,0.11927412165764133,NO
280,422,0.1263628209810446,NO
281,221,0.12029299982240634,NO
282,50,0.11658446210113355,NO
283,42,0.11658446210113355,NO
284,624,0.13420232284463893,NO
285,377,0.12501397915719997,NO
286,382,0.12501397915719997,NO
287,72,0.11742098826574401,NO
288,92,0.11742098826574401,NO
289,282,0.1225216247085641,NO
290,371,0.12501397915719997,NO
291,47,0.11658446210113355,NO
292,108,0.1183171754064377,NO
293,111,0.1183171754064377,NO
294,319,0.12373410295637496,NO
295,129,0.1183171754064377,NO
296,49,0.11658446210113355,NO
297,358,0.12501397915719997,NO
298,277,0.1225216247085641,NO
299,49,0.11658446210113355,NO
300,89,0.11742098826574401,NO
301,41,0.11658446210113355,NO
302,66,0.11742098826574401,NO
303,63,0.11742098826574401,NO
304,24,0.11658446210113355,NO
305,50,0.11658446210113355,NO
306,72,0.11742098826574401,NO
307,47,0.11658446210113355,NO
308,47,0.11658446210113355,NO
309,183,0.11927412165764133,NO
310,49,0.11658446210113355,NO
311,50,0.11658446210113355,NO
312,98,0.11742098826574401,NO
313,143,0.1183171754064377,NO
314,43,0.11658446210113355,NO
315,42,0.11658446210113355,NO
316,56,0.11658446210113355,NO
317,44,0.11658446210113355,NO
318,26,0.11658446210113355,NO
319,254,0.12137505874004872,NO
320,16883,0.13467914439398018,NO
321,74,0.11742098826574401,NO
322,153,0.11927412165764133,NO
323,68,0.11742098826574401,NO
324,100,0.11742098826574401,NO
325,550,0.1308400801210665,NO
326,437,0.1263628209810446,NO
327,1038,0.1562065174179911,NO
328,104,0.11742098826574401,NO
329,332,0.12373410295637496,NO
330,123,0.1183171754064377,NO
331,106,0.1183171754064377,NO
332,105,0.19113313738122314,NO
333,94,0.11742098826574401,NO
334,101,0.11742098826574401,NO
335,38,0.11658446210113355,NO
336,666,0.9959524058961222,YES
337,32,0.11658446210113355,NO
338,111,0.1183171754064377,NO
339,35,0.11658446210113355,NO
340,90,0.11742098826574401,NO
341,27,0.11658446210113355,NO
342,28,0.11658446210113355,NO
343,92,0.11742098826574401,NO
344,979,0.1510459396258328,NO
345,67,0.11742098826574401,NO
346,29,0.11658446210113355,NO
347,105,0.1183171754064377,NO
348,72,0.11742098826574401,NO
349,37,0.11658446210113355,NO
350,47,0.11658446210113355,NO
351,31,0.11658446210113355,NO
352,90,0.11742098826574401,NO
353,223,0.12029299982240634,NO
354,214,0.12029299982240634,NO
355,107,0.1183171754064377,NO
356,37,0.11658446210113355,NO
357,27,0.11658446210113355,NO
358,48,0.11658446210113355,NO
359,167,0.11927412165764133,NO
360,213,0.12029299982240634,NO
361,867,0.14628700884411686,NO
362,159,0.11927412165764133,NO
363,100,0.11742098826574401,NO
364,96,0.11742098826574401,NO
365,842,0.1440510437483388,NO
366,535,0.1308400801210665,NO
367,83,0.11742098826574401,NO
368,63,0.11742098826574401,NO
369,76,0.11742098826574401,NO
370,202,0.12029299982240634,NO
371,155,0.11927412165764133,NO
372,1263,0.17102786408548207,NO
373,74,0.11742098826574401,NO
374,101,0.11742098826574401,NO
375,27,0.11658446210113355,NO
376,22,0.11658446210113355,NO
377,491,0.1292740916532129,NO
378,62,0.11658446210113355,NO
379,59,0.11658446210113355,NO
380,99,0.11742098826574401,NO
381,27,0.11658446210113355,NO
382,77,0.11742098826574401,NO
383,863,0.14628700884411686,NO
384,64,0.11742098826574401,NO
385,45,0.11658446210113355,NO
386,63,0.11742098826574401,NO
387,54,0.11658446210113355,NO
388,64,0.11742098826574401,NO
389,132,0.1183171754064377,NO
390,182,0.11927412165764133,NO
391,70,0.11742098826574401,NO
392,36,0.11658446210113355,NO
393,58,0.11658446210113355,NO
394,62,0.11658446210113355,NO
395,132,0.1183171754064377,NO
396,74,0.11742098826574401,NO
397,86,0.11742098826574401,NO
398,74,0.11742098826574401,NO
399,48,0.11658446210113355,NO
400,74,0.11742098826574401,NO
401,86,0.11742098826574401,NO
402,355,0.12373410295637496,NO
403,53,0.11658446210113355,NO
404,804,0.14190715045193306,NO
405,75,0.11742098826574401,NO
406,125,0.1183171754064377,NO
407,200,0.12029299982240634,NO
408,134,0.1183171754064377,NO
409,57,0.11658446210113355,NO
410,123,0.1183171754064377,NO
411,314,0.9954392962092802,YES
412,162,0.11927412165764133,NO
413,137,0.9952554768080452,YES
414,124,0.9952554768080452,YES
415,359,0.995542455050679,YES
416,151,0.9952984477464825,YES
417,107,0.9952554768080452,YES
418,28,0.11658446210113355,NO
419,58,0.11658446210113355,NO
420,470,0.9956523417017759,YES
421,347,0.995489997251457,YES
422,103,0.11742098826574401,NO
423,35,0.11658446210113355,NO
424,98,0.11742098826574401,NO
425,117,0.1183171754064377,NO
