ID, Size, Predicted, Actual
0,215,9.165902841429881E-5,NO
1,274,1.2220457045093486E-4,YES
2,461,0.9996335654085744,NO
3,138,0.16670740650207772,NO
4,358,3.6667644470519214E-5,NO
5,93,3.6667644470519214E-5,NO
6,1379,3.6643459142543056E-4,YES
7,51,1.929943066679533E-5,NO
8,45,0.07693501071871826,NO
9,157,0.20004399794676248,NO
10,31,1.5943114965802018E-5,NO
11,1743,0.9996335654085744,YES
12,55,2.0371577574967405E-5,NO
13,204,0.1250343752864607,NO
14,55,2.0371577574967405E-5,NO
15,103,0.07694694384114178,NO
16,34,2.0371577574967405E-5,NO
17,83,0.11112695567144719,NO
18,488,3.6643459142543056E-4,NO
19,83,0.11112695567144719,NO
20,129,3.6667644470519214E-5,NO
21,885,0.5,NO
22,440,3.6643459142543056E-4,NO
23,40,4.074149521287431E-5,NO
24,391,1.2220457045093486E-4,NO
25,378,7.332991127080736E-5,NO
26,51,1.929943066679533E-5,NO
27,709,0.9996335654085744,YES
28,32,0.13335126017552007,NO
29,68,0.25001527837193666,YES
30,564,3.6643459142543056E-4,YES
31,588,3.6643459142543056E-4,NO
32,381,3.6643459142543056E-4,YES
33,977,3.6643459142543056E-4,NO
34,275,0.3333740681901503,NO
35,31,1.5943114965802018E-5,NO
36,50,1.1459216647949946E-5,NO
37,27,7.802076912874208E-6,NO
38,183,0.050016501045066185,NO
39,50,1.1459216647949946E-5,NO
40,62,1.3581236164115657E-5,NO
41,87,0.1428945576449636,NO
42,52,0.2857367345869781,NO
43,419,3.6643459142543056E-4,YES
44,224,1.2220457045093486E-4,NO
45,118,9.165902841429881E-5,YES
46,83,0.11112695567144719,NO
47,147,3.055674387337285E-5,NO
48,120,3.6643459142543056E-4,NO
49,58,0.03572644647581131,NO
50,44,2.8206357713028514E-5,NO
51,106,0.050016501045066185,YES
52,238,1.832844574780059E-4,NO
53,43,0.04546969797986532,NO
54,195,9.165902841429881E-5,YES
55,189,6.11097531165974E-5,NO
56,151,3.6667644470519214E-5,NO
57,395,0.5,YES
58,1013,0.9996335654085744,YES
59,913,3.6643459142543056E-4,YES
60,43,0.04546969797986532,NO
61,335,0.9996335654085744,YES
62,27,7.802076912874208E-6,NO
63,55,2.0371577574967405E-5,NO
64,93,3.6667644470519214E-5,NO
65,191,3.333444448148272E-5,NO
66,90,0.13637575838389226,NO
67,89,1.929943066679533E-5,NO
68,273,0.20004399794676248,NO
69,191,3.333444448148272E-5,NO
70,97,6.11097531165974E-5,NO
71,82,4.583371528096067E-5,NO
72,148,0.15790794171571937,NO
73,437,7.332991127080736E-5,NO
74,1376,3.6643459142543056E-4,YES
75,214,3.055674387337285E-5,YES
76,528,0.9996335654085744,NO
77,209,3.6643459142543056E-4,NO
78,190,1.832844574780059E-4,NO
79,86,2.4445693891021096E-5,NO
80,269,0.9996335654085744,YES
81,408,3.6643459142543056E-4,YES
82,572,1.832844574780059E-4,NO
83,132,1.833449451798614E-5,NO
84,173,0.9996335654085744,NO
85,107,4.583371528096067E-5,NO
86,85,2.619172341540073E-5,NO
87,107,4.583371528096067E-5,NO
88,250,0.5,NO
89,237,0.20004399794676248,NO
90,692,0.9996335654085744,YES
91,47,8.527839130842636E-6,NO
92,1487,3.6643459142543056E-4,YES
93,27,7.802076912874208E-6,NO
94,89,1.929943066679533E-5,NO
95,509,0.9996335654085744,YES
96,227,1.832844574780059E-4,NO
97,129,3.6667644470519214E-5,YES
98,101,0.999816715542522,YES
99,385,3.6643459142543056E-4,NO
100,102,0.9996335654085744,YES
101,41,3.055674387337285E-5,NO
102,244,6.11097531165974E-5,NO
103,215,9.165902841429881E-5,NO
104,260,0.9996335654085744,NO
105,119,1.2220457045093486E-4,NO
106,701,0.9996335654085744,NO
107,120,3.6643459142543056E-4,YES
108,630,3.6643459142543056E-4,YES
109,69,0.05557366362451108,NO
110,77,0.06452643158778788,NO
111,97,6.11097531165974E-5,NO
112,380,4.583371528096067E-5,NO
113,214,3.055674387337285E-5,NO
114,38,0.11766355341774336,NO
115,79,3.6667644470519214E-5,NO
116,25,3.333444448148272E-5,NO
117,84,0.04001349428692961,NO
118,34,2.0371577574967405E-5,NO
119,33,3.333444448148272E-5,NO
120,104,0.11766355341774336,NO
121,193,0.20004399794676248,NO
122,70,1.929943066679533E-5,NO
123,140,5.238070294903358E-5,NO
124,22,3.6667644470519214E-5,NO
125,156,3.6667644470519214E-5,NO
126,142,9.165902841429881E-5,NO
127,100,2.4445693891021096E-5,YES
128,153,0.09093636454548483,NO
129,31,1.5943114965802018E-5,NO
130,340,0.5,NO
131,61,0.09093636454548483,NO
132,61,0.09093636454548483,NO
133,877,0.5,NO
134,62,1.3581236164115657E-5,NO
135,186,3.6643459142543056E-4,NO
136,264,9.165902841429881E-5,NO
137,42,1.666777785185679E-5,NO
138,248,7.332991127080736E-5,NO
139,343,0.5,YES
140,199,1.2220457045093486E-4,YES
141,330,3.6643459142543056E-4,YES
142,346,7.332991127080736E-5,YES
143,89,1.929943066679533E-5,NO
144,193,0.20004399794676248,YES
145,406,3.6643459142543056E-4,YES
146,82,4.583371528096067E-5,NO
147,53,2.4445693891021096E-5,NO
148,148,0.15790794171571937,NO
149,4774,3.6643459142543056E-4,YES
150,4088,7.332991127080736E-5,NO
151,93,3.6667644470519214E-5,NO
152,78,0.5714210884710074,NO
153,78,0.5714210884710074,NO
154,995,0.9996335654085744,YES
155,37,1.3581236164115657E-5,NO
156,59,5.238070294903358E-5,NO
157,140,5.238070294903358E-5,NO
158,165,0.11114279894072111,NO
159,47,8.527839130842636E-6,NO
160,101,0.08696969213845,NO
161,109,0.2000220005866823,NO
162,154,0.9999083409715859,NO
163,559,3.6643459142543056E-4,YES
164,386,3.6643459142543056E-4,NO
165,306,0.9996335654085744,YES
166,135,4.583371528096067E-5,NO
167,56,0.04168067226890756,NO
168,78,0.5714210884710074,NO
169,35,0.06252005316954667,NO
170,467,3.6643459142543056E-4,YES
171,174,4.583371528096067E-5,NO
172,148,0.15790794171571937,NO
173,88,0.3571503404924044,NO
174,52,0.2857367345869781,NO
175,39,1.4103576667042762E-5,NO
176,208,3.6643459142543056E-4,YES
177,77,0.06452643158778788,NO
178,666,7.332991127080736E-5,NO
179,146,3.055674387337285E-5,NO
180,272,0.5999853340177459,YES
181,54,1.7461453840646773E-5,NO
182,100,2.4445693891021096E-5,NO
183,119,1.2220457045093486E-4,NO
184,363,0.9996335654085744,NO
185,152,3.333444448148272E-5,NO
186,39,1.4103576667042762E-5,NO
187,677,9.165902841429881E-5,NO
188,131,0.1428945576449636,NO
189,47,8.527839130842636E-6,NO
190,100,2.4445693891021096E-5,NO
191,43,0.04546969797986532,NO
192,73,4.583371528096067E-5,NO
193,234,0.9996335654085744,NO
194,62,1.3581236164115657E-5,NO
195,45,0.07693501071871826,NO
196,41,3.055674387337285E-5,NO
197,47,8.527839130842636E-6,NO
198,55,2.0371577574967405E-5,NO
199,1279,9.165902841429881E-5,NO
200,183,0.050016501045066185,NO
201,163,4.583371528096067E-5,NO
202,147,3.055674387337285E-5,NO
203,77,0.06452643158778788,NO
204,99,0.1000293341155764,NO
205,53,2.4445693891021096E-5,NO
206,95,3.6643459142543056E-4,NO
207,77,0.06452643158778788,NO
208,69,0.05557366362451108,NO
209,69,0.05557366362451108,NO
210,77,0.06452643158778788,NO
211,80,1.832844574780059E-4,NO
212,72,0.03031346882535308,NO
213,63,0.03334474160269887,NO
214,50,1.1459216647949946E-5,NO
215,28,1.929943066679533E-5,NO
216,108,0.2000220005866823,NO
217,40,4.074149521287431E-5,NO
218,76,2.0371577574967405E-5,NO
219,64,0.07143979674690275,NO
220,63,0.03334474160269887,NO
221,55,2.0371577574967405E-5,NO
222,45,0.07693501071871826,NO
223,476,5.238070294903358E-5,NO
224,77,0.06452643158778788,NO
225,69,0.05557366362451108,NO
226,104,0.11766355341774336,NO
227,115,7.332991127080736E-5,NO
228,421,7.332991127080736E-5,NO
229,61,0.09093636454548483,NO
230,2009,9.165902841429881E-5,NO
231,179,3.6667644470519214E-5,NO
232,106,0.050016501045066185,NO
233,33,3.333444448148272E-5,NO
234,657,7.332991127080736E-5,NO
235,295,7.332991127080736E-5,NO
236,872,7.332991127080736E-5,NO
237,444,7.332991127080736E-5,NO
238,168,0.1000293341155764,NO
239,752,7.332991127080736E-5,NO
240,135,4.583371528096067E-5,NO
241,1126,7.332991127080736E-5,NO
242,163,4.583371528096067E-5,NO
243,184,7.332991127080736E-5,NO
244,51,1.929943066679533E-5,NO
245,25,3.333444448148272E-5,NO
246,180,4.074149521287431E-5,NO
247,64,0.07143979674690275,NO
248,101,0.08696969213845,NO
249,512,7.332991127080736E-5,NO
250,187,7.332991127080736E-5,NO
251,56,0.04168067226890756,NO
252,39,1.4103576667042762E-5,NO
253,261,7.332991127080736E-5,NO
254,73,4.583371528096067E-5,NO
255,65,7.332991127080736E-5,NO
256,329,7.332991127080736E-5,NO
257,64,0.07143979674690275,NO
258,164,7.332991127080736E-5,NO
259,624,3.6667644470519214E-5,NO
260,74,0.03846804789642187,NO
261,117,0.06668785293470554,NO
262,84,0.04001349428692961,NO
263,226,9.165902841429881E-5,NO
264,76,2.0371577574967405E-5,NO
265,323,7.332991127080736E-5,NO
266,72,0.03031346882535308,NO
267,42,1.666777785185679E-5,NO
268,48,1.4667703184358361E-5,NO
269,89,1.929943066679533E-5,NO
270,380,4.583371528096067E-5,NO
271,144,0.9996335654085744,NO
272,148,0.15790794171571937,NO
273,191,3.333444448148272E-5,NO
274,46,4.583371528096067E-5,NO
275,165,0.11114279894072111,NO
276,171,6.11097531165974E-5,NO
277,56,0.04168067226890756,NO
278,179,3.6667644470519214E-5,NO
279,74,0.03846804789642187,NO
280,36,0.07694694384114178,NO
281,37,1.3581236164115657E-5,NO
282,34,2.0371577574967405E-5,NO
283,34,2.0371577574967405E-5,NO
284,38,0.11766355341774336,NO
285,39,1.4103576667042762E-5,NO
286,156,3.6667644470519214E-5,NO
287,78,0.5714210884710074,NO
288,117,0.06668785293470554,NO
289,94,0.15790794171571937,NO
290,69,0.05557366362451108,NO
291,180,4.074149521287431E-5,NO
292,80,1.832844574780059E-4,NO
293,183,0.050016501045066185,NO
294,70,1.929943066679533E-5,NO
295,54,1.7461453840646773E-5,NO
296,160,0.2000220005866823,NO
297,128,9.165902841429881E-5,NO
298,151,3.6667644470519214E-5,NO
299,422,0.1428945576449636,NO
300,221,9.165902841429881E-5,NO
301,50,1.1459216647949946E-5,NO
302,42,1.666777785185679E-5,NO
303,622,3.6667644470519214E-5,NO
304,365,0.5,NO
305,382,1.2220457045093486E-4,NO
306,72,0.03031346882535308,NO
307,92,0.11539546428974387,NO
308,280,9.165902841429881E-5,NO
309,371,6.11097531165974E-5,NO
310,47,8.527839130842636E-6,NO
311,108,0.2000220005866823,NO
312,111,2.619172341540073E-5,NO
313,314,1.832844574780059E-4,NO
314,129,3.6667644470519214E-5,NO
315,49,1.666777785185679E-5,NO
316,358,3.6667644470519214E-5,NO
317,273,0.20004399794676248,NO
318,47,8.527839130842636E-6,NO
319,89,1.929943066679533E-5,NO
320,41,3.055674387337285E-5,NO
321,66,3.055674387337285E-5,NO
322,63,0.03334474160269887,NO
323,24,6.11097531165974E-5,NO
324,50,1.1459216647949946E-5,NO
325,72,0.03031346882535308,NO
326,47,8.527839130842636E-6,NO
327,47,8.527839130842636E-6,NO
328,183,0.050016501045066185,NO
329,49,1.666777785185679E-5,NO
330,50,1.1459216647949946E-5,NO
331,98,0.050016501045066185,NO
332,143,6.11097531165974E-5,NO
333,43,0.04546969797986532,NO
334,42,1.666777785185679E-5,NO
335,56,0.04168067226890756,NO
336,44,2.8206357713028514E-5,NO
337,26,6.11097531165974E-5,NO
338,254,7.332991127080736E-5,NO
339,16883,7.332991127080736E-5,NO
340,74,0.03846804789642187,NO
341,153,0.09093636454548483,NO
342,68,0.25001527837193666,NO
343,100,2.4445693891021096E-5,NO
344,547,1.832844574780059E-4,NO
345,437,7.332991127080736E-5,NO
346,1038,9.165902841429881E-5,NO
347,104,0.11766355341774336,NO
348,332,9.165902841429881E-5,NO
349,123,0.07145102147721319,NO
350,106,0.050016501045066185,NO
351,107,4.583371528096067E-5,NO
352,94,0.15790794171571937,NO
353,101,0.08696969213845,NO
354,38,0.11766355341774336,NO
355,666,7.332991127080736E-5,NO
356,32,0.13335126017552007,NO
357,111,2.619172341540073E-5,NO
358,35,0.06252005316954667,NO
359,90,0.13637575838389226,NO
360,27,7.802076912874208E-6,NO
361,28,1.929943066679533E-5,NO
362,92,0.11539546428974387,NO
363,978,3.6643459142543056E-4,NO
364,67,5.238070294903358E-5,NO
365,29,0.11114279894072111,NO
366,105,0.38462189377485684,NO
367,72,0.03031346882535308,NO
368,37,1.3581236164115657E-5,NO
369,47,8.527839130842636E-6,NO
370,31,1.5943114965802018E-5,NO
371,90,0.13637575838389226,NO
372,221,9.165902841429881E-5,NO
373,213,6.11097531165974E-5,NO
374,105,0.38462189377485684,NO
375,37,1.3581236164115657E-5,NO
376,27,7.802076912874208E-6,NO
377,48,1.4667703184358361E-5,NO
378,167,0.20004399794676248,NO
379,213,6.11097531165974E-5,NO
380,867,0.20004399794676248,NO
381,158,0.08335879728656113,NO
382,93,3.6667644470519214E-5,NO
383,96,0.11114279894072111,NO
384,840,3.6643459142543056E-4,NO
385,535,9.165902841429881E-5,NO
386,83,0.11112695567144719,NO
387,63,0.03334474160269887,NO
388,76,2.0371577574967405E-5,NO
389,202,7.332991127080736E-5,NO
390,155,0.20004399794676248,NO
391,1263,9.165902841429881E-5,NO
392,74,0.03846804789642187,NO
393,101,0.08696969213845,NO
394,27,7.802076912874208E-6,NO
395,22,3.6667644470519214E-5,NO
396,491,9.165902841429881E-5,NO
397,62,1.3581236164115657E-5,NO
398,59,5.238070294903358E-5,NO
399,99,0.1000293341155764,NO
400,27,7.802076912874208E-6,NO
401,77,0.06452643158778788,NO
402,865,0.9996335654085744,NO
403,64,0.07143979674690275,NO
404,45,0.07693501071871826,NO
405,63,0.03334474160269887,NO
406,54,1.7461453840646773E-5,NO
407,64,0.07143979674690275,NO
408,132,1.833449451798614E-5,NO
409,182,0.1428945576449636,NO
410,70,1.929943066679533E-5,NO
411,36,0.07694694384114178,NO
412,58,0.03572644647581131,NO
413,62,1.3581236164115657E-5,NO
414,132,1.833449451798614E-5,NO
415,74,0.03846804789642187,NO
416,86,2.4445693891021096E-5,NO
417,74,0.03846804789642187,NO
418,48,1.4667703184358361E-5,NO
419,74,0.03846804789642187,NO
420,86,2.4445693891021096E-5,NO
421,355,6.11097531165974E-5,NO
422,53,2.4445693891021096E-5,NO
423,798,9.165902841429881E-5,NO
424,75,0.1428945576449636,NO
425,128,9.165902841429881E-5,NO
426,198,3.6643459142543056E-4,NO
427,138,0.16670740650207772,NO
428,57,4.074149521287431E-5,NO
429,123,0.07145102147721319,NO
430,314,1.832844574780059E-4,NO
431,162,0.22224485638622934,NO
432,137,0.4285789115289927,NO
433,124,1.2220457045093486E-4,NO
434,359,3.6643459142543056E-4,NO
435,151,3.6667644470519214E-5,NO
436,107,4.583371528096067E-5,NO
437,28,1.929943066679533E-5,NO
438,58,0.03572644647581131,NO
439,470,3.6643459142543056E-4,NO
440,345,0.9996335654085744,NO
441,103,0.07694694384114178,NO
442,35,0.06252005316954667,NO
443,98,0.050016501045066185,NO
444,117,0.06668785293470554,NO
