ID, Size, Predicted, Actual
0,212,0.9999982254473846,NO
1,274,0.9999844143100658,NO
2,461,0.9999756242183427,YES
3,138,0.9999721486723921,NO
4,358,0.9999720207989692,NO
5,1272,0.9999999999999996,YES
6,51,0.9996645174684813,NO
7,45,0.9995232517669961,NO
8,157,0.9995354156807122,NO
9,31,0.9994363199128316,NO
10,1406,0.9999999994921316,YES
11,55,0.9990198880808355,NO
12,204,0.9991902565107631,NO
13,55,0.9982741868876744,NO
14,103,0.9982748081301412,NO
15,34,0.9998003235637183,NO
16,83,0.9982619024971042,NO
17,285,0.9999987119247272,NO
18,83,0.9978655849789227,NO
19,129,0.9997569125754734,NO
20,867,0.9991678717586632,YES
21,380,0.9996259751094719,NO
22,40,0.9963291166253232,NO
23,387,0.9985762313148843,YES
24,390,0.9961535695230666,NO
25,51,0.9957552514003675,NO
26,637,0.9987843433521103,YES
27,32,0.9949825889877635,NO
28,68,0.9949948540733923,YES
29,547,0.9977901958797722,YES
30,566,0.9983930856932612,NO
31,314,0.9993236417069699,YES
32,907,0.9999652138658415,YES
33,275,0.9999502321459869,NO
34,31,0.9913786060144342,NO
35,50,0.9904089589499601,NO
36,27,0.9959001499886461,NO
37,175,0.9955139578568801,NO
38,50,0.9885180883418311,NO
39,62,0.98817685239913,NO
40,87,0.9880795924704513,NO
41,52,0.9878192172147556,NO
42,373,0.9973693594729786,NO
43,224,0.9868887495017908,NO
44,118,0.9862886789973789,YES
45,83,0.9983176101801343,NO
46,147,0.9856582054085063,NO
47,58,0.9849766293551583,NO
48,44,0.9848992569055905,NO
49,106,0.9849934064838958,NO
50,238,0.998250529705435,NO
51,43,0.9981609767542009,NO
52,185,0.9981773292077966,YES
53,189,0.9937930391120515,NO
54,151,0.9559917812787988,NO
55,364,0.99999423652386,YES
56,910,1.0,YES
57,889,1.0,YES
58,43,0.990428221291628,NO
59,325,0.9999999673970831,YES
60,27,0.9069178620308619,NO
61,55,0.9066716920671914,NO
62,93,0.9882472965533657,NO
63,191,0.9044470582287855,NO
64,90,0.9732921919358638,NO
65,89,0.9871471221881004,NO
66,272,0.9999999578825083,YES
67,152,0.985578104775465,NO
68,90,0.8800100067226695,YES
69,82,0.8788644203091314,NO
70,148,0.9844526593064205,NO
71,421,0.9999999543633418,YES
72,1190,1.0,YES
73,528,0.9755406320040728,YES
74,205,0.9999661172902912,YES
75,190,0.7834537885671952,NO
76,86,0.7734387057452101,NO
77,212,0.9999999152491593,YES
78,404,0.999999912284209,YES
79,572,0.9639305286404991,NO
80,132,0.9999374009976749,YES
81,168,0.9464917390549475,NO
82,109,0.9118734339296929,YES
83,85,0.9076322204646619,NO
84,107,0.9334126869359385,NO
85,237,0.5460737345165886,NO
86,511,0.912074967854994,YES
87,47,0.4868272887117867,NO
88,1328,1.0,YES
89,27,0.3665247330657463,NO
90,89,0.36706030565164544,NO
91,482,0.84105792580938,YES
92,226,0.9997582860987662,YES
93,166,0.8885552735219574,NO
94,92,0.814101028007415,NO
95,476,0.3423503622438981,NO
96,93,0.7983845746388673,NO
97,244,0.9290634701933366,NO
98,204,0.3025920759592649,NO
99,252,0.29775882939949205,NO
100,119,0.9996690274450383,YES
101,733,0.7771252616986969,NO
102,630,1.0,YES
103,69,0.7113675416428489,NO
104,77,0.20848044790792888,NO
105,97,0.20798889468291024,NO
106,380,0.7082671055067221,NO
107,214,0.20673278234321854,NO
108,38,0.6885246276795957,NO
109,79,0.20179093402706044,NO
110,25,0.19997461532329322,NO
111,84,0.2003267398251846,NO
112,34,0.19903277511231654,NO
113,33,0.19903277511231654,NO
114,104,0.19897832999431278,NO
115,193,0.6898344287552249,NO
116,70,0.19756805495126528,NO
117,140,0.197583574442302,NO
118,22,0.6797050332200304,NO
119,156,0.19764237446773938,NO
120,142,0.1952928038503211,NO
121,100,0.6756842164457277,NO
122,152,0.1925646863918635,NO
123,31,0.1872399265980137,NO
124,60,0.18506576642458797,NO
125,60,0.1842182427168062,NO
126,876,0.22024213322110767,NO
127,61,0.16203551863555476,NO
128,185,0.16391787685548392,NO
129,264,0.16510237099537925,NO
130,43,0.1573967952043178,NO
131,248,0.1571555862634313,NO
132,361,0.9999996513584828,YES
133,199,0.5752803924726302,NO
134,194,0.1285872783549642,NO
135,346,0.6057999253935901,NO
136,91,0.5267712892672333,NO
137,335,0.9999888280374883,YES
138,370,0.9990241643372912,NO
139,82,0.47051999956648766,NO
140,53,0.09092261634764981,NO
141,148,0.4735113154827421,NO
142,4088,0.9236140161863832,NO
143,88,0.03447922968739222,NO
144,878,1.0,YES
145,37,0.02194576815911958,NO
146,48,0.021771220424813314,NO
147,47,0.040194538325531604,NO
148,101,0.0023461593589441552,NO
149,556,1.0,YES
150,360,1.0,YES
151,284,1.0,YES
152,135,0.012188251424873404,NO
153,56,0.0013693693016298717,NO
154,78,0.9151513251248791,YES
155,409,0.9999525708410811,YES
156,174,9.445426088720396E-4,NO
157,148,9.398566860952377E-4,NO
158,88,0.007074785981043743,NO
159,45,0.015393218096334918,YES
160,39,5.760391181479024E-4,NO
161,182,5.893464707273122E-4,NO
162,77,5.622946491686829E-4,NO
163,666,6.47099746469623E-4,NO
164,104,0.004699953300394038,YES
165,263,5.344211016462073E-4,YES
166,54,0.04129618122350469,NO
167,76,4.894917098767512E-4,NO
168,119,0.004276195356259696,NO
169,200,0.7930633724524349,YES
170,152,0.013232118499918127,NO
171,39,0.03965811083203202,NO
172,677,5.239971081943215E-4,NO
173,131,4.3798067238046893E-4,NO
174,47,4.299802450407351E-4,NO
175,100,0.003753332814678925,NO
176,43,4.1991570324057377E-4,NO
177,73,4.220820072129688E-4,NO
178,257,4.311137855859645E-4,NO
179,356,3.676277963037741E-4,NO
180,62,0.01038417289604978,NO
181,45,3.293515224976742E-4,NO
182,97,3.076740520111674E-4,NO
183,131,0.009773516856211336,YES
184,68,2.9410299585442743E-4,YES
185,99,2.9367898285587667E-4,NO
186,53,2.5552009874395845E-4,NO
187,81,2.568904205465266E-4,NO
188,78,2.5617253390071394E-4,YES
189,69,2.55069464881141E-4,NO
190,69,2.5432001247613394E-4,NO
191,77,2.5396900506063593E-4,NO
192,72,2.53625410851071E-4,NO
193,72,2.522000860195722E-4,NO
194,63,2.510894447937585E-4,NO
195,50,2.483876753204373E-4,NO
196,28,2.4658721097920203E-4,NO
197,96,2.4716861262705664E-4,NO
198,40,2.4484020577164253E-4,NO
199,76,2.4683024109878034E-4,NO
200,49,2.4484020577164253E-4,NO
201,63,2.4435477241733936E-4,NO
202,55,2.4238469038181647E-4,NO
203,45,2.413780487306188E-4,NO
204,476,2.1918472980739337E-4,NO
205,77,1.9905149772583012E-4,NO
206,69,1.987842840829765E-4,NO
207,104,1.9822169430522063E-4,NO
208,115,1.9884688007099086E-4,NO
209,421,2.1194128609440668E-4,NO
210,61,1.933797805397627E-4,NO
211,2009,0.017733543768278504,NO
212,179,1.85227778891344E-4,NO
213,106,1.8308024641092987E-4,NO
214,33,1.795175781207953E-4,NO
215,657,2.1090229289059037E-4,NO
216,295,1.8479958732662533E-4,NO
217,872,2.2097817083876334E-4,NO
218,444,1.8664230909173319E-4,NO
219,168,1.7184830748827765E-4,NO
220,752,2.021482679613718E-4,NO
221,135,1.65956457468157E-4,NO
222,1126,2.3043187981735633E-4,NO
223,163,1.6122794116400213E-4,NO
224,184,1.6038034609060063E-4,NO
225,51,1.5609822905023936E-4,NO
226,25,1.5609822905023936E-4,NO
227,180,1.5882217790784818E-4,NO
228,64,1.560267374937217E-4,NO
229,101,1.5565899649931992E-4,NO
230,512,1.7161833458163565E-4,NO
231,187,1.550341688382922E-4,NO
232,56,1.50724874903737E-4,NO
233,39,1.50724874903737E-4,NO
234,261,1.5686575829807807E-4,NO
235,73,1.505519188125577E-4,NO
236,65,1.505519188125577E-4,NO
237,329,1.5806141905194186E-4,NO
238,64,1.4892529760450658E-4,NO
239,164,1.5013025919494277E-4,NO
240,624,0.007040625395767647,NO
241,74,1.449704420474019E-4,NO
242,117,1.4581206610772416E-4,NO
243,84,1.4422948239632016E-4,NO
244,226,0.006159656307907553,NO
245,76,1.4284196134973424E-4,NO
246,323,1.50229459363828E-4,NO
247,72,1.4098456688775495E-4,NO
248,42,1.398477785761754E-4,NO
249,48,0.0209570761017986,NO
250,89,0.005908683696504038,NO
251,380,0.022486767029558288,NO
252,141,1.3940269496918664E-4,NO
253,148,1.3972220175239292E-4,NO
254,191,1.4050630847392605E-4,NO
255,46,0.005754629424091989,NO
256,165,1.375124916124636E-4,NO
257,171,0.005876316045909317,NO
258,56,1.3327742388556112E-4,NO
259,179,0.0209191664475871,NO
260,74,0.005702097202739463,NO
261,36,1.3222747918359898E-4,NO
262,37,1.3185406991047223E-4,NO
263,34,1.3185406991047223E-4,NO
264,34,1.3170736453349075E-4,NO
265,38,0.005633833580829383,NO
266,39,0.005633833580829383,NO
267,156,1.3446749761473182E-4,NO
268,84,1.3136156839223937E-4,NO
269,117,0.02058298686659566,NO
270,94,0.005615742803527596,NO
271,71,0.005607539288475186,NO
272,183,0.08543408262681873,NO
273,85,0.00544136926597913,NO
274,183,0.005526538663872206,NO
275,70,0.005410458415973094,NO
276,54,1.2096711330027824E-4,NO
277,160,1.2366071449996708E-4,NO
278,128,1.1875582349292391E-4,NO
279,151,0.06968377941743563,NO
280,422,1.1805413063535792E-4,NO
281,221,1.1085351441027008E-4,NO
282,50,1.0585910105182659E-4,NO
283,42,0.0049019599906912235,NO
284,624,0.0056739500416408805,NO
285,377,0.01931996407388899,NO
286,382,1.0929519021695318E-4,NO
287,72,1.0149224713143475E-4,NO
288,92,1.0109518240294525E-4,NO
289,282,1.0558925028344574E-4,NO
290,371,1.069151443794024E-4,NO
291,47,9.875542135814823E-5,NO
292,108,0.004764251231337552,NO
293,111,9.965156363818392E-5,NO
294,319,0.018640664624976433,NO
295,129,0.017253833614300915,NO
296,49,9.272728816035568E-5,NO
297,358,0.03533967381047021,NO
298,277,0.05035723949797217,NO
299,49,0.00434655600480739,NO
300,89,8.848648076940591E-5,NO
301,41,8.777295844386617E-5,NO
302,66,0.004364591807642791,NO
303,63,8.757011268957936E-5,NO
304,24,8.68639789761386E-5,NO
305,50,8.68639789761386E-5,NO
306,72,0.004343981348936421,NO
307,47,8.678251150223813E-5,NO
308,47,0.0042966872826001035,NO
309,183,0.03256752838904548,NO
310,49,8.552586547846443E-5,NO
311,50,8.544613208039344E-5,NO
312,98,0.004301230681858521,NO
313,143,8.630897257883997E-5,NO
314,43,8.479828155072514E-5,NO
315,42,8.479828155072514E-5,NO
316,56,8.471970152905757E-5,NO
317,44,8.448507663785683E-5,NO
318,26,8.448507663785683E-5,NO
319,254,0.06323184214325306,NO
320,16883,0.05739698256867469,NO
321,74,1.277920511010737E-5,NO
322,153,0.001018941849404479,NO
323,68,0.004511927307268115,NO
324,100,1.2687181503272097E-5,NO
325,550,1.4038770890751482E-5,NO
326,437,1.3316812265994595E-5,NO
327,1038,0.0013355040331284116,NO
328,104,1.1855119508843232E-5,NO
329,332,1.2459252345598682E-5,NO
330,123,1.1828812208939173E-5,NO
331,106,1.172287765005308E-5,NO
332,105,1.0273970406189318E-4,NO
333,94,1.1549135256026798E-5,NO
334,101,1.1444217298650474E-5,NO
335,38,1.1351928300870943E-5,NO
336,666,0.0938694154000624,YES
337,32,1.1131493590206585E-5,NO
338,111,1.1283557969023314E-5,NO
339,35,9.206905224456335E-4,NO
340,90,1.1186721593612475E-5,NO
341,27,1.1065417520116247E-5,NO
342,28,1.1033151459276896E-5,NO
343,92,0.0147208862311908,NO
344,979,1.431285651329414E-5,NO
345,67,1.0667975627879635E-5,NO
346,29,8.9420900888321E-4,NO
347,105,1.0730180033346796E-5,NO
348,72,1.0638092740060518E-5,NO
349,37,8.916415378326573E-4,NO
350,47,1.051418863830099E-5,NO
351,31,1.051418863830099E-5,NO
352,90,8.977967477865383E-4,NO
353,223,0.029743362807805627,NO
354,214,0.004261624177091,NO
355,107,8.93026228772882E-4,NO
356,37,1.0278189629219152E-5,NO
357,27,1.0250126500767655E-5,NO
358,48,1.0221419813023879E-5,NO
359,167,1.04295297273345E-5,NO
360,213,0.009205692367550417,NO
361,867,1.2856895156875955E-5,NO
362,159,0.0041388536302726575,NO
363,100,8.658537909218803E-4,NO
364,96,8.633685986120669E-4,NO
365,842,0.0010800054577670953,NO
366,535,1.080300773450491E-5,NO
367,83,9.493857662984665E-6,NO
368,63,9.493857662984665E-6,NO
369,76,8.41801602609957E-4,NO
370,202,9.692260316457582E-6,NO
371,155,9.542951501576636E-6,NO
372,1263,1.380324600802276E-5,NO
373,74,8.129040508651188E-4,NO
374,101,8.103376426287986E-4,NO
375,27,8.799210040166004E-6,NO
376,22,8.799210040166004E-6,NO
377,491,9.751042025633594E-6,NO
378,62,8.667565068451862E-6,NO
379,59,8.667565068451862E-6,NO
380,99,8.733726276516073E-6,NO
381,27,7.950726455410426E-4,NO
382,77,8.015313264998122E-4,NO
383,863,0.001014953282972563,NO
384,64,7.880553118706284E-4,NO
385,45,8.378513126174124E-6,NO
386,63,7.877576950520982E-4,NO
387,54,8.304917291195823E-6,NO
388,64,7.877576950520982E-4,NO
389,132,8.419397658748993E-6,NO
390,182,8.42051755405351E-6,NO
391,70,8.272285525431845E-6,NO
392,36,8.205575559809292E-6,NO
393,58,7.760259793547455E-4,NO
394,62,8.203536555046296E-6,NO
395,132,8.289693301200019E-6,NO
396,74,8.218550294936614E-6,NO
397,86,8.194474589605538E-6,NO
398,74,8.194474589605538E-6,NO
399,48,7.662336870701206E-4,NO
400,74,8.144844952637479E-6,NO
401,86,8.143370922917479E-6,NO
402,355,8.114895071714086E-4,NO
403,53,7.958321852908732E-6,NO
404,804,9.682446877758613E-6,NO
405,75,7.54476926358411E-4,NO
406,125,0.013330835959744224,NO
407,200,0.018810864736146193,NO
408,134,0.008208032319380568,NO
409,57,7.409181699301699E-4,NO
410,123,7.533982272964053E-4,NO
411,314,0.058097183583750996,YES
412,162,7.624482117887166E-6,NO
413,137,0.05563909415773449,YES
414,124,0.05549222987692709,YES
415,359,0.058370651602513465,YES
416,151,0.055344004265446424,YES
417,107,0.05484064082271149,YES
418,28,7.313392548535846E-6,NO
419,58,7.293503370904927E-6,NO
420,470,0.05860036537442162,YES
421,347,0.05566583296788008,YES
422,103,7.155553848876579E-4,NO
423,35,7.001705083821377E-6,NO
424,98,7.155553848876579E-4,NO
425,117,7.116682862930718E-6,NO
