ID, Size, Predicted, Actual
0,212,0.023582718453416238,NO
1,274,0.013812377553455863,NO
2,461,0.014482470366455995,YES
3,138,0.013281926255434057,NO
4,358,0.014128958296939602,NO
5,1272,0.9999995094669404,YES
6,51,0.01306462428505768,NO
7,45,0.01306462428505768,NO
8,157,0.013402263530824464,NO
9,31,0.01306462428505768,NO
10,1406,0.9964844219836516,YES
11,55,0.01306462428505768,NO
12,204,0.013530644228687938,NO
13,55,0.01306462428505768,NO
14,103,0.013169439607714795,NO
15,34,0.022778481175114162,NO
16,83,0.013169439607714795,NO
17,285,0.1640850390472988,NO
18,83,0.013169439607714795,NO
19,129,0.023153561873844552,NO
20,867,0.016897606486983446,YES
21,380,0.024614436005965714,NO
22,40,0.01306462428505768,NO
23,387,0.014128958296939602,YES
24,390,0.014128958296939602,NO
25,51,0.01306462428505768,NO
26,637,0.015310018128164017,YES
27,32,0.01306462428505768,NO
28,68,0.013169439607714795,YES
29,547,0.01487527145827394,YES
30,566,0.01487527145827394,NO
31,314,0.02406864803062723,YES
32,907,0.19704584764926644,YES
33,275,0.1640850390472988,NO
34,31,0.01306462428505768,NO
35,50,0.01306462428505768,NO
36,27,0.01306462428505768,NO
37,175,0.013402263530824464,NO
38,50,0.01306462428505768,NO
39,62,0.01306462428505768,NO
40,87,0.013169439607714795,NO
41,52,0.01306462428505768,NO
42,373,0.014128958296939602,NO
43,224,0.013530644228687938,NO
44,118,0.013281926255434057,YES
45,83,0.022959416192670147,NO
46,147,0.013402263530824464,NO
47,58,0.01306462428505768,NO
48,44,0.01306462428505768,NO
49,106,0.013281926255434057,NO
50,238,0.023818403217360125,NO
51,43,0.022778481175114162,NO
52,185,0.023361220879735762,YES
53,189,0.013530644228687938,NO
54,151,0.013402263530824464,NO
55,364,0.9572695353853116,YES
56,910,1.0,YES
57,889,1.0,YES
58,43,0.022778481175114162,NO
59,325,0.9943574500987893,YES
60,27,0.01306462428505768,NO
61,55,0.01306462428505768,NO
62,93,0.022959416192670147,NO
63,191,0.013530644228687938,NO
64,90,0.013169439607714795,NO
65,89,0.022959416192670147,NO
66,272,0.994233017460857,YES
67,152,0.023361220879735762,NO
68,90,0.013169439607714795,YES
69,82,0.013169439607714795,NO
70,148,0.023361220879735762,NO
71,421,0.9944906687098632,YES
72,1190,1.0,YES
73,528,0.025900057555022234,YES
74,205,0.9554383558908989,YES
75,190,0.013530644228687938,NO
76,86,0.013169439607714795,NO
77,212,0.9941743201502176,YES
78,404,0.9944906687098632,YES
79,572,0.026264908713867663,NO
80,132,0.9546308249597301,YES
81,168,0.023361220879735762,NO
82,109,0.013281926255434057,YES
83,85,0.013169439607714795,NO
84,107,0.023153561873844552,NO
85,237,0.013667275133213723,NO
86,511,0.025553140875939954,YES
87,47,0.01306462428505768,NO
88,1328,1.0,YES
89,27,0.01306462428505768,NO
90,89,0.013169439607714795,NO
91,482,0.025223586569525207,YES
92,226,0.9554383558908989,YES
93,166,0.013402263530824464,NO
94,92,0.022959416192670147,NO
95,476,0.014482470366455995,NO
96,93,0.022959416192670147,NO
97,244,0.013667275133213723,NO
98,204,0.013530644228687938,NO
99,252,0.013667275133213723,NO
100,119,0.9546308249597301,YES
101,733,0.027473303165143934,NO
102,630,1.0,YES
103,69,0.013169439607714795,NO
104,77,0.013169439607714795,NO
105,97,0.013169439607714795,NO
106,380,0.024614436005965714,NO
107,214,0.013530644228687938,NO
108,38,0.022778481175114162,NO
109,79,0.013169439607714795,NO
110,25,0.01306462428505768,NO
111,84,0.013169439607714795,NO
112,34,0.01306462428505768,NO
113,33,0.01306462428505768,NO
114,104,0.013169439607714795,NO
115,193,0.023582718453416238,NO
116,70,0.013169439607714795,NO
117,140,0.013281926255434057,NO
118,22,0.022778481175114162,NO
119,156,0.013402263530824464,NO
120,142,0.013281926255434057,NO
121,100,0.022959416192670147,NO
122,152,0.013402263530824464,NO
123,31,0.01306462428505768,NO
124,60,0.01306462428505768,NO
125,60,0.01306462428505768,NO
126,876,0.016897606486983446,NO
127,61,0.01306462428505768,NO
128,185,0.013402263530824464,NO
129,264,0.013667275133213723,NO
130,43,0.01306462428505768,NO
131,248,0.013667275133213723,NO
132,361,0.9944230072460641,YES
133,199,0.023582718453416238,NO
134,194,0.013530644228687938,NO
135,346,0.013966187898885565,NO
136,91,0.022959416192670147,NO
137,335,0.9943574500987893,YES
138,370,0.16726171896800351,NO
139,82,0.022959416192670147,NO
140,53,0.01306462428505768,NO
141,148,0.023361220879735762,NO
142,4088,0.23753661327175085,NO
143,88,0.022959416192670147,NO
144,878,1.0,YES
145,37,0.022778481175114162,NO
146,48,0.022778481175114162,NO
147,47,0.01306462428505768,NO
148,101,0.013169439607714795,NO
149,556,1.0,YES
150,360,1.0,YES
151,284,1.0,YES
152,135,0.023153561873844552,NO
153,56,0.01306462428505768,NO
154,78,0.9542560535933348,YES
155,409,0.9944906687098632,YES
156,174,0.013402263530824464,NO
157,148,0.013402263530824464,NO
158,88,0.022959416192670147,NO
159,45,0.01306462428505768,YES
160,39,0.01306462428505768,NO
161,182,0.013402263530824464,NO
162,77,0.013169439607714795,NO
163,666,0.015544039891793301,NO
164,104,0.022959416192670147,YES
165,263,0.013667275133213723,YES
166,54,0.01306462428505768,NO
167,76,0.013169439607714795,NO
168,119,0.023153561873844552,NO
169,200,0.9554383558908989,YES
170,152,0.013402263530824464,NO
171,39,0.01306462428505768,NO
172,677,0.015544039891793301,NO
173,131,0.013281926255434057,NO
174,47,0.01306462428505768,NO
175,100,0.022959416192670147,NO
176,43,0.01306462428505768,NO
177,73,0.013169439607714795,NO
178,257,0.013667275133213723,NO
179,356,0.013966187898885565,NO
180,62,0.01306462428505768,NO
181,45,0.01306462428505768,NO
182,97,0.013169439607714795,NO
183,131,0.013281926255434057,YES
184,68,0.013169439607714795,YES
185,99,0.013169439607714795,NO
186,53,0.01306462428505768,NO
187,81,0.013169439607714795,NO
188,78,0.013169439607714795,YES
189,69,0.013169439607714795,NO
190,69,0.013169439607714795,NO
191,77,0.013169439607714795,NO
192,72,0.013169439607714795,NO
193,72,0.013169439607714795,NO
194,63,0.013169439607714795,NO
195,50,0.01306462428505768,NO
196,28,0.01306462428505768,NO
197,96,0.013169439607714795,NO
198,40,0.01306462428505768,NO
199,76,0.013169439607714795,NO
200,49,0.01306462428505768,NO
201,63,0.013169439607714795,NO
202,55,0.01306462428505768,NO
203,45,0.01306462428505768,NO
204,476,0.014482470366455995,NO
205,77,0.013169439607714795,NO
206,69,0.013169439607714795,NO
207,104,0.013169439607714795,NO
208,115,0.013281926255434057,NO
209,421,0.014300957254633614,NO
210,61,0.01306462428505768,NO
211,2009,0.032937298112624976,NO
212,179,0.013402263530824464,NO
213,106,0.013281926255434057,NO
214,33,0.01306462428505768,NO
215,657,0.015544039891793301,NO
216,295,0.013812377553455863,NO
217,872,0.016897606486983446,NO
218,444,0.014482470366455995,NO
219,168,0.013402263530824464,NO
220,752,0.016047410870495125,NO
221,135,0.013281926255434057,NO
222,1126,0.01899382935592927,NO
223,163,0.013402263530824464,NO
224,184,0.013402263530824464,NO
225,51,0.01306462428505768,NO
226,25,0.01306462428505768,NO
227,180,0.013402263530824464,NO
228,64,0.013169439607714795,NO
229,101,0.013169439607714795,NO
230,512,0.014673801070914348,NO
231,187,0.013402263530824464,NO
232,56,0.01306462428505768,NO
233,39,0.01306462428505768,NO
234,261,0.013667275133213723,NO
235,73,0.013169439607714795,NO
236,65,0.013169439607714795,NO
237,329,0.013966187898885565,NO
238,64,0.013169439607714795,NO
239,164,0.013402263530824464,NO
240,624,0.015310018128164017,NO
241,74,0.013169439607714795,NO
242,117,0.013281926255434057,NO
243,84,0.013169439607714795,NO
244,226,0.013530644228687938,NO
245,76,0.013169439607714795,NO
246,323,0.013966187898885565,NO
247,72,0.013169439607714795,NO
248,42,0.01306462428505768,NO
249,48,0.01306462428505768,NO
250,89,0.013169439607714795,NO
251,380,0.014128958296939602,NO
252,141,0.013281926255434057,NO
253,148,0.013402263530824464,NO
254,191,0.013530644228687938,NO
255,46,0.01306462428505768,NO
256,165,0.013402263530824464,NO
257,171,0.013402263530824464,NO
258,56,0.01306462428505768,NO
259,179,0.013402263530824464,NO
260,74,0.013169439607714795,NO
261,36,0.01306462428505768,NO
262,37,0.01306462428505768,NO
263,34,0.01306462428505768,NO
264,34,0.01306462428505768,NO
265,38,0.01306462428505768,NO
266,39,0.01306462428505768,NO
267,156,0.013402263530824464,NO
268,84,0.013169439607714795,NO
269,117,0.013281926255434057,NO
270,94,0.013169439607714795,NO
271,71,0.013169439607714795,NO
272,183,0.013402263530824464,NO
273,85,0.013169439607714795,NO
274,183,0.013402263530824464,NO
275,70,0.013169439607714795,NO
276,54,0.01306462428505768,NO
277,160,0.013402263530824464,NO
278,128,0.013281926255434057,NO
279,151,0.013402263530824464,NO
280,422,0.014300957254633614,NO
281,221,0.013530644228687938,NO
282,50,0.01306462428505768,NO
283,42,0.01306462428505768,NO
284,624,0.015310018128164017,NO
285,377,0.014128958296939602,NO
286,382,0.014128958296939602,NO
287,72,0.013169439607714795,NO
288,92,0.013169439607714795,NO
289,282,0.013812377553455863,NO
290,371,0.014128958296939602,NO
291,47,0.01306462428505768,NO
292,108,0.013281926255434057,NO
293,111,0.013281926255434057,NO
294,319,0.013966187898885565,NO
295,129,0.013281926255434057,NO
296,49,0.01306462428505768,NO
297,358,0.014128958296939602,NO
298,277,0.013812377553455863,NO
299,49,0.01306462428505768,NO
300,89,0.013169439607714795,NO
301,41,0.01306462428505768,NO
302,66,0.013169439607714795,NO
303,63,0.013169439607714795,NO
304,24,0.01306462428505768,NO
305,50,0.01306462428505768,NO
306,72,0.013169439607714795,NO
307,47,0.01306462428505768,NO
308,47,0.01306462428505768,NO
309,183,0.013402263530824464,NO
310,49,0.01306462428505768,NO
311,50,0.01306462428505768,NO
312,98,0.013169439607714795,NO
313,143,0.013281926255434057,NO
314,43,0.01306462428505768,NO
315,42,0.01306462428505768,NO
316,56,0.01306462428505768,NO
317,44,0.01306462428505768,NO
318,26,0.01306462428505768,NO
319,254,0.013667275133213723,NO
320,16883,0.015371914699824404,NO
321,74,0.013169439607714795,NO
322,153,0.013402263530824464,NO
323,68,0.013169439607714795,NO
324,100,0.013169439607714795,NO
325,550,0.01487527145827394,NO
326,437,0.014300957254633614,NO
327,1038,0.0182307682225008,NO
328,104,0.013169439607714795,NO
329,332,0.013966187898885565,NO
330,123,0.013281926255434057,NO
331,106,0.013281926255434057,NO
332,105,0.023153561873844552,NO
333,94,0.013169439607714795,NO
334,101,0.013169439607714795,NO
335,38,0.01306462428505768,NO
336,666,0.9610616927576651,YES
337,32,0.01306462428505768,NO
338,111,0.013281926255434057,NO
339,35,0.01306462428505768,NO
340,90,0.013169439607714795,NO
341,27,0.01306462428505768,NO
342,28,0.01306462428505768,NO
343,92,0.013169439607714795,NO
344,979,0.017533760492424326,NO
345,67,0.013169439607714795,NO
346,29,0.01306462428505768,NO
347,105,0.013281926255434057,NO
348,72,0.013169439607714795,NO
349,37,0.01306462428505768,NO
350,47,0.01306462428505768,NO
351,31,0.01306462428505768,NO
352,90,0.013169439607714795,NO
353,223,0.013530644228687938,NO
354,214,0.013530644228687938,NO
355,107,0.013281926255434057,NO
356,37,0.01306462428505768,NO
357,27,0.01306462428505768,NO
358,48,0.01306462428505768,NO
359,167,0.013402263530824464,NO
360,213,0.013530644228687938,NO
361,867,0.016897606486983446,NO
362,159,0.013402263530824464,NO
363,100,0.013169439607714795,NO
364,96,0.013169439607714795,NO
365,842,0.016600873106967572,NO
366,535,0.01487527145827394,NO
367,83,0.013169439607714795,NO
368,63,0.013169439607714795,NO
369,76,0.013169439607714795,NO
370,202,0.013530644228687938,NO
371,155,0.013402263530824464,NO
372,1263,0.02027512968157633,NO
373,74,0.013169439607714795,NO
374,101,0.013169439607714795,NO
375,27,0.01306462428505768,NO
376,22,0.01306462428505768,NO
377,491,0.014673801070914348,NO
378,62,0.01306462428505768,NO
379,59,0.01306462428505768,NO
380,99,0.013169439607714795,NO
381,27,0.01306462428505768,NO
382,77,0.013169439607714795,NO
383,863,0.016897606486983446,NO
384,64,0.013169439607714795,NO
385,45,0.01306462428505768,NO
386,63,0.013169439607714795,NO
387,54,0.01306462428505768,NO
388,64,0.013169439607714795,NO
389,132,0.013281926255434057,NO
390,182,0.013402263530824464,NO
391,70,0.013169439607714795,NO
392,36,0.01306462428505768,NO
393,58,0.01306462428505768,NO
394,62,0.01306462428505768,NO
395,132,0.013281926255434057,NO
396,74,0.013169439607714795,NO
397,86,0.013169439607714795,NO
398,74,0.013169439607714795,NO
399,48,0.01306462428505768,NO
400,74,0.013169439607714795,NO
401,86,0.013169439607714795,NO
402,355,0.013966187898885565,NO
403,53,0.01306462428505768,NO
404,804,0.01631764373743984,NO
405,75,0.013169439607714795,NO
406,125,0.013281926255434057,NO
407,200,0.013530644228687938,NO
408,134,0.013281926255434057,NO
409,57,0.01306462428505768,NO
410,123,0.013281926255434057,NO
411,314,0.9563195070183104,YES
412,162,0.013402263530824464,NO
413,137,0.9546308249597301,YES
414,124,0.9546308249597301,YES
415,359,0.9572695353853116,YES
416,151,0.9550251048329058,YES
417,107,0.9546308249597301,YES
418,28,0.01306462428505768,NO
419,58,0.01306462428505768,NO
420,470,0.9582833838785447,YES
421,347,0.9567862207326223,YES
422,103,0.013169439607714795,NO
423,35,0.01306462428505768,NO
424,98,0.013169439607714795,NO
425,117,0.013281926255434057,NO
