ID, Size, Predicted, Actual
0,215,0.0632112075725038,NO
1,274,0.06379692855321861,YES
2,461,0.06665096325782761,NO
3,138,0.062026539793168994,NO
4,358,0.06552510288192001,NO
5,93,0.06142801776059015,NO
6,1379,0.07828434692745878,YES
7,51,0.060219661811126875,NO
8,45,0.060219661811126875,NO
9,157,0.062026539793168994,NO
10,31,0.060219661811126875,NO
11,1743,0.9895397581029536,YES
12,55,0.060219661811126875,NO
13,204,0.0632112075725038,NO
14,55,0.060219661811126875,NO
15,103,0.06142801776059015,NO
16,34,0.060219661811126875,NO
17,83,0.06082565407041855,NO
18,488,0.06720539231005977,NO
19,83,0.06082565407041855,NO
20,129,0.06142801776059015,NO
21,885,0.07286782281109429,NO
22,440,0.06665096325782761,NO
23,40,0.060219661811126875,NO
24,391,0.06609079777759297,NO
25,378,0.06552510288192001,NO
26,51,0.060219661811126875,NO
27,709,0.07040008562313008,YES
28,32,0.060219661811126875,NO
29,68,0.06082565407041855,YES
30,564,0.0682962196176119,YES
31,588,0.06883221074228969,NO
32,381,0.06552510288192001,YES
33,977,0.07379961346611975,NO
34,275,0.06379692855321861,NO
35,31,0.060219661811126875,NO
36,50,0.060219661811126875,NO
37,27,0.060219661811126875,NO
38,183,0.0626210072631782,NO
39,50,0.060219661811126875,NO
40,62,0.06082565407041855,NO
41,87,0.06082565407041855,NO
42,52,0.060219661811126875,NO
43,419,0.06609079777759297,YES
44,224,0.0632112075725038,NO
45,118,0.06142801776059015,YES
46,83,0.06082565407041855,NO
47,147,0.062026539793168994,NO
48,120,0.06142801776059015,NO
49,58,0.06082565407041855,NO
50,44,0.060219661811126875,NO
51,106,0.06142801776059015,YES
52,238,0.0632112075725038,NO
53,43,0.060219661811126875,NO
54,195,0.0626210072631782,YES
55,189,0.0626210072631782,NO
56,151,0.062026539793168994,NO
57,395,0.06609079777759297,YES
58,1013,0.07425292755393614,YES
59,913,0.07333785235247363,YES
60,43,0.060219661811126875,NO
61,335,0.06495408674680377,YES
62,27,0.060219661811126875,NO
63,55,0.060219661811126875,NO
64,93,0.06142801776059015,NO
65,191,0.0626210072631782,NO
66,90,0.06082565407041855,NO
67,89,0.06082565407041855,NO
68,273,0.06379692855321861,NO
69,191,0.0626210072631782,NO
70,97,0.06142801776059015,NO
71,82,0.06082565407041855,NO
72,148,0.062026539793168994,NO
73,437,0.06665096325782761,NO
74,1376,0.07828434692745878,YES
75,214,0.0632112075725038,YES
76,528,0.06775387920532454,NO
77,209,0.0632112075725038,NO
78,190,0.0626210072631782,NO
79,86,0.06082565407041855,NO
80,269,0.06379692855321861,YES
81,408,0.06609079777759297,YES
82,572,0.06883221074228969,NO
83,132,0.062026539793168994,NO
84,173,0.0626210072631782,NO
85,107,0.06142801776059015,NO
86,85,0.06082565407041855,NO
87,107,0.06142801776059015,NO
88,250,0.06379692855321861,NO
89,237,0.0632112075725038,NO
90,692,0.07040008562313008,YES
91,47,0.060219661811126875,NO
92,1487,0.07930165984194995,YES
93,27,0.060219661811126875,NO
94,89,0.06082565407041855,NO
95,509,0.06775387920532454,YES
96,227,0.0632112075725038,NO
97,129,0.06142801776059015,YES
98,101,0.9859085755428649,YES
99,385,0.06552510288192001,NO
100,102,0.9859085755428649,YES
101,41,0.060219661811126875,NO
102,244,0.06379692855321861,NO
103,215,0.0632112075725038,NO
104,260,0.06379692855321861,NO
105,119,0.06142801776059015,NO
106,701,0.07040008562313008,NO
107,120,0.06142801776059015,YES
108,630,0.06936165141352224,YES
109,69,0.06082565407041855,NO
110,77,0.06082565407041855,NO
111,97,0.06142801776059015,NO
112,380,0.06552510288192001,NO
113,214,0.0632112075725038,NO
114,38,0.060219661811126875,NO
115,79,0.06082565407041855,NO
116,25,0.060219661811126875,NO
117,84,0.06082565407041855,NO
118,34,0.060219661811126875,NO
119,33,0.060219661811126875,NO
120,104,0.06142801776059015,NO
121,193,0.0626210072631782,NO
122,70,0.06082565407041855,NO
123,140,0.062026539793168994,NO
124,22,0.060219661811126875,NO
125,156,0.062026539793168994,NO
126,142,0.062026539793168994,NO
127,100,0.06142801776059015,YES
128,153,0.062026539793168994,NO
129,31,0.060219661811126875,NO
130,340,0.06495408674680377,NO
131,61,0.06082565407041855,NO
132,61,0.06082565407041855,NO
133,877,0.07286782281109429,NO
134,62,0.06082565407041855,NO
135,186,0.0626210072631782,NO
136,264,0.06379692855321861,NO
137,42,0.060219661811126875,NO
138,248,0.06379692855321861,NO
139,343,0.06495408674680377,YES
140,199,0.0626210072631782,YES
141,330,0.06495408674680377,YES
142,346,0.06495408674680377,YES
143,89,0.06082565407041855,NO
144,193,0.0626210072631782,YES
145,406,0.06609079777759297,YES
146,82,0.06082565407041855,NO
147,53,0.060219661811126875,NO
148,148,0.062026539793168994,NO
149,4774,0.0630677448195386,YES
150,4088,0.07275201849341706,NO
151,93,0.06142801776059015,NO
152,78,0.06082565407041855,NO
153,78,0.06082565407041855,NO
154,995,0.07425292755393614,YES
155,37,0.060219661811126875,NO
156,59,0.06082565407041855,NO
157,140,0.062026539793168994,NO
158,165,0.062026539793168994,NO
159,47,0.060219661811126875,NO
160,101,0.06142801776059015,NO
161,109,0.06142801776059015,NO
162,154,0.062026539793168994,NO
163,559,0.0682962196176119,YES
164,386,0.06552510288192001,NO
165,306,0.06437795859075066,YES
166,135,0.062026539793168994,NO
167,56,0.06082565407041855,NO
168,78,0.06082565407041855,NO
169,35,0.060219661811126875,NO
170,467,0.06720539231005977,YES
171,174,0.0626210072631782,NO
172,148,0.062026539793168994,NO
173,88,0.06082565407041855,NO
174,52,0.060219661811126875,NO
175,39,0.060219661811126875,NO
176,208,0.0632112075725038,YES
177,77,0.06082565407041855,NO
178,666,0.06988434222060728,NO
179,146,0.062026539793168994,NO
180,272,0.06379692855321861,YES
181,54,0.060219661811126875,NO
182,100,0.06142801776059015,NO
183,119,0.06142801776059015,NO
184,363,0.06552510288192001,NO
185,152,0.062026539793168994,NO
186,39,0.060219661811126875,NO
187,677,0.06988434222060728,NO
188,131,0.062026539793168994,NO
189,47,0.060219661811126875,NO
190,100,0.06142801776059015,NO
191,43,0.060219661811126875,NO
192,73,0.06082565407041855,NO
193,234,0.0632112075725038,NO
194,62,0.06082565407041855,NO
195,45,0.060219661811126875,NO
196,41,0.060219661811126875,NO
197,47,0.060219661811126875,NO
198,55,0.060219661811126875,NO
199,1279,0.07755489838048948,NO
200,183,0.0626210072631782,NO
201,163,0.062026539793168994,NO
202,147,0.062026539793168994,NO
203,77,0.06082565407041855,NO
204,99,0.06142801776059015,NO
205,53,0.060219661811126875,NO
206,95,0.06142801776059015,NO
207,77,0.06082565407041855,NO
208,69,0.06082565407041855,NO
209,69,0.06082565407041855,NO
210,77,0.06082565407041855,NO
211,80,0.06082565407041855,NO
212,72,0.06082565407041855,NO
213,63,0.06082565407041855,NO
214,50,0.060219661811126875,NO
215,28,0.060219661811126875,NO
216,108,0.06142801776059015,NO
217,40,0.060219661811126875,NO
218,76,0.06082565407041855,NO
219,64,0.06082565407041855,NO
220,63,0.06082565407041855,NO
221,55,0.060219661811126875,NO
222,45,0.060219661811126875,NO
223,476,0.06720539231005977,NO
224,77,0.06082565407041855,NO
225,69,0.06082565407041855,NO
226,104,0.06142801776059015,NO
227,115,0.06142801776059015,NO
228,421,0.06609079777759297,NO
229,61,0.06082565407041855,NO
230,2009,0.08273766691333183,NO
231,179,0.0626210072631782,NO
232,106,0.06142801776059015,NO
233,33,0.060219661811126875,NO
234,657,0.06988434222060728,NO
235,295,0.06437795859075066,NO
236,872,0.07286782281109429,NO
237,444,0.06665096325782761,NO
238,168,0.0626210072631782,NO
239,752,0.0709086860648733,NO
240,135,0.062026539793168994,NO
241,1126,0.07597824322008635,NO
242,163,0.062026539793168994,NO
243,184,0.0626210072631782,NO
244,51,0.060219661811126875,NO
245,25,0.060219661811126875,NO
246,180,0.0626210072631782,NO
247,64,0.06082565407041855,NO
248,101,0.06142801776059015,NO
249,512,0.06775387920532454,NO
250,187,0.0626210072631782,NO
251,56,0.06082565407041855,NO
252,39,0.060219661811126875,NO
253,261,0.06379692855321861,NO
254,73,0.06082565407041855,NO
255,65,0.06082565407041855,NO
256,329,0.06495408674680377,NO
257,64,0.06082565407041855,NO
258,164,0.062026539793168994,NO
259,624,0.06936165141352224,NO
260,74,0.06082565407041855,NO
261,117,0.06142801776059015,NO
262,84,0.06082565407041855,NO
263,226,0.0632112075725038,NO
264,76,0.06082565407041855,NO
265,323,0.06495408674680377,NO
266,72,0.06082565407041855,NO
267,42,0.060219661811126875,NO
268,48,0.060219661811126875,NO
269,89,0.06082565407041855,NO
270,380,0.06552510288192001,NO
271,144,0.062026539793168994,NO
272,148,0.062026539793168994,NO
273,191,0.0626210072631782,NO
274,46,0.060219661811126875,NO
275,165,0.062026539793168994,NO
276,171,0.0626210072631782,NO
277,56,0.06082565407041855,NO
278,179,0.0626210072631782,NO
279,74,0.06082565407041855,NO
280,36,0.060219661811126875,NO
281,37,0.060219661811126875,NO
282,34,0.060219661811126875,NO
283,34,0.060219661811126875,NO
284,38,0.060219661811126875,NO
285,39,0.060219661811126875,NO
286,156,0.062026539793168994,NO
287,78,0.06082565407041855,NO
288,117,0.06142801776059015,NO
289,94,0.06142801776059015,NO
290,69,0.06082565407041855,NO
291,180,0.0626210072631782,NO
292,80,0.06082565407041855,NO
293,183,0.0626210072631782,NO
294,70,0.06082565407041855,NO
295,54,0.060219661811126875,NO
296,160,0.062026539793168994,NO
297,128,0.06142801776059015,NO
298,151,0.062026539793168994,NO
299,422,0.06609079777759297,NO
300,221,0.0632112075725038,NO
301,50,0.060219661811126875,NO
302,42,0.060219661811126875,NO
303,622,0.06936165141352224,NO
304,365,0.06552510288192001,NO
305,382,0.06552510288192001,NO
306,72,0.06082565407041855,NO
307,92,0.06082565407041855,NO
308,280,0.06437795859075066,NO
309,371,0.06552510288192001,NO
310,47,0.060219661811126875,NO
311,108,0.06142801776059015,NO
312,111,0.06142801776059015,NO
313,314,0.06495408674680377,NO
314,129,0.06142801776059015,NO
315,49,0.060219661811126875,NO
316,358,0.06552510288192001,NO
317,273,0.06379692855321861,NO
318,47,0.060219661811126875,NO
319,89,0.06082565407041855,NO
320,41,0.060219661811126875,NO
321,66,0.06082565407041855,NO
322,63,0.06082565407041855,NO
323,24,0.060219661811126875,NO
324,50,0.060219661811126875,NO
325,72,0.06082565407041855,NO
326,47,0.060219661811126875,NO
327,47,0.060219661811126875,NO
328,183,0.0626210072631782,NO
329,49,0.060219661811126875,NO
330,50,0.060219661811126875,NO
331,98,0.06142801776059015,NO
332,143,0.062026539793168994,NO
333,43,0.060219661811126875,NO
334,42,0.060219661811126875,NO
335,56,0.06082565407041855,NO
336,44,0.060219661811126875,NO
337,26,0.060219661811126875,NO
338,254,0.06379692855321861,NO
339,16883,0.06190145825389962,NO
340,74,0.06082565407041855,NO
341,153,0.062026539793168994,NO
342,68,0.06082565407041855,NO
343,100,0.06142801776059015,NO
344,547,0.0682962196176119,NO
345,437,0.06665096325782761,NO
346,1038,0.07469761885951393,NO
347,104,0.06142801776059015,NO
348,332,0.06495408674680377,NO
349,123,0.06142801776059015,NO
350,106,0.06142801776059015,NO
351,107,0.06142801776059015,NO
352,94,0.06142801776059015,NO
353,101,0.06142801776059015,NO
354,38,0.060219661811126875,NO
355,666,0.06988434222060728,NO
356,32,0.060219661811126875,NO
357,111,0.06142801776059015,NO
358,35,0.060219661811126875,NO
359,90,0.06082565407041855,NO
360,27,0.060219661811126875,NO
361,28,0.060219661811126875,NO
362,92,0.06082565407041855,NO
363,978,0.07425292755393614,NO
364,67,0.06082565407041855,NO
365,29,0.060219661811126875,NO
366,105,0.06142801776059015,NO
367,72,0.06082565407041855,NO
368,37,0.060219661811126875,NO
369,47,0.060219661811126875,NO
370,31,0.060219661811126875,NO
371,90,0.06082565407041855,NO
372,221,0.0632112075725038,NO
373,213,0.0632112075725038,NO
374,105,0.06142801776059015,NO
375,37,0.060219661811126875,NO
376,27,0.060219661811126875,NO
377,48,0.060219661811126875,NO
378,167,0.0626210072631782,NO
379,213,0.0632112075725038,NO
380,867,0.07238970618044098,NO
381,158,0.062026539793168994,NO
382,93,0.06142801776059015,NO
383,96,0.06142801776059015,NO
384,840,0.07238970618044098,NO
385,535,0.0682962196176119,NO
386,83,0.06082565407041855,NO
387,63,0.06082565407041855,NO
388,76,0.06082565407041855,NO
389,202,0.0626210072631782,NO
390,155,0.062026539793168994,NO
391,1263,0.07717522862573242,NO
392,74,0.06082565407041855,NO
393,101,0.06142801776059015,NO
394,27,0.060219661811126875,NO
395,22,0.060219661811126875,NO
396,491,0.06720539231005977,NO
397,62,0.06082565407041855,NO
398,59,0.06082565407041855,NO
399,99,0.06142801776059015,NO
400,27,0.060219661811126875,NO
401,77,0.06082565407041855,NO
402,865,0.07238970618044098,NO
403,64,0.06082565407041855,NO
404,45,0.060219661811126875,NO
405,63,0.06082565407041855,NO
406,54,0.060219661811126875,NO
407,64,0.06082565407041855,NO
408,132,0.062026539793168994,NO
409,182,0.0626210072631782,NO
410,70,0.06082565407041855,NO
411,36,0.060219661811126875,NO
412,58,0.06082565407041855,NO
413,62,0.06082565407041855,NO
414,132,0.062026539793168994,NO
415,74,0.06082565407041855,NO
416,86,0.06082565407041855,NO
417,74,0.06082565407041855,NO
418,48,0.060219661811126875,NO
419,74,0.06082565407041855,NO
420,86,0.06082565407041855,NO
421,355,0.06552510288192001,NO
422,53,0.060219661811126875,NO
423,798,0.07190368643619578,NO
424,75,0.06082565407041855,NO
425,128,0.06142801776059015,NO
426,198,0.0626210072631782,NO
427,138,0.062026539793168994,NO
428,57,0.06082565407041855,NO
429,123,0.06142801776059015,NO
430,314,0.06495408674680377,NO
431,162,0.062026539793168994,NO
432,137,0.062026539793168994,NO
433,124,0.06142801776059015,NO
434,359,0.06552510288192001,NO
435,151,0.062026539793168994,NO
436,107,0.06142801776059015,NO
437,28,0.060219661811126875,NO
438,58,0.06082565407041855,NO
439,470,0.06720539231005977,NO
440,345,0.06495408674680377,NO
441,103,0.06142801776059015,NO
442,35,0.060219661811126875,NO
443,98,0.06142801776059015,NO
444,117,0.06142801776059015,NO
