ID, Size, Predicted, Actual
0,215,0.0038694206768761247,NO
1,273,0.999610343994907,NO
2,460,0.9088010617755801,NO
3,138,0.9088010617755801,NO
4,358,0.9088010617755801,NO
5,1154,0.999610343994907,YES
6,51,0.001942225626436153,NO
7,157,0.001942225626436153,NO
8,31,0.001942225626436153,NO
9,1009,0.0038694206768761247,NO
10,193,0.999610343994907,NO
11,83,0.999610343994907,YES
12,262,0.001942225626436153,NO
13,638,0.999610343994907,NO
14,40,0.001942225626436153,NO
15,374,0.0038694206768761247,NO
16,390,0.0038694206768761247,NO
17,51,0.0038694206768761247,NO
18,579,0.999610343994907,YES
19,32,0.001942225626436153,NO
20,66,0.001942225626436153,NO
21,260,0.999610343994907,NO
22,596,0.999610343994907,NO
23,198,0.999610343994907,NO
24,50,0.0038694206768761247,NO
25,27,0.001942225626436153,NO
26,926,0.999610343994907,YES
27,60,0.001942225626436153,NO
28,62,0.0038694206768761247,NO
29,87,0.0038694206768761247,NO
30,52,0.0038694206768761247,NO
31,297,0.999610343994907,YES
32,163,0.001942225626436153,NO
33,118,0.0038694206768761247,NO
34,83,0.0038694206768761247,NO
35,147,0.0012964958092142507,NO
36,58,0.0038694206768761247,NO
37,44,0.001942225626436153,NO
38,106,0.0038694206768761247,NO
39,192,0.999610343994907,YES
40,151,0.0038694206768761247,NO
41,352,0.999610343994907,YES
42,752,0.999610343994907,YES
43,877,0.0038694206768761247,NO
44,319,0.0038694206768761247,NO
45,27,0.0038694206768761247,NO
46,55,0.001942225626436153,NO
47,94,0.0038694206768761247,NO
48,191,0.0038694206768761247,NO
49,90,0.0038694206768761247,NO
50,90,0.0038694206768761247,NO
51,271,0.0038694206768761247,NO
52,138,0.0038694206768761247,NO
53,79,0.0038694206768761247,NO
54,82,0.0038694206768761247,NO
55,147,0.0038694206768761247,NO
56,422,0.0038694206768761247,NO
57,1026,0.999610343994907,YES
58,530,0.999610343994907,YES
59,189,0.0038694206768761247,NO
60,167,0.999610343994907,YES
61,86,0.999610343994907,NO
62,195,0.999610343994907,YES
63,374,0.0038694206768761247,NO
64,573,0.0038694206768761247,NO
65,126,0.0038694206768761247,NO
66,106,0.999610343994907,NO
67,109,0.0038694206768761247,NO
68,85,0.0012964958092142507,NO
69,237,0.0038694206768761247,NO
70,345,0.0038694206768761247,NO
71,47,0.0038694206768761247,NO
72,781,0.0038694206768761247,NO
73,27,0.001942225626436153,NO
74,89,0.0038694206768761247,NO
75,300,0.999610343994907,YES
76,166,0.999610343994907,YES
77,92,0.0038694206768761247,NO
78,497,0.999610343994907,YES
79,93,0.0038694206768761247,NO
80,244,0.0038694206768761247,NO
81,183,0.0038694206768761247,NO
82,252,0.0038694206768761247,NO
83,109,0.0038694206768761247,NO
84,607,0.999610343994907,YES
85,565,0.999610343994907,YES
86,69,0.0038694206768761247,NO
87,77,0.0038694206768761247,NO
88,97,0.0038694206768761247,NO
89,343,0.0038694206768761247,NO
90,214,0.0038694206768761247,NO
91,79,0.0038694206768761247,NO
92,25,0.0038694206768761247,NO
93,84,0.0038694206768761247,NO
94,34,0.0038694206768761247,NO
95,33,0.0038694206768761247,NO
96,104,0.0038694206768761247,NO
97,172,0.0038694206768761247,NO
98,70,0.0038694206768761247,NO
99,140,0.0038694206768761247,NO
100,156,0.0038694206768761247,NO
101,142,0.999610343994907,NO
102,152,0.999610343994907,NO
103,31,0.0038694206768761247,NO
104,60,0.999610343994907,NO
105,60,0.999610343994907,NO
106,876,0.0038694206768761247,NO
107,61,0.0038694206768761247,NO
108,185,0.0038694206768761247,NO
109,264,0.0038694206768761247,NO
110,248,0.0038694206768761247,NO
111,286,0.0038694206768761247,YES
112,185,0.0038694206768761247,NO
113,194,0.0038694206768761247,NO
114,346,0.0038694206768761247,NO
115,309,0.0038694206768761247,NO
116,363,0.999610343994907,YES
117,84,0.0038694206768761247,NO
118,53,0.999610343994907,NO
119,132,0.0038694206768761247,NO
120,4088,0.0038694206768761247,NO
121,721,0.999610343994907,YES
122,47,0.0038694206768761247,NO
123,101,0.0038694206768761247,NO
124,517,0.999610343994907,YES
125,327,0.0038694206768761247,NO
126,274,0.0038694206768761247,NO
127,136,0.0038694206768761247,NO
128,56,0.0038694206768761247,NO
129,74,0.0038694206768761247,NO
130,361,0.0038694206768761247,NO
131,174,0.0012964958092142507,NO
132,148,0.0012964958092142507,NO
133,92,0.001942225626436153,NO
134,45,0.0038694206768761247,NO
135,168,0.0038694206768761247,NO
136,77,0.001942225626436153,NO
137,666,0.0038694206768761247,NO
138,88,0.0038694206768761247,NO
139,263,0.0038694206768761247,NO
140,54,0.0012964958092142507,NO
141,51,0.0038694206768761247,NO
142,132,0.0038694206768761247,NO
143,160,0.0038694206768761247,NO
144,152,0.0038694206768761247,NO
145,39,0.0012964958092142507,NO
146,677,0.0038694206768761247,NO
147,131,0.0038694206768761247,NO
148,47,0.001942225626436153,NO
149,129,0.0038694206768761247,NO
150,43,0.001942225626436153,NO
151,257,0.999610343994907,YES
152,356,0.0038694206768761247,NO
153,62,0.0038694206768761247,NO
154,45,0.0038694206768761247,NO
155,97,0.0038694206768761247,NO
156,476,0.0012964958092142507,NO
157,77,0.0012964958092142507,NO
158,69,0.0012964958092142507,NO
159,104,0.0012964958092142507,NO
160,115,0.0012964958092142507,NO
161,421,0.0012964958092142507,NO
162,61,0.0012964958092142507,NO
163,2009,0.0038694206768761247,NO
164,179,0.0012964958092142507,NO
165,106,0.0012964958092142507,NO
166,33,0.0012964958092142507,NO
167,657,0.0012964958092142507,NO
168,295,0.0012964958092142507,NO
169,872,0.0012964958092142507,NO
170,444,0.0012964958092142507,NO
171,168,0.0012964958092142507,NO
172,752,0.0012964958092142507,NO
173,135,0.0012964958092142507,NO
174,1126,0.0038694206768761247,NO
175,163,0.0012964958092142507,NO
176,184,0.0012964958092142507,NO
177,51,0.0012964958092142507,NO
178,25,0.0012964958092142507,NO
179,180,0.0012964958092142507,NO
180,64,0.0012964958092142507,NO
181,101,0.0012964958092142507,NO
182,512,0.0012964958092142507,NO
183,187,0.0012964958092142507,NO
184,56,0.0012964958092142507,NO
185,39,0.0012964958092142507,NO
186,261,0.0012964958092142507,NO
187,73,0.0012964958092142507,NO
188,65,0.0012964958092142507,NO
189,329,0.0012964958092142507,NO
190,64,0.0012964958092142507,NO
191,164,0.0012964958092142507,NO
192,624,0.0038694206768761247,NO
193,74,0.0012964958092142507,NO
194,117,0.0012964958092142507,NO
195,84,0.0012964958092142507,NO
196,226,0.0038694206768761247,NO
197,76,0.0012964958092142507,NO
198,323,0.0038694206768761247,NO
199,72,0.0012964958092142507,NO
200,42,0.0012964958092142507,NO
201,48,0.0012964958092142507,NO
202,89,0.0038694206768761247,NO
203,380,0.0038694206768761247,NO
204,141,0.0038694206768761247,NO
205,148,0.0038694206768761247,NO
206,191,0.0038694206768761247,NO
207,46,0.0012964958092142507,NO
208,165,0.001942225626436153,NO
209,171,0.0038694206768761247,NO
210,56,0.0038694206768761247,NO
211,179,0.0038694206768761247,NO
212,74,0.0012964958092142507,NO
213,36,0.001942225626436153,NO
214,37,0.0012964958092142507,NO
215,34,0.0038694206768761247,NO
216,34,0.0038694206768761247,NO
217,38,0.0012964958092142507,NO
218,39,0.0012964958092142507,NO
219,156,0.0038694206768761247,NO
220,84,0.0038694206768761247,NO
221,117,0.0038694206768761247,NO
222,94,0.0038694206768761247,NO
223,71,0.0038694206768761247,NO
224,183,0.0038694206768761247,NO
225,85,0.0038694206768761247,NO
226,183,0.0038694206768761247,NO
227,70,0.0038694206768761247,NO
228,54,0.0038694206768761247,NO
229,160,0.0038694206768761247,NO
230,128,0.0038694206768761247,NO
231,151,0.0038694206768761247,NO
232,422,0.0038694206768761247,NO
233,221,0.0038694206768761247,NO
234,50,0.0038694206768761247,NO
235,42,0.0038694206768761247,NO
236,624,0.0038694206768761247,NO
237,377,0.0038694206768761247,NO
238,382,0.0038694206768761247,NO
239,72,0.0038694206768761247,NO
240,92,0.0038694206768761247,NO
241,282,0.0038694206768761247,NO
242,371,0.0038694206768761247,NO
243,47,0.0038694206768761247,NO
244,108,0.0038694206768761247,NO
245,111,0.0038694206768761247,NO
246,319,0.0038694206768761247,NO
247,129,0.0038694206768761247,NO
248,49,0.0038694206768761247,NO
249,358,0.0038694206768761247,NO
250,277,0.0038694206768761247,NO
251,49,0.0038694206768761247,NO
252,89,0.0038694206768761247,NO
253,41,0.0012964958092142507,NO
254,66,0.0012964958092142507,NO
255,63,0.001942225626436153,NO
256,24,0.0038694206768761247,NO
257,50,0.0038694206768761247,NO
258,72,0.0038694206768761247,NO
259,47,0.0038694206768761247,NO
260,47,0.0012964958092142507,NO
261,183,0.0012964958092142507,NO
262,49,0.0012964958092142507,NO
263,50,0.0012964958092142507,NO
264,98,0.0012964958092142507,NO
265,143,0.001942225626436153,NO
266,43,0.0012964958092142507,NO
267,42,0.0012964958092142507,NO
268,56,0.001942225626436153,NO
269,44,0.0038694206768761247,NO
270,26,0.0038694206768761247,NO
271,254,0.0038694206768761247,NO
272,16883,0.0038694206768761247,NO
273,74,0.0038694206768761247,NO
274,153,0.0012964958092142507,NO
275,68,0.0038694206768761247,NO
276,100,0.0038694206768761247,NO
277,550,0.0038694206768761247,NO
278,437,0.0038694206768761247,NO
279,1038,0.0012964958092142507,NO
280,104,0.001942225626436153,NO
281,332,0.001942225626436153,NO
282,123,0.001942225626436153,NO
283,106,0.0038694206768761247,NO
284,106,0.0038694206768761247,NO
285,94,0.0038694206768761247,NO
286,101,0.0038694206768761247,NO
287,38,0.0038694206768761247,NO
288,628,0.0038694206768761247,NO
289,32,0.001942225626436153,NO
290,111,0.0012964958092142507,NO
291,35,0.0012964958092142507,NO
292,90,0.0038694206768761247,NO
293,27,0.0012964958092142507,NO
294,28,0.0012964958092142507,NO
295,92,0.0038694206768761247,NO
296,979,0.999610343994907,NO
297,67,0.001942225626436153,NO
298,29,0.0012964958092142507,NO
299,105,0.0038694206768761247,NO
300,72,0.001942225626436153,NO
301,37,0.0012964958092142507,NO
302,47,0.0038694206768761247,NO
303,31,0.001942225626436153,NO
304,90,0.0038694206768761247,NO
305,223,0.0038694206768761247,NO
306,214,0.0038694206768761247,NO
307,107,0.0038694206768761247,NO
308,37,0.001942225626436153,NO
309,27,0.001942225626436153,NO
310,48,0.001942225626436153,NO
311,167,0.001942225626436153,NO
312,213,0.0038694206768761247,NO
313,867,0.0038694206768761247,NO
314,159,0.0038694206768761247,NO
315,100,0.0038694206768761247,NO
316,96,0.0038694206768761247,NO
317,842,0.0038694206768761247,NO
318,535,0.0038694206768761247,NO
319,83,0.0038694206768761247,NO
320,63,0.001942225626436153,NO
321,76,0.0012964958092142507,NO
322,202,0.0038694206768761247,NO
323,155,0.0038694206768761247,NO
324,1263,0.0038694206768761247,NO
325,74,0.0012964958092142507,NO
326,101,0.0038694206768761247,NO
327,27,0.0038694206768761247,NO
328,22,0.0012964958092142507,NO
329,491,0.0038694206768761247,NO
330,62,0.0012964958092142507,NO
331,59,0.0038694206768761247,NO
332,99,0.0038694206768761247,NO
333,27,0.0012964958092142507,NO
334,77,0.0012964958092142507,NO
335,863,0.0038694206768761247,NO
336,64,0.0038694206768761247,NO
337,45,0.001942225626436153,NO
338,63,0.0012964958092142507,NO
339,54,0.0038694206768761247,NO
340,64,0.0012964958092142507,NO
341,132,0.0038694206768761247,NO
342,182,0.0038694206768761247,NO
343,70,0.0038694206768761247,NO
344,36,0.001942225626436153,NO
345,58,0.0012964958092142507,NO
346,62,0.0012964958092142507,NO
347,132,0.001942225626436153,NO
348,74,0.001942225626436153,NO
349,86,0.0012964958092142507,NO
350,74,0.0012964958092142507,NO
351,48,0.0012964958092142507,NO
352,74,0.0038694206768761247,NO
353,86,0.001942225626436153,NO
354,355,0.0038694206768761247,NO
355,53,0.0012964958092142507,NO
356,804,0.0038694206768761247,NO
357,75,0.0038694206768761247,NO
358,125,0.0038694206768761247,NO
359,200,0.0038694206768761247,NO
360,134,0.0038694206768761247,NO
361,57,0.0012964958092142507,NO
362,123,0.0038694206768761247,NO
363,266,0.0038694206768761247,NO
364,162,0.0038694206768761247,NO
365,130,0.0038694206768761247,NO
366,108,0.0038694206768761247,NO
367,354,0.0038694206768761247,NO
368,88,0.0038694206768761247,NO
369,28,0.0012964958092142507,NO
370,58,0.0038694206768761247,NO
371,308,0.0038694206768761247,NO
372,343,0.0012964958092142507,NO
373,103,0.0012964958092142507,NO
374,35,0.001942225626436153,NO
375,98,0.0012964958092142507,NO
376,117,0.001942225626436153,NO
