ID, Size, Predicted, Actual
0,227,0.0,NO
1,276,0.005,NO
2,460,0.13,NO
3,138,0.041666666666666664,NO
4,352,0.08,NO
5,23,0.0,NO
6,56,0.0,NO
7,51,0.0,NO
8,22,0.0,NO
9,44,0.0,NO
10,111,0.0033333333333333335,NO
11,71,0.02,NO
12,196,0.06,NO
13,39,0.0,NO
14,124,0.315,NO
15,38,0.02,NO
16,22,0.0,NO
17,44,0.0,NO
18,368,0.2,NO
19,22,0.0,NO
20,285,0.12444444444444444,NO
21,21,0.0,NO
22,22,0.0,NO
23,208,0.22,NO
24,55,0.0,NO
25,21,0.0,NO
26,288,0.18444444444444447,NO
27,47,0.0,NO
28,54,0.0,NO
29,105,0.1,NO
30,483,0.14,NO
31,35,0.0,NO
32,142,0.29,NO
33,95,0.098,NO
34,164,0.42,NO
35,70,0.01,NO
36,22,0.0,NO
37,26,0.0,NO
38,21,0.0,NO
39,56,0.0,NO
40,102,0.1,NO
41,107,0.1,NO
42,67,0.1,NO
43,39,0.0,NO
44,52,0.35,NO
45,20,0.0,NO
46,42,0.0,NO
47,36,0.01,NO
48,30,0.0,NO
49,71,0.01,NO
50,57,0.0,NO
51,31,0.0,NO
52,20,0.0,NO
53,90,0.16,NO
54,52,0.35,NO
55,108,0.03,NO
56,20,0.0,NO
57,93,0.03,NO
58,52,0.35,NO
59,117,0.04,NO
60,20,0.0,NO
61,31,0.0,NO
62,109,0.022083333333333333,NO
63,44,0.0,NO
64,72,0.03,NO
65,99,0.025,NO
66,103,0.05,NO
67,20,0.0,NO
68,71,0.0,NO
69,140,0.27,NO
70,1579,0.19,NO
71,45,0.0,NO
72,282,0.07666666666666666,NO
73,2582,0.02,NO
74,242,0.1,NO
75,55,0.0,NO
76,204,0.02,NO
77,59,0.0,NO
78,102,0.0,NO
79,34,0.0,NO
80,83,0.0,NO
81,114,0.0,NO
82,60,0.0,NO
83,461,0.11,NO
84,87,0.08,NO
85,130,0.05,NO
86,49,0.0,NO
87,123,0.05800000000000001,NO
88,101,0.0,NO
89,1350,0.4,NO
90,455,0.03,NO
91,40,0.0,NO
92,518,0.05,NO
93,371,0.03,NO
94,49,0.0,NO
95,490,0.02,NO
96,32,0.0,NO
97,73,0.10738095238095237,NO
98,633,0.06,NO
99,780,0.35,NO
100,470,0.35,NO
101,1015,0.37333333333333335,NO
102,278,0.02,NO
103,31,0.0,NO
104,36,0.01,NO
105,58,0.0,NO
106,172,0.02,NO
107,86,0.02,NO
108,162,0.0,NO
109,53,0.0,NO
110,415,0.0,NO
111,200,0.0,NO
112,264,0.1,NO
113,166,0.02,NO
114,38,0.02,NO
115,122,0.2248333333333333,NO
116,85,0.0,NO
117,66,0.01,NO
118,60,0.05,NO
119,37,0.0,NO
120,233,0.03,NO
121,37,0.0,NO
122,239,0.0,NO
123,40,0.0,NO
124,208,0.19,NO
125,210,0.19666666666666666,NO
126,388,0.3566666666666667,NO
127,22,0.0,NO
128,262,0.03,NO
129,306,0.065,NO
130,1438,0.49,NO
131,1469,0.8,NO
132,67,0.05,NO
133,437,0.039,NO
134,223,0.01,NO
135,35,0.0,NO
136,53,0.0,NO
137,196,0.11166666666666666,NO
138,108,0.0,NO
139,237,0.01,NO
140,219,0.17,NO
141,340,0.28962373737373737,NO
142,161,0.29,NO
143,136,0.006666666666666666,NO
144,376,0.01,NO
145,388,0.3816666666666667,NO
146,153,0.09,NO
147,114,0.04,NO
148,220,0.31,NO
149,453,0.3473333333333333,NO
150,1828,0.11,NO
151,246,0.07,NO
152,636,0.7841666666666667,NO
153,299,0.16,NO
154,259,0.07,NO
155,90,0.18,NO
156,93,0.0,NO
157,441,0.039,NO
158,149,0.18,NO
159,610,0.13666666666666666,NO
160,123,0.0765,NO
161,197,0.2,NO
162,865,0.53,NO
163,596,0.11666666666666667,NO
164,141,0.01,NO
165,179,0.0,NO
166,630,0.5016666666666666,NO
167,402,0.11833333333333335,NO
168,42,0.0,NO
169,42,0.0,NO
170,315,0.5033333333333333,NO
171,85,0.0,NO
172,472,0.08,NO
173,106,0.01,NO
174,250,0.0,NO
175,162,0.02,NO
176,236,0.08,NO
177,73,0.02,NO
178,104,0.1748333333333333,NO
179,40,0.04,NO
180,98,0.21166666666666667,NO
181,39,0.04,NO
182,38,0.18,NO
183,67,0.04,NO
184,76,0.02,NO
185,42,0.02,NO
186,71,0.01,NO
187,101,0.18633333333333332,NO
188,59,0.01,NO
189,55,0.0,NO
190,27,0.0,NO
191,89,0.29,NO
192,26,0.0,NO
193,24,0.0,NO
194,485,0.5,NO
195,1651,0.13,NO
196,48,0.0,NO
197,2479,0.13,NO
198,23,0.018333333333333333,NO
199,115,0.36200000000000004,NO
200,108,0.045,NO
201,346,0.6033333333333334,NO
202,391,0.46,NO
203,22,0.0,NO
204,83,0.03916666666666666,NO
205,51,0.0,NO
206,43,0.0,NO
207,54,0.003333333333333333,NO
208,43,0.0,NO
209,47,0.0,NO
210,33,0.0,NO
211,195,0.35333333333333333,NO
212,91,0.16583333333333333,NO
213,110,0.01,NO
214,81,0.03883333333333333,NO
215,108,0.5491666666666667,NO
216,109,0.01,NO
217,90,0.056666666666666664,NO
218,131,0.48,NO
219,95,0.0780952380952381,NO
220,132,0.3,NO
221,176,0.01,NO
222,124,0.27,NO
223,103,0.05583333333333333,NO
224,120,0.22,NO
225,149,0.19,NO
226,76,0.0,NO
227,89,0.0,NO
228,20,0.0,NO
229,213,0.01,NO
230,542,0.27,NO
231,233,0.04,NO
232,134,0.09,NO
233,104,0.03,NO
234,121,0.07,NO
235,39,0.0,NO
236,41,0.0,NO
237,248,0.05,NO
238,215,0.0,NO
239,269,0.08733333333333335,NO
240,165,0.02,NO
241,277,0.01,NO
242,100,0.03666666666666667,NO
243,358,0.01,NO
244,29,0.03,NO
245,339,0.09,NO
246,719,0.12,NO
247,141,0.0,NO
248,801,0.2366666666666667,NO
249,77,0.0,NO
250,97,0.0,NO
251,380,0.0,NO
252,214,0.0,NO
253,38,0.0,NO
254,79,0.0,NO
255,25,0.0,NO
256,84,0.0,NO
257,34,0.0,NO
258,33,0.0,NO
259,104,0.0,NO
260,193,0.0,NO
261,70,0.0,NO
262,140,0.0,NO
263,22,0.0,NO
264,158,0.01,NO
265,142,0.0,NO
266,109,0.045,NO
267,158,0.25816666666666666,NO
268,31,0.0,NO
269,344,0.02,NO
270,71,0.3866666666666667,NO
271,84,0.5366666666666666,NO
272,79,0.5266666666666667,NO
273,881,0.57,NO
274,64,0.0,NO
275,199,0.04016666666666666,NO
276,261,0.33666666666666667,NO
277,155,0.02,NO
278,45,0.022972222222222224,NO
279,23,0.0,NO
280,405,0.105,NO
281,248,0.0,NO
282,599,0.6041666666666667,NO
283,28,0.02,NO
284,452,0.11,NO
285,482,0.11333333333333334,NO
286,434,0.545,NO
287,83,0.02,NO
288,393,0.07,NO
289,230,0.14,NO
290,248,0.04,NO
291,28,0.03,NO
292,69,0.0925,NO
293,116,0.01,NO
294,100,0.0,NO
295,46,0.0,NO
296,226,0.095,NO
297,86,0.05,NO
298,93,0.03,NO
299,1935,0.11,NO
300,41,0.0,NO
301,64,0.03,NO
302,176,0.22,NO
303,334,0.06,NO
304,114,0.02,NO
305,66,0.01,NO
306,38,0.01,NO
307,46,0.01,NO
308,101,0.0,NO
309,144,0.08,NO
310,156,0.0,NO
311,113,0.0,NO
312,753,0.2383333333333333,NO
313,397,0.12,NO
314,327,0.37549999999999994,NO
315,139,0.0,NO
316,59,0.0,NO
317,78,0.0,NO
318,50,0.01,NO
319,483,0.32949999999999996,NO
320,42,0.0,NO
321,75,0.039999999999999994,NO
322,219,0.016666666666666666,NO
323,103,0.0,NO
324,158,0.02,NO
325,190,0.04,NO
326,88,0.003333333333333333,NO
327,248,0.0,NO
328,276,0.02,NO
329,330,0.14516666666666667,NO
330,69,0.2,NO
331,21,0.0,NO
332,39,0.0,NO
333,22,0.0,NO
334,24,0.0,NO
335,62,0.0275,NO
336,67,0.21,NO
337,65,0.01,NO
338,63,0.15845238095238096,NO
339,22,0.0,NO
340,60,0.0,NO
341,38,0.0,NO
342,62,0.0,NO
343,23,0.0,NO
344,79,0.0,NO
345,23,0.0,NO
346,176,0.0,NO
347,149,0.0,NO
348,23,0.0,NO
349,34,0.0,NO
350,35,0.0,NO
351,45,0.0,NO
352,293,0.07,NO
353,58,0.0425,NO
354,39,0.0,NO
355,57,0.0,NO
356,277,0.02,NO
357,468,0.0,NO
358,75,0.03,NO
359,666,0.0,NO
360,53,0.042833333333333334,NO
361,145,0.005,NO
362,53,0.01,NO
363,398,0.055,NO
364,119,0.0,NO
365,271,0.3407142857142857,NO
366,175,0.09333333333333334,NO
367,78,0.25,NO
368,415,0.0,NO
369,131,0.0,NO
370,45,0.0,NO
371,156,0.0,NO
372,166,0.1408333333333333,NO
373,43,0.0,NO
374,74,0.04,NO
375,302,0.02,NO
376,494,0.01,NO
377,421,0.01,NO
378,723,0.016666666666666663,NO
379,550,0.0,NO
380,493,0.01,NO
381,416,0.01,NO
382,359,0.0,NO
383,66,0.06,NO
384,62,0.04,NO
385,34,0.0,NO
386,23,0.0,NO
387,41,0.0,NO
388,50,0.01,NO
389,55,0.0,NO
390,1467,0.0,NO
391,187,0.0025,NO
392,162,0.025,NO
393,23,0.06,NO
394,142,0.01,NO
395,73,0.0,NO
396,108,0.16245238095238096,NO
397,20,0.0,NO
398,61,0.0,NO
399,86,0.06583333333333333,NO
400,84,0.04,NO
401,90,0.18583333333333332,NO
402,67,0.02,NO
403,20,0.0,NO
404,60,0.0,NO
405,88,0.17,NO
406,47,0.0,NO
407,76,0.0,NO
408,21,0.0,NO
409,53,0.0,NO
410,114,0.06,NO
411,121,0.015,NO
412,78,0.14,NO
413,20,0.0,NO
414,69,0.0,NO
415,80,0.02,NO
416,79,0.0,NO
417,81,0.01,NO
418,88,0.02,NO
419,20,0.0,NO
420,105,0.16,NO
421,60,0.0,NO
422,50,0.0,NO
423,28,0.0,NO
424,129,0.08,NO
425,43,0.0,NO
426,76,0.0,NO
427,63,0.0,NO
428,65,0.0,NO
429,76,0.0,NO
430,45,0.0,NO
431,20,0.0,NO
432,126,0.0,NO
