ID, Size, Predicted, Actual
0,227,0.97,YES
1,276,0.95,YES
2,460,0.96,YES
3,138,0.1,NO
4,355,0.97,YES
5,23,0.07,NO
6,31,0.06,NO
7,109,0.26,NO
8,44,0.02,NO
9,72,0.03,NO
10,99,0.25,NO
11,103,0.24,NO
12,20,0.03,NO
13,135,0.49,YES
14,1699,0.97,YES
15,45,0.0,NO
16,200,0.32,NO
17,2583,0.97,YES
18,55,0.0,NO
19,204,0.03,NO
20,59,0.0,NO
21,102,0.08,NO
22,34,0.1,NO
23,83,0.46,NO
24,114,0.97,YES
25,60,0.28,NO
26,512,0.39,NO
27,87,0.08,NO
28,130,0.11,NO
29,37,0.06,NO
30,101,0.02,NO
31,1185,0.99,YES
32,455,0.96,YES
33,40,0.03,NO
34,518,0.99,YES
35,382,0.99,YES
36,49,0.0,NO
37,586,0.99,YES
38,32,0.0,NO
39,73,0.040833333333333346,NO
40,633,0.23,NO
41,681,0.99,YES
42,470,0.99,YES
43,1015,0.99,YES
44,278,0.43,NO
45,31,0.01,NO
46,36,0.14,NO
47,58,0.99,YES
48,172,0.98,YES
49,86,0.35,NO
50,162,0.76,NO
51,53,0.0,NO
52,415,0.53,NO
53,200,0.76,NO
54,264,0.47,NO
55,166,0.99,YES
56,38,0.01,NO
57,117,0.65,NO
58,85,0.02,NO
59,66,0.0,NO
60,60,0.01,NO
61,37,0.0,NO
62,233,0.58,NO
63,37,0.0,NO
64,239,0.11,NO
65,40,0.05,NO
66,208,0.99,YES
67,189,0.6,NO
68,22,0.02,NO
69,262,0.34,NO
70,489,0.58,NO
71,1417,0.65,NO
72,1376,0.98,YES
73,66,0.43,NO
74,438,0.99,YES
75,430,0.99,YES
76,35,0.01,NO
77,53,0.0,NO
78,197,0.86,NO
79,108,0.115,NO
80,237,0.37,NO
81,119,0.09,NO
82,334,0.75,NO
83,161,0.63,NO
84,136,0.45,NO
85,281,0.52,NO
86,203,0.58,NO
87,97,0.02142857142857143,NO
88,107,0.5,NO
89,148,0.0,NO
90,462,0.42,NO
91,1856,0.99,YES
92,245,1.0,YES
93,634,1.0,YES
94,214,0.96,YES
95,258,0.69,NO
96,70,0.15,NO
97,93,0.11,NO
98,337,0.87,NO
99,149,0.9,NO
100,585,0.76,NO
101,115,0.375,NO
102,192,0.81,YES
103,704,0.73,YES
104,591,0.5,NO
105,141,0.515,NO
106,179,0.99,YES
107,602,1.0,YES
108,141,0.037333333333333336,NO
109,42,0.09,NO
110,42,0.03,NO
111,85,0.0,NO
112,69,0.1,NO
113,471,0.11,NO
114,106,0.03,NO
115,250,0.028333333333333332,NO
116,162,0.63,NO
117,24,0.05,NO
118,56,0.06,NO
119,51,0.06,NO
120,22,0.05,NO
121,24,0.05,NO
122,492,1.0,YES
123,1624,0.99,YES
124,47,0.0,NO
125,2258,0.99,YES
126,85,0.14,NO
127,50,0.09,NO
128,44,0.08,NO
129,52,0.09,NO
130,41,0.08,NO
131,48,0.09,NO
132,213,0.03,NO
133,543,1.0,YES
134,233,0.04,NO
135,134,0.56,NO
136,104,0.21,NO
137,121,0.99,YES
138,39,0.11,NO
139,41,0.25,NO
140,248,0.99,YES
141,215,0.0,NO
142,269,0.67,NO
143,165,0.03,NO
144,277,0.2,NO
145,100,0.0,NO
146,358,0.65,NO
147,29,0.14,NO
148,339,0.68,NO
149,719,0.63,NO
150,141,0.7,NO
151,801,1.0,YES
152,69,0.0075,NO
153,77,0.0,NO
154,97,0.0,NO
155,380,0.0,NO
156,214,0.0,NO
157,38,0.0,NO
158,79,0.0,NO
159,25,0.0,NO
160,84,0.0,NO
161,34,0.0,NO
162,33,0.0,NO
163,104,0.0,NO
164,193,0.96,YES
165,70,0.0,NO
166,140,0.0,NO
167,22,0.0,NO
168,158,1.0,YES
169,142,0.04,NO
170,109,0.17,NO
171,152,0.0,YES
172,31,0.0,NO
173,344,0.01,NO
174,60,0.0,YES
175,85,0.006666666666666666,YES
176,78,0.006666666666666666,YES
177,880,0.02,YES
178,64,0.0,NO
179,199,0.01,NO
180,264,0.0,YES
181,155,0.36,NO
182,42,0.0,NO
183,405,1.0,YES
184,248,0.0,NO
185,541,0.87,NO
186,28,0.01,NO
187,452,1.0,YES
188,474,0.84,NO
189,379,1.0,YES
190,83,0.06,NO
191,393,0.91,NO
192,439,1.0,YES
193,248,0.81,NO
194,13253,0.78,NO
195,28,0.01,NO
196,69,0.04,NO
197,6303,0.23333333333333336,NO
198,116,0.12,NO
199,100,0.42,NO
200,46,0.02,NO
201,226,0.26,NO
202,79,0.03,NO
203,93,0.03,NO
204,2156,0.99,YES
205,41,0.0,NO
206,64,0.0,NO
207,149,0.88,NO
208,334,0.94,NO
209,114,0.67,NO
210,66,0.05,NO
211,38,0.04,NO
212,46,0.02,NO
213,101,0.0,NO
214,111,0.1,NO
215,156,0.1,NO
216,113,0.66,NO
217,770,0.88,NO
218,392,1.0,YES
219,314,0.74,NO
220,139,1.0,YES
221,59,0.01,NO
222,78,0.02,NO
223,49,0.04285714285714286,NO
224,511,0.9,NO
225,42,0.01,NO
226,75,0.06285714285714286,NO
227,219,0.17,NO
228,103,0.11285714285714286,NO
229,158,0.12,NO
230,190,0.25,NO
231,88,0.02,NO
232,248,0.33,NO
233,276,0.42,NO
234,60,0.0,NO
235,35,0.0,NO
236,63,0.0,NO
237,79,0.0,NO
238,174,0.02,NO
239,148,0.0,NO
240,34,0.0,NO
241,35,0.0,NO
242,45,0.0,NO
243,293,0.14,NO
244,88,1.0,YES
245,57,0.07999999999999999,NO
246,39,0.0,NO
247,57,0.02,NO
248,277,0.31,NO
249,468,0.07,NO
250,75,0.0,NO
251,666,0.0,NO
252,53,0.99,YES
253,145,0.0,NO
254,396,1.0,YES
255,54,0.0,NO
256,104,0.0,NO
257,119,0.0,NO
258,514,1.0,YES
259,152,0.0,NO
260,95,0.03,NO
261,415,0.0,NO
262,131,0.0,NO
263,45,0.0,NO
264,156,0.22,NO
265,166,0.99,YES
266,43,0.0,NO
267,74,0.99,YES
268,302,0.65,NO
269,494,0.4,NO
270,421,0.41,NO
271,723,0.4,NO
272,550,0.42,NO
273,493,0.42,NO
274,416,0.41,NO
275,359,0.02,NO
276,62,0.0,NO
277,45,0.0,NO
278,41,0.0,NO
279,47,0.0,NO
280,55,0.0,NO
281,1456,0.16,NO
282,187,0.35,NO
283,163,0.1,NO
284,142,0.75,NO
285,73,0.02,NO
286,108,0.96,YES
287,20,0.13,NO
288,60,0.07,NO
289,84,0.07,NO
290,82,0.32,NO
291,86,0.98,YES
292,67,0.0,NO
293,20,0.13,NO
294,60,0.97,YES
295,88,0.93,YES
296,47,0.97,YES
297,76,0.98,YES
298,21,0.14,NO
299,53,0.0,NO
300,114,1.0,YES
301,121,0.97,YES
302,78,0.92,YES
303,20,0.14,NO
304,69,0.04,NO
305,80,0.04,NO
306,79,0.08,NO
307,81,0.92,YES
308,88,0.98,YES
309,20,0.14,NO
310,105,0.99,YES
311,60,0.93,YES
312,50,0.0,NO
313,28,0.0,NO
314,129,1.0,YES
315,43,0.03,NO
316,76,0.0,NO
317,63,0.0,NO
318,65,0.09,NO
319,76,0.98,YES
320,45,0.0,NO
321,20,0.15,NO
