ID, Size, Predicted, Actual
0,227,7.223833520608871E-4,NO
1,276,7.223833520608871E-4,NO
2,460,0.9999276676117104,NO
3,138,7.223833520608871E-4,NO
4,355,7.223833520608871E-4,NO
5,23,7.223833520608871E-4,NO
6,48,7.223833520608871E-4,NO
7,59,7.223833520608871E-4,NO
8,79,7.223833520608871E-4,NO
9,67,7.223833520608871E-4,NO
10,49,7.223833520608871E-4,NO
11,40,1.807917394293526E-4,NO
12,20,9.041221549638154E-5,NO
13,42,1.807917394293526E-4,NO
14,36,1.807917394293526E-4,NO
15,31,1.807917394293526E-4,NO
16,30,1.807917394293526E-4,NO
17,71,1.807917394293526E-4,NO
18,57,1.807917394293526E-4,NO
19,20,1.807917394293526E-4,NO
20,89,1.807917394293526E-4,NO
21,60,1.807917394293526E-4,NO
22,102,0.9999276676117104,NO
23,20,1.807917394293526E-4,NO
24,93,1.807917394293526E-4,NO
25,59,1.807917394293526E-4,NO
26,111,0.9999276676117104,NO
27,20,1.807917394293526E-4,NO
28,31,3.6145278350380275E-4,NO
29,109,7.223833520608871E-4,NO
30,44,7.223833520608871E-4,NO
31,72,0.9999276676117104,NO
32,99,7.223833520608871E-4,NO
33,103,7.223833520608871E-4,NO
34,20,7.223833520608871E-4,NO
35,137,0.9999276676117104,YES
36,1699,0.9999276676117104,NO
37,45,1.4464385170890137E-4,NO
38,200,7.223833520608871E-4,NO
39,2582,0.9999276676117104,NO
40,55,7.223833520608871E-4,NO
41,204,7.223833520608871E-4,NO
42,59,7.223833520608871E-4,NO
43,102,7.223833520608871E-4,NO
44,34,7.223833520608871E-4,NO
45,83,7.223833520608871E-4,NO
46,114,7.223833520608871E-4,NO
47,60,7.223833520608871E-4,NO
48,512,7.223833520608871E-4,NO
49,87,7.223833520608871E-4,NO
50,130,7.223833520608871E-4,NO
51,37,7.223833520608871E-4,NO
52,101,7.223833520608871E-4,NO
53,1185,7.223833520608871E-4,NO
54,455,3.6145278350380275E-4,NO
55,40,7.223833520608871E-4,NO
56,518,7.223833520608871E-4,NO
57,382,7.223833520608871E-4,NO
58,49,7.223833520608871E-4,NO
59,585,0.9999638311896787,NO
60,32,8.036802849711949E-5,NO
61,73,0.9999819149407243,NO
62,633,7.223833520608871E-4,NO
63,681,7.223833520608871E-4,NO
64,470,7.223833520608871E-4,NO
65,1015,7.223833520608871E-4,NO
66,278,7.223833520608871E-4,NO
67,31,7.223833520608871E-4,NO
68,36,7.223833520608871E-4,NO
69,58,9.041221549638154E-5,NO
70,172,1.807917394293526E-4,NO
71,86,7.223833520608871E-4,NO
72,162,7.223833520608871E-4,NO
73,53,7.223833520608871E-4,NO
74,415,7.223833520608871E-4,NO
75,200,7.223833520608871E-4,NO
76,264,7.223833520608871E-4,NO
77,166,7.223833520608871E-4,NO
78,38,7.223833520608871E-4,NO
79,117,7.223833520608871E-4,NO
80,85,7.223833520608871E-4,NO
81,66,7.223833520608871E-4,NO
82,60,7.223833520608871E-4,NO
83,37,7.223833520608871E-4,NO
84,233,7.223833520608871E-4,NO
85,37,7.223833520608871E-4,NO
86,239,7.223833520608871E-4,NO
87,40,7.223833520608871E-4,NO
88,208,0.9999276676117104,NO
89,189,7.223833520608871E-4,NO
90,22,7.223833520608871E-4,NO
91,262,7.223833520608871E-4,NO
92,489,7.223833520608871E-4,NO
93,1418,0.9999276676117104,NO
94,1376,0.9999276676117104,NO
95,66,7.223833520608871E-4,NO
96,438,7.223833520608871E-4,NO
97,430,0.9999638311896787,NO
98,35,7.223833520608871E-4,NO
99,53,7.223833520608871E-4,NO
100,197,7.223833520608871E-4,NO
101,108,7.223833520608871E-4,NO
102,237,7.223833520608871E-4,NO
103,119,7.223833520608871E-4,NO
104,334,7.223833520608871E-4,NO
105,161,7.223833520608871E-4,NO
106,136,7.223833520608871E-4,NO
107,281,3.6145278350380275E-4,NO
108,203,7.223833520608871E-4,NO
109,97,3.6145278350380275E-4,NO
110,107,7.223833520608871E-4,NO
111,148,1.807917394293526E-4,NO
112,462,7.223833520608871E-4,NO
113,1856,0.9999276676117104,NO
114,245,0.9999276676117104,NO
115,634,0.9999276676117104,NO
116,214,7.223833520608871E-4,NO
117,259,7.223833520608871E-4,NO
118,90,7.223833520608871E-4,NO
119,93,7.223833520608871E-4,NO
120,337,7.223833520608871E-4,NO
121,149,7.223833520608871E-4,NO
122,611,2.4102660216003468E-4,NO
123,115,7.223833520608871E-4,NO
124,193,0.9999276676117104,YES
125,815,0.9999276676117104,YES
126,591,7.223833520608871E-4,NO
127,141,7.223833520608871E-4,NO
128,179,3.6145278350380275E-4,NO
129,606,0.9999276676117104,YES
130,141,7.223833520608871E-4,NO
131,42,7.223833520608871E-4,NO
132,42,7.223833520608871E-4,NO
133,85,7.23323882896962E-5,NO
134,69,7.223833520608871E-4,NO
135,471,7.223833520608871E-4,NO
136,106,7.223833520608871E-4,NO
137,250,2.4102660216003468E-4,NO
138,162,7.223833520608871E-4,NO
139,24,7.223833520608871E-4,NO
140,56,7.223833520608871E-4,NO
141,51,7.223833520608871E-4,NO
142,22,7.223833520608871E-4,NO
143,24,7.223833520608871E-4,NO
144,488,7.223833520608871E-4,NO
145,1624,0.9999276676117104,NO
146,47,1.2054235499425795E-4,NO
147,2307,1.4464385170890137E-4,NO
148,85,7.223833520608871E-4,NO
149,50,7.223833520608871E-4,NO
150,44,7.223833520608871E-4,NO
151,52,7.223833520608871E-4,NO
152,41,7.223833520608871E-4,NO
153,48,7.223833520608871E-4,NO
154,110,7.223833520608871E-4,NO
155,69,7.223833520608871E-4,NO
156,20,9.041221549638154E-5,NO
157,213,7.223833520608871E-4,NO
158,542,0.9999276676117104,NO
159,233,7.223833520608871E-4,NO
160,134,7.223833520608871E-4,NO
161,104,7.223833520608871E-4,NO
162,121,0.9999276676117104,NO
163,39,7.223833520608871E-4,NO
164,41,3.6145278350380275E-4,NO
165,248,7.223833520608871E-4,NO
166,215,3.6145278350380275E-4,NO
167,269,7.223833520608871E-4,NO
168,165,7.223833520608871E-4,NO
169,277,7.223833520608871E-4,NO
170,100,7.223833520608871E-4,NO
171,358,7.223833520608871E-4,NO
172,29,7.223833520608871E-4,NO
173,339,7.223833520608871E-4,NO
174,719,7.223833520608871E-4,NO
175,141,7.223833520608871E-4,NO
176,801,0.9999276676117104,NO
177,77,9.041221549638154E-5,NO
178,97,1.4464385170890137E-4,NO
179,380,1.807917394293526E-4,NO
180,214,9.041221549638154E-5,NO
181,38,7.223833520608871E-4,NO
182,79,9.041221549638154E-5,NO
183,25,9.041221549638154E-5,NO
184,84,9.041221549638154E-5,NO
185,34,9.041221549638154E-5,NO
186,33,9.041221549638154E-5,NO
187,104,9.041221549638154E-5,NO
188,193,7.223833520608871E-4,NO
189,70,9.041221549638154E-5,NO
190,140,9.041221549638154E-5,NO
191,22,1.807917394293526E-4,NO
192,158,7.223833520608871E-4,NO
193,142,7.223833520608871E-4,NO
194,109,7.223833520608871E-4,NO
195,158,0.9999276676117104,YES
196,31,1.2054235499425795E-4,NO
197,344,7.223833520608871E-4,NO
198,71,0.9999276676117104,YES
199,84,0.9999276676117104,YES
200,79,0.9999276676117104,YES
201,881,0.9999276676117104,YES
202,64,7.223833520608871E-4,NO
203,199,7.223833520608871E-4,NO
204,261,0.9999276676117104,YES
205,155,7.223833520608871E-4,NO
206,42,7.223833520608871E-4,NO
207,405,0.9999638311896787,NO
208,248,1.0332557716890768E-4,NO
209,541,0.9999276676117104,NO
210,28,7.223833520608871E-4,NO
211,452,7.223833520608871E-4,NO
212,474,0.9090371074333775,NO
213,379,0.9999276676117104,NO
214,83,7.223833520608871E-4,NO
215,393,0.9999638311896787,NO
216,458,0.9999276676117104,NO
217,248,7.223833520608871E-4,NO
218,28,7.223833520608871E-4,NO
219,69,2.4102660216003468E-4,NO
220,116,7.223833520608871E-4,NO
221,100,7.223833520608871E-4,NO
222,46,7.223833520608871E-4,NO
223,226,7.223833520608871E-4,NO
224,79,7.223833520608871E-4,NO
225,93,7.223833520608871E-4,NO
226,2156,0.9999276676117104,NO
227,41,7.223833520608871E-4,NO
228,64,7.223833520608871E-4,NO
229,149,7.223833520608871E-4,NO
230,334,7.223833520608871E-4,NO
231,114,7.223833520608871E-4,NO
232,66,7.223833520608871E-4,NO
233,38,7.223833520608871E-4,NO
234,46,7.223833520608871E-4,NO
235,101,1.2054235499425795E-4,NO
236,111,7.223833520608871E-4,NO
237,156,7.223833520608871E-4,NO
238,113,7.223833520608871E-4,NO
239,770,0.9999276676117104,NO
240,392,7.223833520608871E-4,NO
241,330,7.223833520608871E-4,NO
242,139,2.4102660216003468E-4,NO
243,59,7.223833520608871E-4,NO
244,78,7.223833520608871E-4,NO
245,49,7.223833520608871E-4,NO
246,511,7.223833520608871E-4,NO
247,42,7.223833520608871E-4,NO
248,75,7.223833520608871E-4,NO
249,219,7.223833520608871E-4,NO
250,103,7.223833520608871E-4,NO
251,158,7.223833520608871E-4,NO
252,190,7.223833520608871E-4,NO
253,88,7.223833520608871E-4,NO
254,248,7.223833520608871E-4,NO
255,276,7.223833520608871E-4,NO
256,60,7.223833520608871E-4,NO
257,35,7.223833520608871E-4,NO
258,63,7.223833520608871E-4,NO
259,79,7.223833520608871E-4,NO
260,174,7.223833520608871E-4,NO
261,148,7.223833520608871E-4,NO
262,34,7.223833520608871E-4,NO
263,35,7.223833520608871E-4,NO
264,45,7.223833520608871E-4,NO
265,293,7.223833520608871E-4,NO
266,57,7.223833520608871E-4,NO
267,39,1.4464385170890137E-4,NO
268,57,7.223833520608871E-4,NO
269,277,7.223833520608871E-4,NO
270,468,7.223833520608871E-4,NO
271,75,7.223833520608871E-4,NO
272,666,1.2054235499425795E-4,NO
273,53,0.9999638311896787,NO
274,145,7.223833520608871E-4,NO
275,53,7.223833520608871E-4,NO
276,397,7.223833520608871E-4,NO
277,54,7.223833520608871E-4,NO
278,104,7.223833520608871E-4,NO
279,119,1.807917394293526E-4,NO
280,514,7.223833520608871E-4,NO
281,152,9.041221549638154E-5,NO
282,95,7.223833520608871E-4,NO
283,415,7.223833520608871E-4,NO
284,131,9.041221549638154E-5,NO
285,45,7.223833520608871E-4,NO
286,156,7.223833520608871E-4,NO
287,166,9.041221549638154E-5,NO
288,43,8.036802849711949E-5,NO
289,74,1.807917394293526E-4,NO
290,302,7.223833520608871E-4,NO
291,494,7.223833520608871E-4,NO
292,421,7.223833520608871E-4,NO
293,723,7.223833520608871E-4,NO
294,550,7.223833520608871E-4,NO
295,493,7.223833520608871E-4,NO
296,416,7.223833520608871E-4,NO
297,359,7.223833520608871E-4,NO
298,66,2.4102660216003468E-4,NO
299,62,1.0332557716890768E-4,NO
300,45,9.041221549638154E-5,NO
301,41,2.4102660216003468E-4,NO
302,47,3.6145278350380275E-4,NO
303,55,2.4102660216003468E-4,NO
304,1456,7.223833520608871E-4,NO
305,187,7.223833520608871E-4,NO
306,163,3.6145278350380275E-4,NO
307,142,7.223833520608871E-4,NO
308,73,7.223833520608871E-4,NO
309,108,7.223833520608871E-4,NO
310,20,7.223833520608871E-4,NO
311,60,7.223833520608871E-4,NO
312,84,7.223833520608871E-4,NO
313,82,7.223833520608871E-4,NO
314,86,1.0332557716890768E-4,NO
315,67,7.223833520608871E-4,NO
316,20,7.223833520608871E-4,NO
317,60,1.807917394293526E-4,NO
318,88,7.223833520608871E-4,NO
319,47,7.223833520608871E-4,NO
320,76,7.223833520608871E-4,NO
321,21,7.223833520608871E-4,NO
322,53,7.223833520608871E-4,NO
323,114,7.223833520608871E-4,NO
324,121,7.223833520608871E-4,NO
325,78,0.9999638311896787,NO
326,20,7.223833520608871E-4,NO
327,69,7.223833520608871E-4,NO
328,80,7.223833520608871E-4,NO
329,79,7.223833520608871E-4,NO
330,81,3.6145278350380275E-4,NO
331,88,7.223833520608871E-4,NO
332,20,7.223833520608871E-4,NO
333,105,0.9999276676117104,NO
334,60,7.223833520608871E-4,NO
335,50,7.223833520608871E-4,NO
336,28,7.223833520608871E-4,NO
337,129,0.9999276676117104,NO
338,43,7.223833520608871E-4,NO
339,76,7.223833520608871E-4,NO
340,63,7.223833520608871E-4,NO
341,65,7.223833520608871E-4,NO
342,76,7.223833520608871E-4,NO
343,45,7.223833520608871E-4,NO
344,20,7.223833520608871E-4,NO
345,126,7.223833520608871E-4,NO
