ID, Size, Predicted, Actual
0,227,4.6175018054633976E-11,NO
1,276,4.691329663294276E-11,NO
2,460,1.6999874617169888E-10,NO
3,138,4.5227848801451367E-11,NO
4,352,1.6334862929993831E-10,NO
5,23,4.424774427901678E-11,NO
6,56,2.6829901264031665E-10,NO
7,51,2.2670637227109134E-10,NO
8,22,1.5644594469540043E-10,NO
9,44,1.9164175462083618E-10,NO
10,111,3.3705536815367212E-9,NO
11,71,4.5259163402070726E-10,NO
12,196,4.02424846416056E-6,NO
13,39,1.8567847728602499E-10,NO
14,124,5.778068145151298E-8,NO
15,38,1.8567847728602499E-10,NO
16,22,1.5644594469540043E-10,NO
17,44,1.9164175462083618E-10,NO
18,368,0.9999998566619825,NO
19,22,1.5644594469540043E-10,NO
20,285,0.5403349669212582,NO
21,21,1.5644594469540043E-10,NO
22,22,1.5644594469540043E-10,NO
23,208,3.6690163487589355E-5,NO
24,55,2.6829901264031665E-10,NO
25,21,1.5644594469540043E-10,NO
26,288,0.6128498422844977,NO
27,47,2.1380983108533218E-10,NO
28,54,2.6829901264031665E-10,NO
29,105,1.659470074575706E-9,NO
30,483,1.0,NO
31,35,1.775112970495662E-10,NO
32,142,2.939853984461582E-8,NO
33,95,1.4215999752580594E-9,NO
34,164,1.752826005582829E-7,NO
35,70,4.2434851911369946E-10,NO
36,22,1.5644594469540043E-10,NO
37,26,1.6001268796848734E-10,NO
38,21,1.5644594469540043E-10,NO
39,56,2.6829901264031665E-10,NO
40,102,2.0105615712700707E-10,NO
41,107,1.6256388992677501E-10,NO
42,67,4.446347479358449E-11,NO
43,39,1.8567847728602499E-10,NO
44,52,2.39820686620086E-10,NO
45,20,4.424774427901678E-11,NO
46,42,1.8567847728602499E-10,NO
47,36,1.513949211661508E-10,NO
48,30,1.6507692485565222E-10,NO
49,71,4.5259163402070726E-10,NO
50,57,2.9233187098311715E-10,NO
51,31,1.6970653675343965E-10,NO
52,20,4.424774427901678E-11,NO
53,90,1.533519082767613E-10,NO
54,52,2.39820686620086E-10,NO
55,108,1.5359589121102213E-10,NO
56,20,4.424774427901678E-11,NO
57,93,1.5258450611273366E-10,NO
58,52,2.39820686620086E-10,NO
59,117,1.5359589121102213E-10,NO
60,20,4.424774427901678E-11,NO
61,31,4.424774427901678E-11,NO
62,109,4.495321915917092E-11,NO
63,44,4.446347479358449E-11,NO
64,72,4.4698534750264614E-11,NO
65,99,4.4698534750264614E-11,NO
66,103,4.495321915917092E-11,NO
67,20,4.424774427901678E-11,NO
68,71,4.5259163402070726E-10,NO
69,140,1.54748376789937E-10,NO
70,1579,1.0,NO
71,45,4.446347479358449E-11,NO
72,282,8.149729391107177E-10,NO
73,2582,2.1002734038060298E-5,NO
74,242,0.0010525225819186233,NO
75,55,4.446347479358449E-11,NO
76,204,4.583835986393151E-11,NO
77,59,4.446347479358449E-11,NO
78,102,4.495321915917092E-11,NO
79,34,4.424774427901678E-11,NO
80,83,4.4698534750264614E-11,NO
81,114,4.495321915917092E-11,NO
82,60,4.446347479358449E-11,NO
83,461,0.049611159601315076,NO
84,87,4.4698534750264614E-11,NO
85,130,4.5227848801451367E-11,NO
86,49,1.5291889642951993E-10,NO
87,123,5.756737415948833E-9,NO
88,101,4.495321915917092E-11,NO
89,1350,0.02673839529715613,NO
90,455,4.968502899910786E-11,NO
91,40,4.424774427901678E-11,NO
92,518,5.081084291675963E-11,NO
93,371,2.74729926940059E-9,NO
94,49,4.446347479358449E-11,NO
95,490,0.9999999769237065,NO
96,32,4.424774427901678E-11,NO
97,73,4.4698534750264614E-11,NO
98,633,5.3401023858442334E-11,NO
99,780,0.9969666307116142,NO
100,470,1.6999874617169888E-10,NO
101,1015,2.2468546782591154E-10,NO
102,278,4.691329663294276E-11,NO
103,31,4.424774427901678E-11,NO
104,36,4.424774427901678E-11,NO
105,58,4.446347479358449E-11,NO
106,172,4.5522770902587364E-11,NO
107,86,4.4698534750264614E-11,NO
108,162,4.5522770902587364E-11,NO
109,53,4.446347479358449E-11,NO
110,415,4.866370705210013E-11,NO
111,200,4.583835986393151E-11,NO
112,264,4.653317666630259E-11,NO
113,166,4.5522770902587364E-11,NO
114,38,4.424774427901678E-11,NO
115,122,1.537368963475589E-10,NO
116,85,1.5293731364200851E-10,NO
117,66,1.5213304928487807E-10,NO
118,60,4.446347479358449E-11,NO
119,37,4.424774427901678E-11,NO
120,233,4.6175018054633976E-11,NO
121,37,4.424774427901678E-11,NO
122,239,4.6175018054633976E-11,NO
123,40,4.424774427901678E-11,NO
124,208,4.583835986393151E-11,NO
125,210,3.848894393510644E-9,NO
126,388,0.9999999990372509,NO
127,22,4.424774427901678E-11,NO
128,262,4.653317666630259E-11,NO
129,306,1.0,NO
130,1438,0.9997317125674304,NO
131,1469,1.0,NO
132,67,1.5213304928487807E-10,NO
133,437,6.172595144811643E-9,NO
134,223,1.0,NO
135,35,4.424774427901678E-11,NO
136,53,4.446347479358449E-11,NO
137,196,5.816433905329164E-9,NO
138,108,4.495321915917092E-11,NO
139,237,4.6175018054633976E-11,NO
140,219,1.7045733783820258E-9,NO
141,340,1.6516247975160158E-10,NO
142,161,1.55757461184501E-10,NO
143,136,4.5227848801451367E-11,NO
144,376,1.924559321686731E-6,NO
145,388,2.7134841704276304E-6,NO
146,153,3.817379057181841E-10,NO
147,114,1.5416621887536964E-10,NO
148,220,3.09205950551448E-9,NO
149,453,0.005428351338196558,NO
150,1828,0.999999997362245,NO
151,246,2.2389743678683396E-6,NO
152,636,1.827131287434992E-10,NO
153,299,1.128928573064896E-9,NO
154,259,1.5921459337097323E-10,NO
155,90,4.4698534750264614E-11,NO
156,93,4.4698534750264614E-11,NO
157,441,1.2904369055944778E-7,NO
158,149,1.54748376789937E-10,NO
159,610,6.648330408929741E-9,NO
160,123,5.659496049979357E-9,NO
161,197,1.5633193671244435E-10,NO
162,865,2.0619721923874666E-6,NO
163,596,6.6544616652269445E-9,NO
164,141,1.54748376789937E-10,NO
165,179,1.55757461184501E-10,NO
166,630,0.0023515230766664856,NO
167,402,0.9870975620535257,NO
168,42,4.424774427901678E-11,NO
169,42,4.424774427901678E-11,NO
170,315,0.23775239560345254,NO
171,85,4.4698534750264614E-11,NO
172,472,1.6945101945247187E-10,NO
173,106,1.5380872362307424E-10,NO
174,250,4.653317666630259E-11,NO
175,162,4.5522770902587364E-11,NO
176,236,6.037839544974563E-4,NO
177,73,5.164776565456072E-10,NO
178,104,1.659470074575706E-9,NO
179,40,1.8567847728602499E-10,NO
180,98,1.5583866947561193E-9,NO
181,39,1.8567847728602499E-10,NO
182,38,1.8567847728602499E-10,NO
183,67,3.5011041916005667E-10,NO
184,76,5.164776565456072E-10,NO
185,42,1.8567847728602499E-10,NO
186,71,4.5259163402070726E-10,NO
187,101,1.659470074575706E-9,NO
188,59,3.075409855631849E-10,NO
189,55,2.6829901264031665E-10,NO
190,27,1.6001268796848734E-10,NO
191,89,2.850009164044515E-8,NO
192,26,1.6001268796848734E-10,NO
193,24,4.424774427901678E-11,NO
194,485,1.7187880776951074E-10,NO
195,1651,1.4497486188371535E-8,NO
196,48,1.5213304928487807E-10,NO
197,2479,0.9998154952826779,NO
198,23,1.5737711130408203E-10,NO
199,115,5.149853213386336E-9,NO
200,108,2.360707634777033E-9,NO
201,346,0.9999872341131484,NO
202,391,0.9999999993593754,NO
203,22,1.5644594469540043E-10,NO
204,83,1.5293731364200851E-10,NO
205,51,1.5213304928487807E-10,NO
206,43,1.513949211661508E-10,NO
207,54,1.5213304928487807E-10,NO
208,43,1.513949211661508E-10,NO
209,47,1.5213304928487807E-10,NO
210,33,1.7370463917191204E-10,NO
211,195,8.863755248432436E-7,NO
212,91,4.8732415205968E-10,NO
213,110,3.3705536815367212E-9,NO
214,81,6.239800276185233E-10,NO
215,108,5.3789984529852726E-9,NO
216,109,2.6235964061844882E-9,NO
217,90,1.0195369454145225E-9,NO
218,131,9.341749306767551E-9,NO
219,95,2.423214856496836E-8,NO
220,132,1.1972413787944917E-8,NO
221,176,7.819710733298786E-7,NO
222,124,5.756737415948833E-9,NO
223,103,1.659470074575706E-9,NO
224,120,5.109337578877876E-9,NO
225,149,3.553117689993824E-8,NO
226,76,5.164776565456072E-10,NO
227,89,1.0195369454145225E-9,NO
228,20,4.424774427901678E-11,NO
229,213,4.583835986393151E-11,NO
230,542,5.1414813007142284E-11,NO
231,233,4.6175018054633976E-11,NO
232,134,4.5227848801451367E-11,NO
233,104,4.495321915917092E-11,NO
234,121,4.495321915917092E-11,NO
235,39,4.424774427901678E-11,NO
236,41,4.424774427901678E-11,NO
237,248,4.653317666630259E-11,NO
238,215,4.583835986393151E-11,NO
239,269,4.653317666630259E-11,NO
240,165,4.5522770902587364E-11,NO
241,277,4.691329663294276E-11,NO
242,100,4.4698534750264614E-11,NO
243,358,4.7741419077859596E-11,NO
244,29,4.424774427901678E-11,NO
245,339,4.7741419077859596E-11,NO
246,719,5.566849973672242E-11,NO
247,141,4.5227848801451367E-11,NO
248,801,5.824626219705534E-11,NO
249,77,4.4698534750264614E-11,NO
250,97,4.4698534750264614E-11,NO
251,380,4.819050138585586E-11,NO
252,214,4.583835986393151E-11,NO
253,38,4.424774427901678E-11,NO
254,79,4.4698534750264614E-11,NO
255,25,4.424774427901678E-11,NO
256,84,4.4698534750264614E-11,NO
257,34,4.424774427901678E-11,NO
258,33,4.424774427901678E-11,NO
259,104,4.495321915917092E-11,NO
260,193,4.583835986393151E-11,NO
261,70,4.446347479358449E-11,NO
262,140,4.5227848801451367E-11,NO
263,22,4.424774427901678E-11,NO
264,158,4.5522770902587364E-11,NO
265,142,4.5227848801451367E-11,NO
266,109,4.495321915917092E-11,NO
267,158,4.5522770902587364E-11,NO
268,31,4.424774427901678E-11,NO
269,344,4.7741419077859596E-11,NO
270,71,4.446347479358449E-11,NO
271,84,4.4698534750264614E-11,NO
272,79,4.4698534750264614E-11,NO
273,881,6.116813155311937E-11,NO
274,64,4.446347479358449E-11,NO
275,199,4.583835986393151E-11,NO
276,261,4.653317666630259E-11,NO
277,155,4.5227848801451367E-11,NO
278,45,1.5213304928487807E-10,NO
279,23,1.5737711130408203E-10,NO
280,405,1.6650426395228398E-10,NO
281,248,4.653317666630259E-11,NO
282,599,2.5902948335386772E-8,NO
283,28,4.424774427901678E-11,NO
284,452,4.968502899910786E-11,NO
285,482,1.0820498218786296E-9,NO
286,434,8.39337356253117E-8,NO
287,83,4.4698534750264614E-11,NO
288,393,1.6650426395228398E-10,NO
289,230,1.0,NO
290,248,4.653317666630259E-11,NO
291,28,4.424774427901678E-11,NO
292,69,4.446347479358449E-11,NO
293,116,4.495321915917092E-11,NO
294,100,4.4698534750264614E-11,NO
295,46,4.446347479358449E-11,NO
296,226,4.6175018054633976E-11,NO
297,86,1.5272568704119894E-10,NO
298,93,4.4698534750264614E-11,NO
299,1935,1.0,NO
300,41,4.424774427901678E-11,NO
301,64,4.446347479358449E-11,NO
302,176,5.817457422988332E-9,NO
303,334,4.7741419077859596E-11,NO
304,114,4.495321915917092E-11,NO
305,66,4.446347479358449E-11,NO
306,38,4.424774427901678E-11,NO
307,46,1.5213304928487807E-10,NO
308,101,4.495321915917092E-11,NO
309,144,6.010820783903232E-9,NO
310,156,4.5227848801451367E-11,NO
311,113,4.495321915917092E-11,NO
312,753,6.419645938270745E-6,NO
313,397,1.6758484952642002E-10,NO
314,327,5.940842827575666E-9,NO
315,139,4.5227848801451367E-11,NO
316,59,4.446347479358449E-11,NO
317,78,4.4698534750264614E-11,NO
318,50,1.5213304928487807E-10,NO
319,483,0.12168598697301641,NO
320,42,4.424774427901678E-11,NO
321,75,4.4698534750264614E-11,NO
322,219,4.6175018054633976E-11,NO
323,103,4.495321915917092E-11,NO
324,158,4.5522770902587364E-11,NO
325,190,4.583835986393151E-11,NO
326,88,4.4698534750264614E-11,NO
327,248,4.653317666630259E-11,NO
328,276,4.691329663294276E-11,NO
329,330,0.9999998085551883,NO
330,69,4.2434851911369946E-10,NO
331,21,1.5644594469540043E-10,NO
332,39,1.8567847728602499E-10,NO
333,22,1.5644594469540043E-10,NO
334,24,1.6001268796848734E-10,NO
335,62,1.0144260192272194E-8,NO
336,67,1.9154232814758181E-7,NO
337,65,9.747532283807043E-9,NO
338,63,9.121009229255465E-9,NO
339,22,1.5644594469540043E-10,NO
340,60,4.446347479358449E-11,NO
341,38,1.513949211661508E-10,NO
342,62,1.5213304928487807E-10,NO
343,23,1.5737711130408203E-10,NO
344,79,1.5293731364200851E-10,NO
345,23,1.5737711130408203E-10,NO
346,176,1.5525561911135565E-10,NO
347,149,1.54748376789937E-10,NO
348,23,1.5737711130408203E-10,NO
349,34,4.424774427901678E-11,NO
350,35,4.424774427901678E-11,NO
351,45,4.446347479358449E-11,NO
352,293,4.691329663294276E-11,NO
353,58,1.5213304928487807E-10,NO
354,39,4.424774427901678E-11,NO
355,57,4.446347479358449E-11,NO
356,277,4.691329663294276E-11,NO
357,468,4.968502899910786E-11,NO
358,75,4.4698534750264614E-11,NO
359,666,5.412425584564655E-11,NO
360,53,4.446347479358449E-11,NO
361,145,4.5227848801451367E-11,NO
362,53,4.446347479358449E-11,NO
363,398,1.6650426395228398E-10,NO
364,119,4.495321915917092E-11,NO
365,271,1.0,NO
366,175,1.6191203189946118E-10,NO
367,78,4.399368497784642E-10,NO
368,415,4.866370705210013E-11,NO
369,131,4.5227848801451367E-11,NO
370,45,4.446347479358449E-11,NO
371,156,4.5227848801451367E-11,NO
372,166,4.5522770902587364E-11,NO
373,43,4.424774427901678E-11,NO
374,74,4.4698534750264614E-11,NO
375,302,4.7315869618910555E-11,NO
376,494,5.023450902247469E-11,NO
377,421,4.916166201093714E-11,NO
378,723,5.566849973672242E-11,NO
379,550,5.1414813007142284E-11,NO
380,493,5.023450902247469E-11,NO
381,416,4.916166201093714E-11,NO
382,359,4.819050138585586E-11,NO
383,66,1.5213304928487807E-10,NO
384,62,1.5178209709432933E-10,NO
385,34,8.803354385417631E-10,NO
386,23,1.5737711130408203E-10,NO
387,41,4.424774427901678E-11,NO
388,50,1.5213304928487807E-10,NO
389,55,1.5213304928487807E-10,NO
390,1467,7.428127713030328E-9,NO
391,187,1.5683725783168984E-10,NO
392,162,1.5539814792249924E-10,NO
393,23,1.5737711130408203E-10,NO
394,142,4.5227848801451367E-11,NO
395,73,4.4698534750264614E-11,NO
396,108,4.495321915917092E-11,NO
397,20,4.424774427901678E-11,NO
398,61,3.374312254951642E-10,NO
399,86,7.76498324679801E-10,NO
400,84,6.747012522145885E-10,NO
401,90,1.0195369454145225E-9,NO
402,67,3.5011041916005667E-10,NO
403,20,1.5644594469540043E-10,NO
404,60,4.446347479358449E-11,NO
405,88,4.4698534750264614E-11,NO
406,47,4.446347479358449E-11,NO
407,76,4.4698534750264614E-11,NO
408,21,4.424774427901678E-11,NO
409,53,4.446347479358449E-11,NO
410,114,4.495321915917092E-11,NO
411,121,4.495321915917092E-11,NO
412,78,4.4698534750264614E-11,NO
413,20,4.424774427901678E-11,NO
414,69,4.446347479358449E-11,NO
415,80,4.4698534750264614E-11,NO
416,79,4.4698534750264614E-11,NO
417,81,4.4698534750264614E-11,NO
418,88,4.4698534750264614E-11,NO
419,20,4.424774427901678E-11,NO
420,105,4.495321915917092E-11,NO
421,60,4.446347479358449E-11,NO
422,50,4.446347479358449E-11,NO
423,28,4.424774427901678E-11,NO
424,129,4.495321915917092E-11,NO
425,43,4.424774427901678E-11,NO
426,76,4.4698534750264614E-11,NO
427,63,4.446347479358449E-11,NO
428,65,4.446347479358449E-11,NO
429,76,4.4698534750264614E-11,NO
430,45,4.446347479358449E-11,NO
431,20,4.424774427901678E-11,NO
432,126,4.495321915917092E-11,NO
