ID, Size, Predicted, Actual
0,215,0.31,NO
1,272,0.66,YES
2,459,0.69,YES
3,137,0.25260317460317455,NO
4,357,0.0,NO
5,1243,1.0,YES
6,51,0.0,NO
7,154,0.0,NO
8,31,0.0,NO
9,1332,0.97,YES
10,180,0.0,NO
11,260,0.14,NO
12,584,0.11,YES
13,40,0.0,NO
14,372,0.0,YES
15,388,0.15,NO
16,51,0.0,NO
17,609,0.65,YES
18,32,0.0,NO
19,66,0.0,YES
20,180,0.17,YES
21,587,0.22,YES
22,164,0.18533333333333332,NO
23,50,0.0,NO
24,27,0.0,NO
25,938,0.0,NO
26,60,0.0,NO
27,62,0.0,NO
28,87,0.0,NO
29,52,0.0,NO
30,270,0.5408333333333334,NO
31,163,0.0,NO
32,109,0.0,YES
33,147,0.0,NO
34,58,0.08523239565731826,NO
35,44,0.0,NO
36,106,0.10584087970852672,NO
37,151,0.0,NO
38,352,0.92,YES
39,715,0.83,YES
40,883,0.94,YES
41,356,0.86,YES
42,27,0.0,NO
43,55,0.0,NO
44,191,0.0,NO
45,90,0.0,NO
46,271,1.0,YES
47,137,0.49,NO
48,79,0.0,YES
49,82,0.011853896103896104,NO
50,147,0.24,NO
51,422,0.98,YES
52,1081,0.99,YES
53,529,0.29,YES
54,189,0.84,YES
55,167,0.0,NO
56,84,0.0889344540739917,NO
57,197,1.0,YES
58,374,0.93,YES
59,126,0.99,YES
60,167,0.96,YES
61,109,0.0,YES
62,85,0.0,NO
63,236,0.11,NO
64,394,0.72,YES
65,837,0.98,YES
66,27,0.0,NO
67,89,0.0,NO
68,483,0.94,YES
69,166,0.0,NO
70,92,0.06,NO
71,477,0.3666666666666667,YES
72,93,0.06,NO
73,244,0.03,NO
74,204,0.2,YES
75,250,0.0,NO
76,119,0.89,YES
77,729,0.88,YES
78,630,0.92,YES
79,69,0.25563924963924967,NO
80,77,0.0,NO
81,97,0.013172215039862097,NO
82,374,0.44166666666666665,NO
83,214,0.0,NO
84,38,0.14,NO
85,79,0.0,NO
86,25,0.0,NO
87,84,0.0889344540739917,NO
88,34,0.0,NO
89,33,0.0,NO
90,104,0.0,NO
91,193,0.3733333333333333,NO
92,70,0.0,NO
93,140,0.0,NO
94,22,0.14933333333333335,NO
95,154,0.0,NO
96,356,0.0,NO
97,248,0.0,NO
98,283,0.96,YES
99,176,0.0,NO
100,637,0.4,NO
101,86,0.07,NO
102,53,0.0,NO
103,148,0.86,YES
104,4088,0.0,NO
105,583,0.94,YES
106,823,0.99,YES
107,101,0.08808053058053059,NO
108,565,0.99,YES
109,360,1.0,YES
110,280,1.0,YES
111,136,0.99,YES
112,56,0.0,NO
113,78,0.98,YES
114,406,1.0,YES
115,174,0.0,NO
116,148,0.1824149461649462,NO
117,92,0.16,NO
118,45,0.09477440305652379,YES
119,168,0.0,NO
120,77,0.0,NO
121,664,0.48091666666666666,NO
122,88,0.05,YES
123,261,0.0,YES
124,54,0.0,NO
125,76,0.71,YES
126,140,0.8066666666666665,YES
127,152,0.00125,NO
128,39,0.0,NO
129,131,0.0,NO
130,47,0.0,NO
131,129,0.1865,NO
132,43,0.0,NO
133,257,0.0,NO
134,62,0.0,NO
135,45,0.09477440305652379,NO
136,94,0.2154580501198148,NO
137,72,0.0,NO
138,42,0.0,NO
139,48,0.0,NO
140,89,0.0,NO
141,380,0.0,NO
142,138,0.004,NO
143,142,0.0,NO
144,191,0.0,NO
145,46,0.0,NO
146,165,0.0,NO
147,171,0.0,NO
148,56,0.0,NO
149,179,0.0,NO
150,74,0.0,NO
151,36,0.0,NO
152,37,0.0,NO
153,34,0.0,NO
154,34,0.0,NO
155,38,0.09551550083903025,NO
156,39,0.0,NO
157,156,0.0,NO
158,84,0.0889344540739917,NO
159,117,0.0,NO
160,94,0.2154580501198148,NO
161,71,0.0,NO
162,183,0.0,NO
163,85,0.0,NO
164,183,0.0,NO
165,70,0.0,NO
166,54,0.0,NO
167,160,0.0,NO
168,125,0.0,NO
169,151,0.0,NO
170,421,0.0,NO
171,219,0.0,NO
172,50,0.0,NO
173,42,0.0,NO
174,624,0.03,NO
175,377,0.0,NO
176,382,0.2,NO
177,72,0.0,NO
178,92,0.07232996720341922,NO
179,284,0.0,NO
180,371,0.0,NO
181,47,0.0,NO
182,108,0.0,NO
183,111,0.0,NO
184,319,0.0,NO
185,129,0.0,NO
186,49,0.0,NO
187,358,0.0,NO
188,277,0.02,NO
189,49,0.0,NO
190,89,0.0,NO
191,41,0.0,NO
192,66,0.0,NO
193,63,0.08108934331921948,NO
194,24,0.0,NO
195,50,0.0,NO
196,72,0.0,NO
197,47,0.0,NO
198,47,0.0,NO
199,183,0.0,NO
200,49,0.0,NO
201,50,0.0,NO
202,98,0.0970930837738113,NO
203,143,0.0,NO
204,43,0.0,NO
205,42,0.0,NO
206,56,0.0,NO
207,44,0.0,NO
208,26,0.0,NO
209,254,0.0,NO
210,16883,0.0,NO
211,74,0.0,NO
212,153,0.17684126984126983,NO
213,68,0.019,NO
214,100,0.0,NO
215,549,0.0,NO
216,437,0.0,NO
217,1033,0.0,NO
218,101,0.08808053058053059,NO
219,331,0.01,NO
220,123,0.0,NO
221,106,0.10584087970852672,NO
222,106,0.1,NO
223,93,0.003398692810457517,NO
224,101,0.08808053058053059,NO
225,38,0.09551550083903025,NO
226,584,0.6,YES
227,32,0.0,NO
228,111,0.0,NO
229,35,0.0,NO
230,90,0.0,NO
231,27,0.0,NO
232,28,0.0,NO
233,92,0.07232996720341922,NO
234,907,0.0,NO
235,67,0.0,NO
236,29,0.0,NO
237,105,0.3707103174603176,NO
238,72,0.0,NO
239,37,0.0,NO
240,47,0.0,NO
241,31,0.0,NO
242,90,0.0,NO
243,223,0.0,NO
244,214,0.0,NO
245,107,0.0,NO
246,37,0.0,NO
247,27,0.0,NO
248,48,0.0,NO
249,166,0.0,NO
250,213,0.0,NO
251,866,0.0,NO
252,159,0.0,NO
253,100,0.0,NO
254,96,0.22340151515151507,NO
255,841,0.17,NO
256,525,0.0,NO
257,83,0.15376615051615058,NO
258,63,0.08108934331921948,NO
259,76,0.0,NO
260,202,0.0,NO
261,155,0.0,NO
262,1262,0.0,NO
263,74,0.0,NO
264,101,0.08808053058053059,NO
265,27,0.0,NO
266,22,0.0,NO
267,489,0.0,NO
268,62,0.0,NO
269,59,0.0,NO
270,99,0.0,NO
271,27,0.0,NO
272,77,0.0,NO
273,862,0.0,NO
274,64,0.0,NO
275,45,0.09477440305652379,NO
276,63,0.08108934331921948,NO
277,54,0.0,NO
278,64,0.0,NO
279,132,0.0,NO
280,177,0.0,NO
281,70,0.0,NO
282,36,0.0,NO
283,58,0.08523239565731826,NO
284,62,0.0,NO
285,132,0.0,NO
286,74,0.0,NO
287,83,0.15376615051615058,NO
288,74,0.0,NO
289,48,0.0,NO
290,74,0.0,NO
291,86,0.0,NO
292,355,0.0,NO
293,53,0.0,NO
294,798,0.02,NO
295,75,0.0,NO
296,125,0.0,NO
297,200,0.0,NO
298,134,0.0,NO
299,57,0.0,NO
300,123,0.0,NO
301,204,0.5816666666666667,YES
302,162,0.22433730158730156,NO
303,130,0.98,YES
304,108,0.45,YES
305,353,0.98,YES
306,80,0.48,YES
307,28,0.0,NO
308,57,0.0,NO
309,306,0.73,YES
310,340,0.99,YES
311,103,0.0,NO
312,35,0.0,NO
313,98,0.0970930837738113,NO
314,117,0.0,NO
