ID, Size, Predicted, Actual
0,215,0.0,NO
1,273,1.0,YES
2,460,1.0,YES
3,138,1.0,YES
4,358,1.0,YES
5,1248,1.0,YES
6,51,0.0,NO
7,157,1.0,YES
8,31,0.0,NO
9,981,0.2,YES
10,180,0.0,NO
11,262,1.0,YES
12,553,1.0,YES
13,40,0.0,NO
14,369,1.0,YES
15,390,1.0,YES
16,51,0.0,NO
17,577,0.23,YES
18,32,0.2257261904761904,NO
19,66,0.0,NO
20,188,1.0,YES
21,582,0.23,NO
22,160,1.0,YES
23,50,0.0,NO
24,27,0.0,NO
25,923,1.0,YES
26,60,0.0,NO
27,62,0.0,NO
28,87,0.08,NO
29,52,0.02166666666666666,NO
30,268,0.1,YES
31,163,0.13648809523809527,NO
32,109,0.0,NO
33,147,0.015333333333333334,NO
34,58,0.0,NO
35,44,0.003333333333333333,NO
36,106,0.176,YES
37,139,0.07,NO
38,326,0.01,YES
39,648,0.02,YES
40,792,1.0,YES
41,319,1.0,YES
42,55,0.04297619047619047,NO
43,191,0.26,NO
44,90,0.5920000000000001,NO
45,273,0.1,YES
46,137,0.07,NO
47,79,0.04,NO
48,82,0.08266666666666665,NO
49,147,0.015333333333333334,NO
50,422,0.19,YES
51,979,1.0,YES
52,495,1.0,YES
53,189,0.26,YES
54,167,0.04,YES
55,86,1.0,YES
56,182,0.0,YES
57,361,0.09,YES
58,126,0.0,YES
59,106,0.176,NO
60,109,0.0,NO
61,85,0.0,NO
62,236,0.73,NO
63,315,1.0,YES
64,695,1.0,YES
65,27,0.0,NO
66,89,0.19,NO
67,301,1.0,YES
68,153,0.005,YES
69,92,0.26460425685425687,NO
70,466,1.0,YES
71,93,0.4063214285714285,NO
72,244,0.71,NO
73,192,0.67,YES
74,252,1.0,YES
75,109,0.0,NO
76,601,0.04,YES
77,565,1.0,YES
78,69,0.65,NO
79,77,0.2793679376179376,NO
80,94,0.4165595238095239,YES
81,337,0.07,NO
82,214,0.0,NO
83,79,0.04,NO
84,25,0.0,NO
85,84,0.0,NO
86,34,0.11573412698412698,NO
87,33,0.03658333333333333,NO
88,104,0.2168333333333333,NO
89,172,0.03,NO
90,70,0.02,NO
91,140,0.07,NO
92,156,1.0,YES
93,248,0.71,NO
94,277,1.0,YES
95,189,0.05,NO
96,194,0.82,NO
97,346,0.23,NO
98,304,0.18,NO
99,356,1.0,YES
100,84,1.0,YES
101,53,1.0,YES
102,132,0.01,NO
103,4088,0.23,NO
104,691,1.0,YES
105,47,0.22,NO
106,101,0.98,YES
107,510,1.0,YES
108,328,1.0,YES
109,273,0.1,NO
110,136,0.07,NO
111,56,0.2548690476190476,NO
112,74,0.0,NO
113,359,1.0,YES
114,174,0.01,NO
115,148,0.5108531746031746,NO
116,92,0.26460425685425687,NO
117,45,0.2012665945165946,NO
118,168,0.65,NO
119,77,0.2793679376179376,NO
120,666,1.0,YES
121,88,0.05,NO
122,262,1.0,YES
123,54,0.0,NO
124,48,0.0,YES
125,140,0.07,YES
126,152,0.005,NO
127,39,0.0,NO
128,131,0.01,NO
129,47,0.0,NO
130,129,0.0,NO
131,43,0.14777922077922076,NO
132,243,0.72,YES
133,62,0.0,NO
134,45,0.2012665945165946,NO
135,97,0.98,YES
136,476,0.64,NO
137,77,0.2793679376179376,NO
138,69,0.65,NO
139,104,0.2168333333333333,NO
140,115,0.0,NO
141,421,0.19,NO
142,61,0.06,NO
143,2009,1.0,YES
144,179,0.0,NO
145,106,0.176,NO
146,33,0.03658333333333333,NO
147,657,0.18,NO
148,295,0.07,NO
149,872,0.21,NO
150,444,0.64,NO
151,168,0.65,NO
152,752,0.64,NO
153,135,0.06,NO
154,1126,0.21,NO
155,163,0.13648809523809527,NO
156,184,0.02,NO
157,51,0.0,NO
158,25,0.0,NO
159,180,0.0,NO
160,64,0.2863928571428571,NO
161,101,0.0,NO
162,512,0.67,NO
163,187,0.04,NO
164,56,0.2548690476190476,NO
165,39,0.0,NO
166,261,0.1,NO
167,73,0.0,NO
168,65,0.011666666666666664,NO
169,329,0.06,NO
170,64,0.2863928571428571,NO
171,164,0.08127380952380953,NO
172,624,1.0,YES
173,74,0.0,NO
174,117,0.0,NO
175,84,0.0,NO
176,226,1.0,YES
177,76,0.03975974025974027,NO
178,323,0.01,NO
179,72,0.0,NO
180,42,0.0,NO
181,48,0.0,NO
182,89,0.19,NO
183,380,0.17,NO
184,141,1.0,YES
185,148,1.0,YES
186,191,0.26,NO
187,46,0.0,NO
188,165,0.15602380952380954,NO
189,171,0.07,NO
190,56,0.2548690476190476,NO
191,179,0.0,NO
192,74,0.0,NO
193,36,0.005,NO
194,37,0.0,NO
195,34,0.11573412698412698,NO
196,34,0.11573412698412698,NO
197,38,0.2818809523809523,NO
198,39,0.0,NO
199,156,0.0,NO
200,84,0.0,NO
201,117,0.0,NO
202,94,0.4165595238095239,NO
203,71,0.0,NO
204,183,0.0,NO
205,85,0.0,NO
206,183,0.0,NO
207,70,0.02,NO
208,54,0.0,NO
209,160,0.045250000000000005,NO
210,125,0.0,NO
211,151,0.016666666666666663,NO
212,422,1.0,YES
213,221,1.0,YES
214,50,0.0,NO
215,42,0.0,NO
216,624,0.03,NO
217,377,0.17,NO
218,383,0.17,YES
219,72,0.0,NO
220,92,0.26460425685425687,NO
221,282,1.0,YES
222,371,0.17,NO
223,47,0.0,NO
224,108,0.0,NO
225,111,0.0,NO
226,319,0.0,NO
227,129,0.0,NO
228,49,0.0,NO
229,358,0.44,NO
230,277,0.1,NO
231,49,0.0,NO
232,89,0.19,NO
233,41,0.0,NO
234,66,0.0,NO
235,63,0.15461263736263733,NO
236,24,0.0,NO
237,50,0.0,NO
238,72,0.0,NO
239,47,0.0,NO
240,47,0.0,NO
241,183,0.0,NO
242,49,0.0,NO
243,50,0.0,NO
244,98,0.16335231435231437,NO
245,143,0.24,NO
246,43,0.14777922077922076,NO
247,42,0.0,NO
248,56,0.2548690476190476,NO
249,44,0.003333333333333333,NO
250,26,0.0,NO
251,254,0.23,NO
252,16883,0.23,NO
253,74,0.0,NO
254,153,0.005,NO
255,68,0.52,NO
256,100,0.00125,NO
257,550,1.0,YES
258,437,0.28,NO
259,1038,1.0,YES
260,104,1.0,YES
261,332,1.0,YES
262,123,0.0,NO
263,106,0.176,NO
264,106,0.176,NO
265,94,1.0,YES
266,101,0.98,YES
267,38,0.2818809523809523,NO
268,628,1.0,YES
269,32,0.2257261904761904,NO
270,111,0.0,NO
271,35,0.2314722222222222,NO
272,90,0.5920000000000001,NO
273,27,0.0,NO
274,28,0.0,NO
275,92,0.26460425685425687,NO
276,956,1.0,YES
277,67,0.0,NO
278,29,0.02083333333333333,NO
279,105,0.6177142857142857,NO
280,72,0.0,NO
281,37,0.0,NO
282,47,0.0,NO
283,31,0.0,NO
284,90,0.5920000000000001,NO
285,223,0.04,NO
286,214,0.0,NO
287,107,0.005,NO
288,37,0.0,NO
289,27,0.0,NO
290,48,0.0,NO
291,167,1.0,YES
292,213,0.0,NO
293,867,1.0,YES
294,159,0.045250000000000005,NO
295,100,0.00125,NO
296,96,0.7002579365079364,NO
297,842,1.0,YES
298,525,0.21,NO
299,83,0.0,NO
300,63,0.15461263736263733,NO
301,76,0.03975974025974027,NO
302,202,0.07,NO
303,155,1.0,YES
304,1263,1.0,YES
305,74,0.0,NO
306,101,0.0,NO
307,27,0.0,NO
308,22,0.0,NO
309,491,1.0,YES
310,62,0.0,NO
311,59,0.0,NO
312,99,0.03389560439560439,NO
313,27,0.0,NO
314,77,0.2793679376179376,NO
315,846,0.21,YES
316,64,0.2863928571428571,NO
317,45,0.2012665945165946,NO
318,63,0.15461263736263733,NO
319,54,0.0,NO
320,64,0.2863928571428571,NO
321,132,0.01,NO
322,177,0.0,NO
323,70,0.02,NO
324,36,0.005,NO
325,58,0.0,NO
326,62,0.0,NO
327,132,0.01,NO
328,74,0.0,NO
329,86,1.0,YES
330,74,0.0,NO
331,48,0.0,NO
332,74,0.0,NO
333,86,0.01,NO
334,355,0.44,NO
335,53,0.0,NO
336,804,1.0,YES
337,75,0.005,NO
338,125,0.0,NO
339,200,0.35,NO
340,134,0.01,NO
341,57,0.0,NO
342,123,0.0,NO
343,266,0.23,YES
344,162,0.3194047619047619,NO
345,130,0.0,YES
346,108,0.0,YES
347,354,0.08,YES
348,88,0.05,YES
349,28,0.0,NO
350,58,0.011666666666666665,NO
351,308,1.0,YES
352,343,1.0,YES
353,103,0.021666666666666664,NO
354,35,0.2314722222222222,NO
355,98,0.16335231435231437,NO
356,117,0.99,YES
