ID, Size, Predicted, Actual
0,212,0.010000222277463146,NO
1,274,0.010210492819356938,NO
2,461,0.9215266251932215,YES
3,138,0.00989710024572957,NO
4,358,0.010426261361990465,NO
5,93,0.016614849288757214,NO
6,1371,0.023599907899031523,YES
7,51,0.009595561284876914,NO
8,45,0.009595561284876914,NO
9,157,0.00989710024572957,NO
10,31,0.009595561284876914,NO
11,1708,0.9999287719110916,YES
12,55,0.009595561284876914,NO
13,204,0.010000222277463146,NO
14,55,0.009595561284876914,NO
15,103,0.00979529509050752,NO
16,34,0.009595561284876914,NO
17,83,0.009694788209917284,NO
18,488,0.15080695600176822,NO
19,83,0.009694788209917284,NO
20,129,0.00979529509050752,NO
21,885,1.0,YES
22,440,0.012655890977913697,NO
23,40,0.009595561284876914,NO
24,391,0.9199729149018382,YES
25,393,0.010536257025162225,NO
26,51,0.009595561284876914,NO
27,709,0.9371808943420937,YES
28,32,0.009595561284876914,NO
29,68,0.009694788209917284,YES
30,564,0.010990795287171241,YES
31,588,0.01103054687864672,NO
32,381,0.01252371037784936,YES
33,977,0.9415383361277435,YES
34,275,0.010210492819356938,NO
35,31,0.009595561284876914,NO
36,50,0.009595561284876914,NO
37,27,0.009595561284876914,NO
38,183,0.010000222277463146,NO
39,50,0.009595561284876914,NO
40,62,0.009694788209917284,NO
41,87,0.009694788209917284,NO
42,52,0.009595561284876914,NO
43,419,0.010573243141860889,NO
44,224,0.010104680074937755,NO
45,118,0.00979529509050752,YES
46,83,0.009694788209917284,NO
47,147,0.00989710024572957,NO
48,120,0.016785881139431993,NO
49,58,0.009595561284876914,NO
50,44,0.009595561284876914,NO
51,106,0.00979529509050752,NO
52,238,0.010104680074937755,NO
53,43,0.009595561284876914,NO
54,195,1.0,YES
55,189,0.010000222277463146,NO
56,151,0.00989710024572957,NO
57,364,0.010426261361990465,NO
58,910,0.012104628963980643,NO
59,911,0.01202012215564784,NO
60,43,0.009595561284876914,NO
61,325,0.010317679988598723,NO
62,27,0.009595561284876914,NO
63,55,0.009595561284876914,NO
64,93,0.009694788209917284,NO
65,191,0.010000222277463146,NO
66,90,0.009694788209917284,NO
67,89,0.009694788209917284,NO
68,273,0.010210492819356938,NO
69,153,0.00989710024572957,NO
70,92,0.913559730011348,YES
71,82,0.009694788209917284,NO
72,148,0.00989710024572957,NO
73,433,0.9207522569492151,YES
74,1231,1.0,YES
75,528,0.9222960160184195,YES
76,205,0.9160017610588993,YES
77,190,0.010000222277463146,NO
78,86,0.009694788209917284,NO
79,213,0.010000222277463146,NO
80,408,0.010536257025162225,NO
81,572,0.01110817475389125,NO
82,132,0.00979529509050752,NO
83,168,0.00989710024572957,NO
84,107,0.9143786687328269,YES
85,85,0.009694788209917284,NO
86,107,0.00979529509050752,NO
87,250,0.33971338458561,NO
88,237,0.010104680074937755,NO
89,622,0.9548647431243045,YES
90,47,0.009595561284876914,NO
91,1487,1.0,YES
92,27,0.009595561284876914,NO
93,89,0.009694788209917284,NO
94,481,0.9215266251932215,YES
95,227,0.9168058994184783,YES
96,166,0.00989710024572957,NO
97,92,0.009694788209917284,YES
98,476,0.010760573124538974,NO
99,93,0.009694788209917284,YES
100,244,0.010104680074937755,NO
101,204,0.010000222277463146,NO
102,252,0.010104680074937755,NO
103,119,0.00979529509050752,NO
104,733,0.011593333266278854,NO
105,630,0.011227095738254627,NO
106,69,0.009694788209917284,NO
107,77,0.009694788209917284,NO
108,97,0.009694788209917284,NO
109,380,0.010536257025162225,NO
110,214,0.010000222277463146,NO
111,38,0.009595561284876914,NO
112,79,0.009694788209917284,NO
113,25,0.009595561284876914,NO
114,84,0.009694788209917284,NO
115,34,0.009595561284876914,NO
116,33,0.009595561284876914,NO
117,104,0.00979529509050752,NO
118,193,0.010000222277463146,NO
119,70,0.009694788209917284,NO
120,140,0.00989710024572957,NO
121,22,0.009595561284876914,NO
122,156,0.00989710024572957,NO
123,142,0.00989710024572957,NO
124,100,0.00979529509050752,YES
125,153,0.00989710024572957,NO
126,31,0.009595561284876914,NO
127,340,0.9798566972652248,NO
128,61,0.009694788209917284,NO
129,61,0.009694788209917284,NO
130,877,0.011974271043942653,NO
131,62,0.009694788209917284,NO
132,186,0.010000222277463146,NO
133,264,0.010210492819356938,NO
134,42,0.009595561284876914,NO
135,248,0.010104680074937755,NO
136,358,0.010426261361990465,NO
137,199,0.010000222277463146,NO
138,330,0.030535094471766763,NO
139,346,0.010426261361990465,NO
140,89,0.009694788209917284,NO
141,193,0.06062876801005164,NO
142,406,0.01046258362817488,NO
143,82,0.009694788209917284,NO
144,53,0.009595561284876914,NO
145,148,0.00989710024572957,NO
146,4774,1.0,NO
147,4088,0.03155790964915199,NO
148,93,0.009694788209917284,NO
149,78,0.01152536422195046,NO
150,74,0.01152536422195046,NO
151,978,0.021159758717943213,NO
152,37,0.009595561284876914,NO
153,59,0.009595561284876914,NO
154,135,0.02901911429446098,NO
155,165,0.06003522554343897,NO
156,47,0.009595561284876914,NO
157,101,0.00979529509050752,NO
158,103,0.016785881139431993,NO
159,154,0.9702409237144007,YES
160,556,0.010990795287171241,NO
161,386,0.01046258362817488,NO
162,296,0.010317679988598723,YES
163,135,0.00979529509050752,NO
164,56,0.009595561284876914,NO
165,78,0.009694788209917284,NO
166,35,0.009528402237338163,NO
167,467,0.012789792272164906,YES
168,174,0.00989710024572957,NO
169,148,0.00989710024572957,NO
170,88,0.009694788209917284,NO
171,52,0.9127358739905088,YES
172,39,0.009595561284876914,NO
173,208,0.00993025941676204,NO
174,77,0.009694788209917284,NO
175,666,0.011347580612590924,NO
176,146,0.9146406605827255,YES
177,302,0.9178663046039833,YES
178,54,0.009595561284876914,NO
179,87,0.009694788209917284,NO
180,119,0.00979529509050752,NO
181,200,0.010000222277463146,NO
182,152,0.00989710024572957,NO
183,39,0.009595561284876914,NO
184,677,0.011347580612590924,NO
185,131,0.00979529509050752,NO
186,47,0.009595561284876914,NO
187,100,0.00979529509050752,NO
188,43,0.009595561284876914,NO
189,73,0.009694788209917284,NO
190,257,0.010210492819356938,NO
191,62,0.009694788209917284,NO
192,45,0.009595561284876914,NO
193,41,0.009528402237338163,NO
194,47,0.009528402237338163,NO
195,55,0.011407617033004126,NO
196,1046,1.0,NO
197,133,0.00972675184107969,NO
198,147,0.029314802821415895,NO
199,147,1.0,YES
200,77,0.913559730011348,YES
201,99,0.00979529509050752,NO
202,53,0.009595561284876914,NO
203,95,0.009694788209917284,NO
204,77,1.0,YES
205,69,0.009694788209917284,NO
206,69,0.009694788209917284,NO
207,77,0.009694788209917284,NO
208,80,0.009694788209917284,NO
209,72,0.009694788209917284,NO
210,63,0.009694788209917284,NO
211,50,0.009595561284876914,NO
212,28,0.009595561284876914,NO
213,108,0.00979529509050752,NO
214,40,0.009595561284876914,NO
215,76,0.009694788209917284,NO
216,64,0.009694788209917284,NO
217,63,0.009694788209917284,NO
218,55,0.009595561284876914,NO
219,45,0.009595561284876914,NO
220,476,0.010760573124538974,NO
221,77,0.009694788209917284,NO
222,69,0.009694788209917284,NO
223,104,0.00979529509050752,NO
224,115,0.00979529509050752,NO
225,421,0.010647687374976404,NO
226,61,0.009694788209917284,NO
227,2009,0.0165599664792969,NO
228,179,0.010000222277463146,NO
229,106,0.00979529509050752,NO
230,33,0.009595561284876914,NO
231,657,0.011347580612590924,NO
232,295,0.010210492819356938,NO
233,872,0.011974271043942653,NO
234,444,0.010647687374976404,NO
235,168,0.00989710024572957,NO
236,752,0.011593333266278854,NO
237,135,0.00979529509050752,NO
238,1126,0.012924018386703947,NO
239,163,0.00989710024572957,NO
240,184,0.010000222277463146,NO
241,51,0.009595561284876914,NO
242,25,0.009595561284876914,NO
243,180,0.010000222277463146,NO
244,64,0.009694788209917284,NO
245,101,0.00979529509050752,NO
246,512,0.010874935308289048,NO
247,187,0.010000222277463146,NO
248,56,0.009595561284876914,NO
249,39,0.009595561284876914,NO
250,261,0.010210492819356938,NO
251,73,0.009694788209917284,NO
252,65,0.009694788209917284,NO
253,329,0.010317679988598723,NO
254,64,0.009694788209917284,NO
255,164,0.00989710024572957,NO
256,624,0.011227095738254627,NO
257,74,0.009694788209917284,NO
258,117,0.00979529509050752,NO
259,84,0.009694788209917284,NO
260,226,0.010104680074937755,NO
261,76,0.009694788209917284,NO
262,323,0.010317679988598723,NO
263,72,0.009694788209917284,NO
264,42,0.009595561284876914,NO
265,48,0.009595561284876914,NO
266,89,0.009694788209917284,NO
267,380,0.010536257025162225,NO
268,141,0.00989710024572957,NO
269,148,0.00989710024572957,NO
270,191,0.010000222277463146,NO
271,46,0.009595561284876914,NO
272,165,0.00989710024572957,NO
273,171,0.00989710024572957,NO
274,56,0.009595561284876914,NO
275,179,0.010000222277463146,NO
276,74,0.009694788209917284,NO
277,36,0.009595561284876914,NO
278,37,0.009595561284876914,NO
279,34,0.009595561284876914,NO
280,34,0.009595561284876914,NO
281,38,0.009595561284876914,NO
282,39,0.009595561284876914,NO
283,156,0.00989710024572957,NO
284,84,0.009694788209917284,NO
285,117,0.00979529509050752,NO
286,94,0.009694788209917284,NO
287,71,0.009694788209917284,NO
288,183,0.010000222277463146,NO
289,85,0.009694788209917284,NO
290,183,0.010000222277463146,NO
291,70,0.009694788209917284,NO
292,54,0.009595561284876914,NO
293,160,0.00989710024572957,NO
294,128,0.00979529509050752,NO
295,151,0.00989710024572957,NO
296,422,0.010647687374976404,NO
297,221,0.010104680074937755,NO
298,50,0.009595561284876914,NO
299,42,0.009595561284876914,NO
300,624,0.011227095738254627,NO
301,377,0.010536257025162225,NO
302,382,0.010536257025162225,NO
303,72,0.009694788209917284,NO
304,92,0.009694788209917284,NO
305,282,0.010210492819356938,NO
306,371,0.010426261361990465,NO
307,47,0.009595561284876914,NO
308,108,0.00979529509050752,NO
309,111,0.00979529509050752,NO
310,319,0.010317679988598723,NO
311,129,0.00979529509050752,NO
312,49,0.009595561284876914,NO
313,358,0.010426261361990465,NO
314,277,0.010210492819356938,NO
315,49,0.009595561284876914,NO
316,89,0.009694788209917284,NO
317,41,0.009595561284876914,NO
318,66,0.009694788209917284,NO
319,63,0.009694788209917284,NO
320,24,0.009595561284876914,NO
321,50,0.009595561284876914,NO
322,72,0.009694788209917284,NO
323,47,0.009595561284876914,NO
324,47,0.009595561284876914,NO
325,183,0.010000222277463146,NO
326,49,0.009595561284876914,NO
327,50,0.009595561284876914,NO
328,98,0.009694788209917284,NO
329,143,0.00989710024572957,NO
330,43,0.009595561284876914,NO
331,42,0.009595561284876914,NO
332,56,0.009595561284876914,NO
333,44,0.009595561284876914,NO
334,26,0.009595561284876914,NO
335,254,0.010104680074937755,NO
336,16883,0.010314329579967797,NO
337,74,0.009694788209917284,NO
338,153,0.00989710024572957,NO
339,68,0.009694788209917284,NO
340,100,0.00979529509050752,NO
341,550,0.010990795287171241,NO
342,437,0.010647687374976404,NO
343,1038,0.012506187760067974,NO
344,104,0.00979529509050752,NO
345,332,0.010317679988598723,NO
346,123,0.00979529509050752,NO
347,106,0.00979529509050752,NO
348,105,0.00979529509050752,NO
349,94,0.009694788209917284,NO
350,101,0.00979529509050752,NO
351,38,0.009595561284876914,NO
352,666,0.011347580612590924,NO
353,32,0.009595561284876914,NO
354,111,0.00979529509050752,NO
355,35,0.009595561284876914,NO
356,90,0.009694788209917284,NO
357,27,0.009595561284876914,NO
358,28,0.009595561284876914,NO
359,92,0.009694788209917284,NO
360,979,0.012370561805884691,NO
361,67,0.009694788209917284,NO
362,29,0.009595561284876914,NO
363,105,0.00979529509050752,NO
364,72,0.009694788209917284,NO
365,37,0.009595561284876914,NO
366,47,0.009595561284876914,NO
367,31,0.009595561284876914,NO
368,90,0.009694788209917284,NO
369,223,0.010104680074937755,NO
370,214,0.010000222277463146,NO
371,107,0.00979529509050752,NO
372,37,0.009595561284876914,NO
373,27,0.009595561284876914,NO
374,48,0.009595561284876914,NO
375,167,0.00989710024572957,NO
376,213,0.010000222277463146,NO
377,867,0.011974271043942653,NO
378,159,0.00989710024572957,NO
379,100,0.00979529509050752,NO
380,96,0.009694788209917284,NO
381,842,0.011845618755709044,NO
382,535,0.010990795287171241,NO
383,83,0.009694788209917284,NO
384,63,0.009694788209917284,NO
385,76,0.009694788209917284,NO
386,202,0.010000222277463146,NO
387,155,0.00989710024572957,NO
388,1263,0.013358848363556346,NO
389,74,0.009694788209917284,NO
390,101,0.00979529509050752,NO
391,27,0.009595561284876914,NO
392,22,0.009595561284876914,NO
393,491,0.010760573124538974,NO
394,62,0.009694788209917284,NO
395,59,0.009595561284876914,NO
396,99,0.00979529509050752,NO
397,27,0.009595561284876914,NO
398,77,0.009694788209917284,NO
399,863,0.011974271043942653,NO
400,64,0.009694788209917284,NO
401,45,0.009595561284876914,NO
402,63,0.009694788209917284,NO
403,54,0.009595561284876914,NO
404,64,0.009694788209917284,NO
405,132,0.00979529509050752,NO
406,182,0.010000222277463146,NO
407,70,0.009694788209917284,NO
408,36,0.009595561284876914,NO
409,58,0.009595561284876914,NO
410,62,0.009694788209917284,NO
411,132,0.00979529509050752,NO
412,74,0.009694788209917284,NO
413,86,0.009694788209917284,NO
414,74,0.009694788209917284,NO
415,48,0.009595561284876914,NO
416,74,0.009694788209917284,NO
417,86,0.009694788209917284,NO
418,355,0.010426261361990465,NO
419,53,0.009595561284876914,NO
420,804,0.011718647552952125,NO
421,75,0.009694788209917284,NO
422,125,0.00979529509050752,NO
423,200,0.010000222277463146,NO
424,134,0.00979529509050752,NO
425,57,0.009595561284876914,NO
426,123,0.00979529509050752,NO
427,314,0.010317679988598723,NO
428,162,0.00989710024572957,NO
429,137,0.00979529509050752,NO
430,124,0.00979529509050752,NO
431,359,0.010426261361990465,NO
432,151,0.00989710024572957,NO
433,107,0.00979529509050752,NO
434,28,0.009595561284876914,NO
435,58,0.009595561284876914,NO
436,470,0.010760573124538974,NO
437,347,0.010426261361990465,NO
438,103,0.00979529509050752,NO
439,35,0.009595561284876914,NO
440,98,0.009694788209917284,NO
441,117,0.00979529509050752,NO
