ID, Size, Predicted, Actual
0,227,0.6632955428901038,NO
1,276,0.6667363952504285,NO
2,460,0.6764537929675459,NO
3,138,0.6562449699927707,NO
4,355,0.6696305985719321,NO
5,23,0.6490848635122611,NO
6,31,0.9994600938329073,YES
7,109,0.9994782503579668,YES
8,44,0.9994499678288145,YES
9,72,0.9994548957503363,YES
10,99,0.9994782503579668,YES
11,103,0.9994782503579668,YES
12,20,0.6395111187796262,NO
13,135,0.6541526410109592,YES
14,1699,1.0,YES
15,45,0.6132217615566575,NO
16,200,0.6518938641993793,NO
17,2583,0.9997244687395941,YES
18,55,0.595574840318806,NO
19,204,0.6331288661980584,NO
20,59,0.6242182633053686,NO
21,102,0.5965933671115523,NO
22,34,0.591681794793677,NO
23,83,0.596020815115626,NO
24,114,0.9994645887214011,YES
25,60,0.5938554566601699,NO
26,512,0.6711230310830425,NO
27,87,0.6241237410231633,NO
28,130,0.6256748949423308,NO
29,37,0.6193405200599463,NO
30,101,0.5885409426095084,NO
31,1185,0.9996029205882051,YES
32,455,0.9994948999814747,YES
33,40,0.5730950659977547,NO
34,518,0.9995251232986372,YES
35,382,0.6581219588579575,NO
36,49,0.5717744335343464,NO
37,586,0.6739337618940531,NO
38,32,0.5654379080866858,NO
39,73,0.9992551633698316,YES
40,633,0.6684991319610804,NO
41,681,0.6841508131405176,NO
42,470,1.0,YES
43,1015,0.7021145823871972,NO
44,278,0.6360471636564825,NO
45,31,0.551154992796987,NO
46,36,0.6193405200599463,NO
47,58,0.9994368263790445,YES
48,172,0.9994681196856748,YES
49,86,0.6382874042897042,NO
50,162,0.6493361390765057,NO
51,53,0.5455785018458339,NO
52,415,0.6627056192298808,NO
53,200,0.6358465710970633,NO
54,264,0.6307123532743244,NO
55,166,1.0,YES
56,38,0.5968377743021442,NO
57,117,0.6441029841860672,NO
58,85,0.6011589373696037,NO
59,66,0.539543282331249,NO
60,60,0.5984323270992445,NO
61,37,0.5373054208952786,NO
62,233,0.627540166159555,NO
63,37,0.5360942858838426,NO
64,239,0.5488268144189629,NO
65,40,0.5354883305419903,NO
66,208,0.9994654308972096,YES
67,189,0.6243518754104371,NO
68,22,0.5922562893910696,NO
69,262,0.6196589514026443,NO
70,489,0.9994898571681982,YES
71,1417,1.0,YES
72,1376,1.0,YES
73,66,0.6318761681145172,NO
74,438,0.6525921156675,NO
75,430,0.9994635353112242,YES
76,35,0.48260498078933844,NO
77,53,0.48423202559589756,NO
78,197,0.6353039988004189,NO
79,108,0.6022961616089435,NO
80,237,0.610263160115352,NO
81,119,0.48622735853431853,NO
82,334,0.6434931262208503,NO
83,161,0.6194821831444299,NO
84,136,0.5744028206627929,NO
85,281,0.6133536307608904,NO
86,203,0.6204741678258417,NO
87,97,0.47775933122491515,NO
88,107,0.6224689688503601,NO
89,148,0.48098272975450845,NO
90,462,0.6220757278180191,NO
91,1856,1.0,YES
92,245,1.0,YES
93,634,0.9994964545632538,YES
94,214,0.46478852320315245,NO
95,258,0.6290663639077096,NO
96,70,0.45180631191253806,NO
97,93,0.592576972842563,NO
98,337,0.6232712862570129,NO
99,149,0.6122179430413345,NO
100,585,0.6718850651951703,NO
101,115,0.5924397510026229,NO
102,192,0.6232462755516742,YES
103,704,0.6550291575103518,YES
104,591,0.619640420766397,NO
105,141,0.5895556048096872,NO
106,179,0.9993801889121883,YES
107,602,0.999495638663431,YES
108,141,0.43562016447969815,NO
109,42,0.5812741192350944,NO
110,42,0.5445498087417439,NO
111,85,0.5484067360532318,NO
112,69,0.9993035036868461,YES
113,471,0.5739855747155167,NO
114,106,0.5472034909760064,NO
115,250,0.558238547725775,NO
116,162,0.6071448715084287,NO
117,24,0.4153309431351796,NO
118,56,0.4175192038152311,NO
119,51,0.4175192038152311,NO
120,22,0.4153309431351796,NO
121,24,0.4153309431351796,NO
122,492,1.0,YES
123,1624,1.0,YES
124,47,0.4078957074541062,NO
125,2258,1.0,YES
126,85,0.3992433265995457,NO
127,50,0.39647380490212697,NO
128,44,0.3943211749407149,NO
129,52,0.39647380490212697,NO
130,41,0.3943211749407149,NO
131,48,0.3943211749407149,NO
132,213,0.4028779093364538,NO
133,543,0.9994746160516159,YES
134,233,0.39915735452528217,NO
135,134,0.3921356074877157,NO
136,104,0.5278034035706023,NO
137,121,0.9993719973785626,YES
138,39,0.5220955042878118,NO
139,41,0.38205964347975624,NO
140,248,0.6038778375010742,NO
141,215,0.39297078763336957,NO
142,269,0.5813446993999294,NO
143,165,0.38565043575374575,NO
144,277,0.5368531400105274,NO
145,100,0.3801923045453191,NO
146,358,0.5866262633055185,NO
147,29,0.517811120035617,NO
148,339,0.5860424365706564,NO
149,719,0.6085205334618442,NO
150,141,0.5924397510026229,NO
151,801,0.9994908160778114,YES
152,69,0.5157658862952668,NO
153,77,0.3659307705030177,NO
154,97,0.36801811255203337,NO
155,380,0.3861956866459291,NO
156,214,0.37514841893188633,NO
157,38,0.36263823647528776,NO
158,79,0.3647220580346599,NO
159,25,0.36263823647528776,NO
160,84,0.36680649392431575,NO
161,34,0.3620357908935196,NO
162,33,0.3620357908935196,NO
163,104,0.36620110229709474,NO
164,193,0.3724528627178676,NO
165,70,0.3635144855213568,NO
166,140,0.3676780584368973,NO
167,22,0.3614336380351745,NO
168,158,0.5200252654597547,NO
169,142,0.3670717792616162,NO
170,109,0.5155526933088662,NO
171,152,0.3679382837035323,YES
172,31,0.3596289546090145,NO
173,344,0.37979821034457695,NO
174,60,0.36110282104573693,YES
175,85,0.3631783974688404,YES
176,78,0.3580949221567192,YES
177,880,0.40853907823364993,YES
178,64,0.35629383646832397,NO
179,199,0.3639463661158756,NO
180,264,0.3680762238837723,YES
181,155,0.5157203713314918,NO
182,42,0.35303528258378253,NO
183,405,1.0,YES
184,248,0.365644336130668,NO
185,541,0.9994746160516159,YES
186,28,0.3458865131739948,NO
187,452,0.9994805360085853,YES
188,474,0.6400916578126941,NO
189,379,1.0,YES
190,83,0.5044585618459675,NO
191,393,0.9994575283983582,YES
192,439,1.0,YES
193,248,0.6246561866047746,NO
194,13253,0.999387722867715,YES
195,28,0.3058297407642325,NO
196,69,0.9989611980842721,YES
197,6303,0.7844900321278497,NO
198,116,0.4812437466042767,NO
199,100,0.5885409426095084,NO
200,46,0.47389534683321133,NO
201,226,0.30248829459881815,NO
202,79,0.47551788869261236,NO
203,93,0.5399602080412929,NO
204,2156,1.0,YES
205,41,0.2759677603492136,NO
206,64,0.27777059821143407,NO
207,149,0.5707022426403965,NO
208,334,0.600119989207854,NO
209,114,0.5685088633180552,NO
210,66,0.27560892511345747,NO
211,38,0.2732778930814164,NO
212,46,0.46330128060966946,NO
213,101,0.2763244654358435,NO
214,111,0.46777739631837295,NO
215,156,0.5377420674636525,NO
216,113,0.5679175482885365,NO
217,770,0.9994840096738989,YES
218,392,0.5817406386979813,NO
219,314,0.27200255211994173,NO
220,139,0.9972362994868464,YES
221,59,0.2570658630271464,NO
222,78,0.2570658630271464,NO
223,49,0.45492857948352156,NO
224,511,0.9993713229731678,YES
225,42,0.2522538277105329,NO
226,75,0.5237306435552327,NO
227,219,0.5342656129022385,NO
228,103,0.5253603249037208,NO
229,158,0.5298249273245176,NO
230,190,0.46194682109621493,NO
231,88,0.25462569283124786,NO
232,248,0.46574615799436003,NO
233,276,0.46795389792885483,NO
234,60,0.24323699237419455,NO
235,35,0.24158331801278196,NO
236,63,0.24273306259599672,NO
237,79,0.24273306259599672,NO
238,174,0.24771152422165912,NO
239,148,0.24720123909500322,NO
240,34,0.24008033277191934,NO
241,35,0.24008033277191934,NO
242,45,0.24008033277191934,NO
243,293,0.2528476189779517,NO
244,88,0.9969155382376481,YES
245,57,0.5120782221296177,NO
246,39,0.22438957070893648,NO
247,57,0.2259606166419557,NO
248,277,0.45099779773747656,NO
249,468,0.2452261990611352,NO
250,75,0.22451491846991523,NO
251,666,0.253952883996411,NO
252,53,0.998726857290307,YES
253,145,0.22728550000659783,NO
254,396,0.9993909702513566,YES
255,54,0.5089999613290027,NO
256,104,0.2208044141603623,NO
257,119,0.22187240406399902,NO
258,514,0.9993861743108843,YES
259,152,0.4365701342574396,NO
260,95,0.21843018299061837,NO
261,415,0.23247979626561935,NO
262,131,0.21854063965882745,NO
263,45,0.21397198196616782,NO
264,156,0.4353194111388506,NO
265,166,0.9965328433655963,YES
266,43,0.21304015067676133,NO
267,74,0.99643865313773,YES
268,302,0.5227590295052398,NO
269,494,0.4559003973960866,NO
270,421,0.4509256037888675,NO
271,723,0.47187830602942177,NO
272,550,0.4583357349257865,NO
273,493,0.45337512861166945,NO
274,416,0.4484045788953928,NO
275,359,0.22110943691139498,NO
276,62,0.42249314328152066,NO
277,45,0.2043157726252838,NO
278,41,0.2043157726252838,NO
279,47,0.20386304536696753,NO
280,55,0.20532842227894027,NO
281,1456,0.2692829220454056,NO
282,187,0.42938192330826974,NO
283,163,0.20699169080150745,NO
284,142,0.5849205254572369,NO
285,73,0.4193836345069733,NO
286,108,0.9991809384004651,YES
287,20,0.4159513779690013,NO
288,60,0.54075252162138,NO
289,84,0.5429831173036462,NO
290,82,0.5668997566443557,NO
291,86,0.9992997603654077,YES
292,67,0.19902465378216838,NO
293,20,0.4159513779690013,NO
294,60,0.9986328573547242,YES
295,88,0.9991769454932904,YES
296,47,0.9986205081932897,YES
297,76,0.9986328573547242,YES
298,21,0.41409043700367887,NO
299,53,0.19636216342240004,NO
300,114,0.9986571480632224,YES
301,121,0.9991822995238412,YES
302,78,0.9960091525144031,YES
303,20,0.41347036978932694,NO
304,69,0.41565579671481284,NO
305,80,0.41565579671481284,NO
306,79,0.4985016947433234,NO
307,81,0.9960336617565013,YES
308,88,0.9990275635019022,YES
309,20,0.41347036978932694,NO
310,105,0.9990275635019022,YES
311,60,0.9991675003064016,YES
312,50,0.19503975620942252,NO
313,28,0.19362991550803188,NO
314,129,0.9990362351872154,YES
315,43,0.4128504291968157,NO
316,76,0.19503975620942252,NO
317,63,0.19460026516486778,NO
318,65,0.4978827300917067,NO
319,76,0.9986258586490397,YES
320,45,0.1931928388613025,NO
321,20,0.4122306172659664,NO
