ID, Size, Predicted, Actual
0,227,0.01,NO
1,276,0.1934285714285714,NO
2,460,0.6316666666666666,NO
3,138,0.23209523809523813,NO
4,355,0.5839285714285714,NO
5,23,0.02,NO
6,31,1.0,YES
7,109,1.0,YES
8,44,1.0,YES
9,72,1.0,YES
10,99,1.0,YES
11,103,1.0,YES
12,20,0.02,NO
13,135,0.16008333333333333,YES
14,1699,1.0,YES
15,45,0.0,NO
16,200,0.285,NO
17,2583,1.0,YES
18,55,0.0,NO
19,204,0.34,NO
20,59,0.08,NO
21,102,0.017,NO
22,34,0.01,NO
23,83,0.02,NO
24,114,1.0,YES
25,60,0.06,NO
26,512,0.4016666666666667,NO
27,87,0.5773333333333334,NO
28,130,0.3716666666666667,NO
29,37,0.1,NO
30,101,0.15600000000000003,NO
31,1185,1.0,YES
32,455,1.0,YES
33,40,0.0,NO
34,518,1.0,YES
35,382,0.28,NO
36,49,0.0,NO
37,586,0.62,NO
38,32,0.0,NO
39,73,1.0,YES
40,633,0.45,NO
41,681,0.73,NO
42,470,1.0,YES
43,1015,0.35,NO
44,278,0.20854761904761906,NO
45,31,0.0,NO
46,36,0.13,NO
47,58,1.0,YES
48,172,1.0,YES
49,86,0.5811666666666667,NO
50,162,0.13,NO
51,53,0.0,NO
52,415,0.24083333333333334,NO
53,200,0.39,NO
54,264,0.749047619047619,NO
55,166,1.0,YES
56,38,0.36,NO
57,117,0.4965,NO
58,85,0.19,NO
59,66,0.0,NO
60,60,0.38,NO
61,37,0.13,NO
62,233,0.6133333333333333,NO
63,37,0.13,NO
64,239,0.02,NO
65,40,0.0,NO
66,208,1.0,YES
67,189,0.88,NO
68,22,0.0,NO
69,262,0.59,NO
70,489,1.0,YES
71,1417,1.0,YES
72,1376,1.0,YES
73,66,0.1705,NO
74,438,0.46,NO
75,430,1.0,YES
76,35,0.05,NO
77,53,0.0,NO
78,197,0.55,NO
79,108,0.1895,NO
80,237,0.08,NO
81,119,0.0,NO
82,334,0.5115,NO
83,161,0.295,NO
84,136,0.09616666666666668,NO
85,281,0.105,NO
86,203,0.2,NO
87,97,0.24519047619047618,NO
88,107,0.5033333333333333,NO
89,148,0.01,NO
90,462,0.245,NO
91,1856,1.0,YES
92,245,1.0,YES
93,634,1.0,YES
94,214,0.04,NO
95,258,0.72,NO
96,70,0.11392857142857142,NO
97,93,0.042,NO
98,337,0.642888888888889,NO
99,149,0.635,NO
100,585,0.62,NO
101,115,0.13533333333333333,NO
102,192,0.43583333333333335,YES
103,704,0.7383333333333333,YES
104,591,0.18083333333333335,NO
105,141,0.14333333333333334,NO
106,179,1.0,YES
107,602,1.0,YES
108,141,0.0325,NO
109,42,0.015,NO
110,42,0.0,NO
111,85,0.0,NO
112,69,1.0,YES
113,471,0.7254999999999999,NO
114,106,0.22285714285714284,NO
115,250,0.06,NO
116,162,0.11,NO
117,24,0.24333333333333335,NO
118,56,0.02,NO
119,51,0.035,NO
120,22,0.24333333333333335,NO
121,24,0.24333333333333335,NO
122,492,1.0,YES
123,1624,1.0,YES
124,47,0.0,NO
125,2258,1.0,YES
126,85,0.0,NO
127,50,0.0,NO
128,44,0.002,NO
129,52,0.09,NO
130,41,0.0,NO
131,48,0.0,NO
132,213,0.03,NO
133,543,1.0,YES
134,233,0.53,NO
135,134,0.68,NO
136,104,0.7019047619047619,NO
137,121,1.0,YES
138,39,0.007857142857142858,NO
139,41,0.0,NO
140,248,0.49,NO
141,215,0.0,NO
142,269,0.4697619047619048,NO
143,165,0.545,NO
144,277,0.17475000000000002,NO
145,100,0.17038095238095238,NO
146,358,0.29,NO
147,29,0.075,NO
148,339,0.6971031746031745,NO
149,719,0.87,NO
150,141,0.08,NO
151,801,1.0,YES
152,69,0.005,NO
153,77,0.0,NO
154,97,0.0,NO
155,380,0.0,NO
156,214,0.0,NO
157,38,0.0,NO
158,79,0.0,NO
159,25,0.0,NO
160,84,0.0,NO
161,34,0.0,NO
162,33,0.0,NO
163,104,0.0,NO
164,193,0.013333333333333332,NO
165,70,0.0,NO
166,140,0.0,NO
167,22,0.0,NO
168,158,0.11,NO
169,142,0.0,NO
170,109,0.5446428571428572,NO
171,152,0.0,YES
172,31,0.0,NO
173,344,0.06,NO
174,60,0.0,YES
175,85,0.028333333333333332,YES
176,78,0.14866666666666667,YES
177,880,0.0,YES
178,64,0.016666666666666666,NO
179,199,0.15485714285714286,NO
180,264,0.015,YES
181,155,0.18,NO
182,42,0.0,NO
183,405,1.0,YES
184,248,0.0,NO
185,541,1.0,YES
186,28,0.55,NO
187,452,1.0,YES
188,474,0.15,NO
189,379,1.0,YES
190,83,0.10416666666666664,NO
191,393,1.0,YES
192,439,1.0,YES
193,248,0.38166666666666665,NO
194,13253,0.99,YES
195,28,0.16,NO
196,69,1.0,YES
197,6303,0.24333333333333335,NO
198,116,0.08333333333333334,NO
199,100,0.16550000000000004,NO
200,46,0.0,NO
201,226,0.38183333333333336,NO
202,79,0.2,NO
203,93,0.23916666666666664,NO
204,2156,1.0,YES
205,41,0.0,NO
206,64,0.28,NO
207,149,0.025,NO
208,334,0.6855555555555556,NO
209,114,0.2071666666666666,NO
210,66,0.31,NO
211,38,0.0,NO
212,46,0.0,NO
213,101,0.0,NO
214,111,0.19333333333333336,NO
215,156,0.19,NO
216,113,0.26349999999999996,NO
217,770,1.0,YES
218,392,0.3135,NO
219,314,0.7988333333333333,NO
220,139,1.0,YES
221,59,0.0,NO
222,78,0.015,NO
223,49,0.0,NO
224,511,1.0,YES
225,42,0.0,NO
226,75,0.19620238095238096,NO
227,219,0.13666666666666666,NO
228,103,0.5952380952380952,NO
229,158,0.16666666666666663,NO
230,190,0.1075,NO
231,88,0.0016666666666666666,NO
232,248,0.09,NO
233,276,0.2,NO
234,60,0.09766666666666665,NO
235,35,0.01,NO
236,63,0.135,NO
237,79,0.0,NO
238,174,0.0,NO
239,148,0.01,NO
240,34,0.01,NO
241,35,0.01,NO
242,45,0.0,NO
243,293,0.8866666666666667,NO
244,88,1.0,YES
245,57,0.0,NO
246,39,0.0,NO
247,57,0.0,NO
248,277,0.25,NO
249,468,0.18333333333333335,NO
250,75,0.1825,NO
251,666,0.0,NO
252,53,1.0,YES
253,145,0.1025,NO
254,396,1.0,YES
255,54,0.0,NO
256,104,0.33,NO
257,119,0.0,NO
258,514,1.0,YES
259,152,0.0,NO
260,95,0.1,NO
261,415,0.05,NO
262,131,0.0,NO
263,45,0.0,NO
264,156,0.16,NO
265,166,1.0,YES
266,43,0.0,NO
267,74,1.0,YES
268,302,0.3761785714285714,NO
269,494,0.9,NO
270,421,0.8041666666666667,NO
271,723,0.5465,NO
272,550,0.47,NO
273,493,0.89,NO
274,416,0.7583333333333334,NO
275,359,0.01,NO
276,62,0.0,NO
277,45,0.0,NO
278,41,0.0,NO
279,47,0.0,NO
280,55,0.01,NO
281,1456,0.01,NO
282,187,0.03,NO
283,163,0.05816666666666668,NO
284,142,0.3,NO
285,73,0.08058333333333334,NO
286,108,1.0,YES
287,20,0.24333333333333335,NO
288,60,0.0,NO
289,84,0.02,NO
290,82,0.013999999999999999,NO
291,86,1.0,YES
292,67,0.68,NO
293,20,0.24333333333333335,NO
294,60,1.0,YES
295,88,1.0,YES
296,47,1.0,YES
297,76,1.0,YES
298,21,0.24333333333333335,NO
299,53,0.0,NO
300,114,1.0,YES
301,121,1.0,YES
302,78,1.0,YES
303,20,0.24333333333333335,NO
304,69,0.1643333333333333,NO
305,80,0.085,NO
306,79,0.06366666666666668,NO
307,81,1.0,YES
308,88,1.0,YES
309,20,0.24333333333333335,NO
310,105,1.0,YES
311,60,1.0,YES
312,50,0.0,NO
313,28,0.0,NO
314,129,1.0,YES
315,43,0.11416666666666664,NO
316,76,0.0,NO
317,63,0.0,NO
318,65,0.0675,NO
319,76,1.0,YES
320,45,0.0,NO
321,20,0.20333333333333334,NO
