ID, Size, Predicted, Actual
0,215,0.9999531142660442,NO
1,273,0.999999993120056,YES
2,460,0.9999999998523295,YES
3,138,0.9999999436481039,YES
4,358,0.9999999961576008,YES
5,1248,1.0,YES
6,51,0.9986916960942422,NO
7,157,0.999999520232167,YES
8,31,0.9980349375359376,NO
9,981,1.0,YES
10,180,0.9978999389445995,NO
11,262,0.9999996345442971,YES
12,553,0.9999999999148785,YES
13,40,0.9905302640710789,NO
14,369,1.0,YES
15,390,0.99999994450106,YES
16,51,0.9893441003349048,NO
17,577,0.9999998541579223,YES
18,32,0.987747407581636,NO
19,66,0.9935258984394169,NO
20,188,0.9999959483369902,YES
21,582,0.9999998147536341,NO
22,160,0.9999947928833139,YES
23,50,0.9792008883288958,NO
24,27,0.9930008619660642,NO
25,923,1.0,YES
26,60,0.9755817371954735,NO
27,62,0.975092597679293,NO
28,87,0.9748656478944554,NO
29,52,0.9743840137793652,NO
30,268,0.9980486638571322,YES
31,163,0.9894592970458507,NO
32,109,0.9697831429954453,NO
33,147,0.974811777357894,NO
34,58,0.9693845320562634,NO
35,44,0.9693845320562634,NO
36,106,0.967280066311542,YES
37,139,0.9193965948465165,NO
38,326,0.9988039491321188,YES
39,648,0.9999999647638059,YES
40,792,0.999999999999999,YES
41,319,0.9999994783496658,YES
42,55,0.8604070131639106,NO
43,191,0.8737666028560132,NO
44,90,0.9487336323693109,NO
45,273,0.9936280934756009,NO
46,137,0.9683182159954268,NO
47,79,0.9625860340946993,NO
48,82,0.8261563147202962,NO
49,147,0.9765455675109637,NO
50,422,0.9994651327114396,NO
51,979,1.0,YES
52,495,0.9999999982378465,YES
53,189,0.9530886464402405,NO
54,167,0.8972991159446748,YES
55,86,0.9998681442033474,YES
56,182,0.965211055559928,YES
57,361,0.9892809770721681,NO
58,126,0.9186196273273839,NO
59,106,0.8703366693616603,NO
60,109,0.8610915168592854,NO
61,85,0.864535217665484,NO
62,236,0.9581008403261626,NO
63,315,1.0,YES
64,695,1.0,YES
65,27,0.421903351765107,NO
66,89,0.32213044975704846,NO
67,301,0.9998583395808252,YES
68,153,0.9089816644029991,YES
69,92,0.867384293767663,NO
70,466,0.9999977953546999,YES
71,93,0.8618306771106922,NO
72,244,0.9411433047715877,NO
73,192,0.7491707221723239,YES
74,252,0.9995679865382393,YES
75,109,0.8063979603387422,NO
76,601,0.9999831981199672,YES
77,565,0.9999999562489764,YES
78,69,0.6538079900694727,NO
79,77,0.19845102029056347,NO
80,94,0.18837290571238766,YES
81,337,0.7796213904679627,NO
82,214,0.3267647172045125,NO
83,79,0.19334361935028227,NO
84,25,0.2541656501834059,NO
85,84,0.1914002771119147,NO
86,34,0.1907237187521822,NO
87,33,0.1907237187521822,NO
88,104,0.1809494373550836,NO
89,172,0.2156971644831141,NO
90,70,0.18760502443044835,NO
91,140,0.17739293294364405,NO
92,156,0.9988137626201646,YES
93,248,0.2613855669635744,NO
94,277,0.9995965843794965,YES
95,189,0.963317603300431,NO
96,194,0.9620294199999864,NO
97,346,0.9966448734183924,NO
98,304,0.9894327837604845,NO
99,356,0.99999632915309,YES
100,84,0.9999442930629281,YES
101,53,0.9968735391548647,YES
102,132,0.08762830068480722,NO
103,4088,1.0,NO
104,691,1.0,YES
105,47,0.4186786319444776,NO
106,101,0.8889440706909004,YES
107,510,1.0,YES
108,328,0.9882381580649652,YES
109,273,0.4584400524190965,NO
110,136,0.06330989048772147,NO
111,56,0.001657613276942169,NO
112,74,0.06659590741772763,NO
113,359,0.9863527022252229,YES
114,174,0.06306114475785392,NO
115,148,0.06288677594650706,NO
116,92,9.241853013141195E-4,NO
117,45,0.01570274856779105,NO
118,168,0.018350901436991994,NO
119,77,6.865997414521825E-4,NO
120,666,0.9999987501114488,YES
121,88,6.156973620360014E-4,NO
122,262,0.9007781369878275,YES
123,54,0.03791070804871839,NO
124,48,5.970711880743525E-4,NO
125,140,0.012840680382758774,NO
126,152,0.015664170556044466,NO
127,39,0.036294606088299125,NO
128,131,4.974794147914764E-4,NO
129,47,5.284105115701949E-4,NO
130,129,0.011891144609618078,NO
131,43,5.162043507257036E-4,NO
132,243,0.10835157513882093,YES
133,62,0.010703452136529089,NO
134,45,4.0529490002160233E-4,NO
135,97,0.5195671118047178,YES
136,476,0.19680775234783018,NO
137,77,7.038549991425271E-4,NO
138,69,7.038549991425271E-4,NO
139,104,6.598435207209205E-4,NO
140,115,6.555580304323942E-4,NO
141,421,0.04044933135870774,NO
142,61,6.903050722184439E-4,NO
143,2009,1.0,YES
144,179,7.657313434057594E-4,NO
145,106,5.988646058135025E-4,NO
146,33,6.388113983556129E-4,NO
147,657,0.9958876820201384,NO
148,295,0.0029116727577880998,NO
149,872,0.9999999946466233,NO
150,444,0.17163653612951763,NO
151,168,7.058573929370905E-4,NO
152,752,0.9999908597410804,NO
153,135,5.439070268544236E-4,NO
154,1126,1.0,NO
155,163,6.608161357048683E-4,NO
156,184,6.579516983860926E-4,NO
157,51,5.524426087255769E-4,NO
158,25,7.951465749037796E-4,NO
159,180,6.524285252668511E-4,NO
160,64,5.501795022842624E-4,NO
161,101,5.125204391579881E-4,NO
162,512,0.5898024988641453,NO
163,187,6.360398120872474E-4,NO
164,56,5.340561560889387E-4,NO
165,39,5.340561560889387E-4,NO
166,261,0.0010740495441085946,NO
167,73,5.306809144064019E-4,NO
168,65,5.306809144064019E-4,NO
169,329,0.007540821197719824,NO
170,64,5.206741057052188E-4,NO
171,164,6.174430368771553E-4,NO
172,624,0.9999999776923082,YES
173,74,5.07643618366001E-4,NO
174,117,4.7495412436648996E-4,NO
175,84,5.066397557602787E-4,NO
176,226,0.9957289110332891,YES
177,76,5.022601050102142E-4,NO
178,323,0.007171317971805053,NO
179,72,1.6955225726872177E-4,NO
180,42,1.6955225726872177E-4,NO
181,48,0.019235617980664522,NO
182,89,0.005708767735422864,NO
183,380,0.5406846909605458,NO
184,141,0.3234486617597322,YES
185,148,0.37536901709628195,YES
186,191,1.939080012278835E-4,NO
187,46,0.005927354334746089,NO
188,165,1.9140396308127994E-4,NO
189,171,0.006979908155025716,NO
190,56,1.607696166021356E-4,NO
191,179,0.02202075565836395,NO
192,74,0.005868824997641488,NO
193,36,1.590591653759975E-4,NO
194,37,1.583754573639701E-4,NO
195,34,1.583754573639701E-4,NO
196,34,1.583754573639701E-4,NO
197,38,0.005868824997641488,NO
198,39,0.005868824997641488,NO
199,156,1.8709837828441623E-4,NO
200,84,1.5776468591226263E-4,NO
201,117,0.017317862748061463,NO
202,94,0.005388930452574485,NO
203,71,0.005723206361902489,NO
204,183,0.07549221112250723,NO
205,85,0.005557862238203485,NO
206,183,0.006584640930106799,NO
207,70,0.005514373565356664,NO
208,54,1.4598060051426335E-4,NO
209,160,1.7162372166568986E-4,NO
210,125,0.0726188696390429,NO
211,151,0.0627505271540279,NO
212,422,0.9604646949012751,YES
213,221,0.4432659589745059,YES
214,50,1.2659008184563007E-4,NO
215,42,0.00502061181667834,NO
216,624,0.9994787471467229,NO
217,377,0.1921131326485176,NO
218,383,0.22972303391829943,YES
219,72,1.1994216042931764E-4,NO
220,92,1.1223638938487114E-4,NO
221,282,0.6295026215438149,YES
222,371,0.0016922619985802953,NO
223,47,1.164902727680025E-4,NO
224,108,0.004500515942091901,NO
225,111,1.0853377840964902E-4,NO
226,319,0.06922315633934004,NO
227,129,0.01440141692906052,NO
228,49,1.0930068591002164E-4,NO
229,358,0.2906263698005441,NO
230,277,0.15572704195143164,NO
231,49,0.004441769505007241,NO
232,89,9.69655922096464E-5,NO
233,41,1.0343707079943097E-4,NO
234,66,0.004408186732725352,NO
235,63,1.0262551980830088E-4,NO
236,24,1.4774108196366273E-4,NO
237,50,1.0262551980830088E-4,NO
238,72,0.004400143558675495,NO
239,47,1.0199207819528043E-4,NO
240,47,0.004381951446416855,NO
241,183,0.03145370246764016,NO
242,49,1.0110870935069127E-4,NO
243,50,1.0075727906132695E-4,NO
244,98,0.00407796951814572,NO
245,143,9.36203640050551E-5,NO
246,43,9.986860453700622E-5,NO
247,42,9.968658689060178E-5,NO
248,56,9.968658689060178E-5,NO
249,44,9.925642516622216E-5,NO
250,26,1.4289109955078583E-4,NO
251,254,0.090991992056224,NO
252,16883,0.1563830928293612,NO
253,74,7.690074379228375E-6,NO
254,153,6.660322715904236E-4,NO
255,68,0.0022327275106056783,NO
256,100,7.158440456953391E-6,NO
257,550,0.9838528977666395,YES
258,437,0.002549869686641842,NO
259,1038,1.0,YES
260,104,0.01999454222126427,YES
261,332,0.2393580911347851,YES
262,123,6.5282920251302135E-6,NO
263,106,6.4627204344014786E-6,NO
264,106,6.4336269586346685E-6,NO
265,94,0.01946948573721939,YES
266,101,0.019424177890381925,YES
267,38,6.816807079770569E-6,NO
268,628,0.999999933787904,YES
269,32,6.596911648322185E-6,NO
270,111,6.184142336916905E-6,NO
271,35,5.140497926819258E-4,NO
272,90,6.184142336916905E-6,NO
273,27,9.497403930255039E-6,NO
274,28,9.497403930255039E-6,NO
275,92,0.005912224328849386,NO
276,956,0.9999999999999958,YES
277,67,6.263206485157548E-6,NO
278,29,7.158273139089184E-4,NO
279,105,5.812554640411236E-6,NO
280,72,6.200521960171571E-6,NO
281,37,4.96698630361208E-4,NO
282,47,6.200521960171571E-6,NO
283,31,6.200521960171571E-6,NO
284,90,4.612474180020624E-4,NO
285,223,0.022743826455966787,NO
286,214,0.0040393978521479435,NO
287,107,4.5512231410575575E-4,NO
288,37,6.055666401166514E-6,NO
289,27,8.641371417486321E-6,NO
290,48,5.9955927708426915E-6,NO
291,167,0.02135624232989663,YES
292,213,0.008052971029952056,NO
293,867,0.9999999998183569,YES
294,159,0.002331472315349676,NO
295,100,4.416556388236376E-4,NO
296,96,4.411662471614354E-4,NO
297,842,1.0,YES
298,525,0.04081444971476673,NO
299,83,5.484323665896758E-6,NO
300,63,5.484323665896758E-6,NO
301,76,4.584773121360021E-4,NO
302,202,6.43235777114017E-6,NO
303,155,0.019361693756825553,YES
304,1263,1.0,YES
305,74,4.38325780271202E-4,NO
306,101,4.1044451935075136E-4,NO
307,27,7.2650741271000456E-6,NO
308,22,7.2650741271000456E-6,NO
309,491,0.8414376863287655,YES
310,62,4.9639195881431455E-6,NO
311,59,4.9639195881431455E-6,NO
312,99,4.64853041746502E-6,NO
313,27,6.223484514277923E-4,NO
314,77,4.3236513316358615E-4,NO
315,846,0.9999999996459473,YES
316,64,4.219417318081851E-4,NO
317,45,4.72895830659327E-6,NO
318,63,4.219417318081851E-4,NO
319,54,4.708057224680109E-6,NO
320,64,4.201912981152922E-4,NO
321,132,4.4042458863184555E-6,NO
322,177,4.967555154657521E-4,NO
323,70,4.646842691768314E-6,NO
324,36,4.6263002476868605E-6,NO
325,58,4.184151689886839E-4,NO
326,62,4.6263002476868605E-6,NO
327,132,4.336831721044707E-6,NO
328,74,4.621298621686029E-6,NO
329,86,0.014034643004930942,YES
330,74,4.612145654759482E-6,NO
331,48,4.1367293694285557E-4,NO
332,74,4.551286735324042E-6,NO
333,86,4.551286735324042E-6,NO
334,355,0.005905263509443927,NO
335,53,4.457449203992556E-6,NO
336,804,0.999999988609158,YES
337,75,4.01323662752592E-4,NO
338,125,0.005099330747783598,NO
339,200,0.008530401579424546,NO
340,134,0.003305056279866428,NO
341,57,3.9637620928697744E-4,NO
342,123,3.7158397929518394E-4,NO
343,266,5.684118310595435E-5,NO
344,162,4.919797840222631E-6,NO
345,130,3.6358000567581194E-4,NO
346,108,3.864137802345733E-6,NO
347,354,1.7323781158565637E-4,NO
348,88,1.1103260678617125E-5,NO
349,28,5.813312413741618E-6,NO
350,58,1.1739463570220051E-5,NO
351,308,0.05473650099406955,YES
352,343,0.9903230663563591,YES
353,103,3.54889316073008E-4,NO
354,35,3.84908994236882E-6,NO
355,98,3.54889316073008E-4,NO
356,117,0.011013451481215962,YES
