ID, Size, Predicted, Actual
0,215,0.12314358298589963,NO
1,274,0.12418119930989169,YES
2,461,0.12893769932590615,NO
3,138,0.12007227446710055,NO
4,358,0.12577768366901992,NO
5,93,0.11674707180121922,NO
6,1379,0.15328502272149647,NO
7,51,0.11040001082599749,NO
8,45,0.10248717076512605,NO
9,157,0.10495058859717643,NO
10,31,0.10941088254613575,NO
11,1743,0.9962058955775893,YES
12,55,0.10649362474032838,NO
13,204,0.11490721273133715,NO
14,55,0.09511782739314514,NO
15,103,0.09641494865857526,NO
16,34,0.09490266795027352,NO
17,83,0.09564812032910129,NO
18,488,0.12423287405529604,NO
19,83,0.09393167896409316,NO
20,129,0.09447220576734137,NO
21,885,0.13784813396284834,NO
22,440,0.11309245925644684,NO
23,40,0.08886384600771938,NO
24,391,0.09641171017265728,NO
25,378,0.09487350480073892,NO
26,51,0.08766183496462873,NO
27,709,0.12586762364036772,NO
28,32,0.08627949309220331,NO
29,68,0.08696371922573207,NO
30,564,0.09735510496986795,YES
31,588,0.09746999750126713,NO
32,381,0.1142944284317081,NO
33,977,0.13793477133327792,NO
34,275,0.10382590195851488,NO
35,31,0.08207215360547028,NO
36,50,0.08151422099611128,NO
37,27,0.09817984749481955,NO
38,183,0.08308950642128879,NO
39,50,0.08040950143804226,NO
40,62,0.0808672913692026,NO
41,87,0.08068368728133342,NO
42,52,0.07986267092779276,NO
43,419,0.08691765247785622,NO
44,224,0.08230176043960623,NO
45,118,0.08024015004933777,NO
46,83,0.07904958394878309,NO
47,147,0.08035905317055564,NO
48,120,0.0796950657627211,NO
49,58,0.07887003929171482,NO
50,44,0.07824403660996265,NO
51,106,0.07951418160826934,YES
52,238,0.08118978294036792,NO
53,43,0.0778887515497009,NO
54,195,0.10653470666227867,YES
55,189,0.09890291728181862,NO
56,151,0.07172851078890034,NO
57,395,0.10834707313546084,NO
58,1013,0.133284620925695,NO
59,913,0.0851227417060562,NO
60,43,0.06610958668686767,NO
61,335,0.07021278571232092,YES
62,27,0.06491564392602557,NO
63,55,0.06491564392602557,NO
64,93,0.06583493731680949,NO
65,191,0.06666087190787798,NO
66,90,0.08815575097529696,NO
67,89,0.06470180304726603,NO
68,273,0.0669327065020588,NO
69,191,0.08954067989690803,NO
70,97,0.06406159770377745,NO
71,82,0.06338951457683148,NO
72,148,0.06431131436947113,NO
73,437,0.0689080636456423,NO
74,1376,0.13888292740757735,NO
75,214,0.062108735922250136,NO
76,528,0.06659424171070087,NO
77,209,0.06112928974716324,NO
78,190,0.06031791896605454,NO
79,86,0.05866883135570813,NO
80,269,0.08726774741711851,YES
81,408,0.08990920887522331,YES
82,572,0.0651415594213313,NO
83,132,0.05649569439987197,NO
84,173,0.056859067671405465,NO
85,107,0.05525817299231528,NO
86,85,0.08068368728133342,NO
87,107,0.05450988668049934,NO
88,250,0.08378343908323162,NO
89,237,0.054079082231253135,NO
90,692,0.09238175556278877,YES
91,47,0.050538901857402604,NO
92,1487,0.155742558907444,YES
93,27,0.047749939459501525,NO
94,89,0.04814471277545345,NO
95,509,0.05349867647506216,NO
96,227,0.04917022856832891,NO
97,129,0.04767861039605616,YES
98,101,0.9898691131762895,YES
99,385,0.050472595524152994,NO
100,102,0.989819656356722,YES
101,41,0.04636236395893522,NO
102,244,0.1033599519555453,NO
103,215,0.04806998755064549,NO
104,260,0.04840044993595591,NO
105,119,0.04639978817659274,NO
106,701,0.05338322672199023,NO
107,120,0.04505400322031467,YES
108,630,0.0513973219626219,YES
109,69,0.0728333336710531,NO
110,77,0.043973149636848945,NO
111,97,0.044245799713641586,NO
112,380,0.047168279551315,NO
113,214,0.04532576629707226,NO
114,38,0.043414002960992196,NO
115,79,0.04367563616929706,NO
116,25,0.04331584044072133,NO
117,84,0.04367563616929706,NO
118,34,0.04331584044072133,NO
119,33,0.04331584044072133,NO
120,104,0.04404608554497312,NO
121,193,0.04471861460197335,NO
122,70,0.04357692546469775,NO
123,140,0.04432706711261954,NO
124,22,0.043120199591971005,NO
125,156,0.04422696888083038,NO
126,142,0.04422696888083038,NO
127,100,0.04374824970670395,YES
128,153,0.044027468613703546,NO
129,31,0.04292546755153229,NO
130,340,0.045983176353135626,NO
131,61,0.04318437102096129,NO
132,61,0.04318437102096129,NO
133,877,0.05375446415753774,NO
134,62,0.04250613141251616,NO
135,186,0.04352265000870616,NO
136,264,0.044219092390169405,NO
137,42,0.04187050287093178,NO
138,248,0.04392083612885695,NO
139,343,0.08965640977179963,YES
140,199,0.04226408793920637,YES
141,330,0.04356202798727225,YES
142,346,0.07413755838522063,YES
143,89,0.040353880136247224,NO
144,193,0.07120221510400658,YES
145,406,0.08950462012789291,NO
146,82,0.0393646035778596,NO
147,53,0.0390388719849802,NO
148,148,0.040045269553215385,NO
149,4774,0.35018313976618626,YES
150,4088,0.4649983889263098,NO
151,93,0.03437809488150889,NO
152,78,0.07851215383779916,NO
153,78,0.033705922044804035,NO
154,995,0.043289333869987685,YES
155,37,0.03174640851153143,NO
156,59,0.032013320462133475,NO
157,140,0.03257118293601078,NO
158,165,0.0781985846318716,NO
159,47,0.06104343391489983,NO
160,101,0.03192914953630291,NO
161,109,0.03185784229794931,NO
162,154,0.08719791776193818,NO
163,559,0.0352367537808265,NO
164,386,0.03229295851685614,NO
165,306,0.03132076001472363,YES
166,135,0.030055983495284336,NO
167,56,0.029539884670272836,NO
168,78,0.029539884670272836,NO
169,35,0.029227720328360685,NO
170,467,0.06547607121121116,YES
171,174,0.02862111110578184,NO
172,148,0.028366324927204745,NO
173,88,0.02738712369547902,NO
174,52,0.025863617885480094,NO
175,39,0.025806358434946816,NO
176,208,0.026904994862303407,NO
177,77,0.025852283206466722,NO
178,666,0.030174011139679924,NO
179,146,0.026131592351290246,NO
180,272,0.026680520073845623,NO
181,54,0.07062447333226508,NO
182,100,0.02550491459727785,NO
183,119,0.02550491459727785,NO
184,363,0.02710485361882174,NO
185,152,0.05547829433184592,NO
186,39,0.07030346824790135,NO
187,677,0.029257693426140402,NO
188,131,0.025334963436946602,NO
189,47,0.024688749898089456,NO
190,100,0.025057772841486848,NO
191,43,0.024579826435263824,NO
192,73,0.02478802698610378,NO
193,234,0.025627836884666428,NO
194,62,0.053203141241155785,NO
195,45,0.023622007608333856,NO
196,41,0.023622007608333856,NO
197,47,0.023622007608333856,NO
198,55,0.023622007608333856,NO
199,1279,0.03446629719732333,NO
200,183,0.024191685384276157,NO
201,163,0.023922598891968114,NO
202,147,0.05349886571133988,NO
203,77,0.05260205404634052,NO
204,99,0.023556715281426846,NO
205,53,0.022703479701389723,NO
206,95,0.023094617584293178,NO
207,77,0.05200787108159908,NO
208,69,0.022845835617754218,NO
209,69,0.022845835617754218,NO
210,77,0.022795628108277604,NO
211,80,0.022795628108277604,NO
212,72,0.022795628108277604,NO
213,63,0.022795628108277604,NO
214,50,0.02255409518792667,NO
215,28,0.02255409518792667,NO
216,108,0.022942719876408373,NO
217,40,0.02255409518792667,NO
218,76,0.02269556242995448,NO
219,64,0.02269556242995448,NO
220,63,0.02269556242995448,NO
221,55,0.022504531415051644,NO
222,45,0.022504531415051644,NO
223,476,0.024334504480552292,NO
224,77,0.021911555638441507,NO
225,69,0.021911555638441507,NO
226,104,0.022101672040745,NO
227,115,0.02205322468241015,NO
228,421,0.023732290654517,NO
229,61,0.021815587159405344,NO
230,2009,0.09717736952037188,NO
231,179,0.022156278391664643,NO
232,106,0.02176488946364779,NO
233,33,0.021395779045369972,NO
234,657,0.02520481350894645,NO
235,295,0.02263800467331484,NO
236,872,0.026900528564735175,NO
237,444,0.02340660579718779,NO
238,168,0.02186692965320189,NO
239,752,0.025460265743569438,NO
240,135,0.02157620675302545,NO
241,1126,0.029099486550486893,NO
242,163,0.021434945555349756,NO
243,184,0.02158157610598101,NO
244,51,0.020840382611017227,NO
245,25,0.020840382611017227,NO
246,180,0.02158157610598101,NO
247,64,0.021017591137255837,NO
248,101,0.021153760451559752,NO
249,512,0.0234903953114245,NO
250,187,0.021487336286468928,NO
251,56,0.020925761387703523,NO
252,39,0.020703932947477674,NO
253,261,0.02184189556876542,NO
254,73,0.020880005965845022,NO
255,65,0.02083435650908343,NO
256,329,0.022218279951281686,NO
257,64,0.02083435650908343,NO
258,164,0.02115535233452077,NO
259,624,0.057129119378808595,NO
260,74,0.020743374483766525,NO
261,117,0.020877853465182714,NO
262,84,0.02069804141317713,NO
263,226,0.051100012229886416,NO
264,76,0.02065281330357109,NO
265,323,0.022024948977525632,NO
266,72,0.020607689905392374,NO
267,42,0.020433865299420633,NO
268,48,0.06580905628994133,NO
269,89,0.04924953079594228,NO
270,380,0.07103776119552348,NO
271,144,0.02092530850752458,NO
272,148,0.02087961856838531,NO
273,191,0.02106861732330601,NO
274,46,0.04873539292653517,NO
275,165,0.0208340343163022,NO
276,171,0.021022629309684623,NO
277,56,0.020428238456251028,NO
278,179,0.06772987735626715,NO
279,74,0.04902651376325474,NO
280,36,0.020255896206575606,NO
281,37,0.020211661175089237,NO
282,34,0.020211661175089237,NO
283,34,0.020211661175089237,NO
284,38,0.048624879289722825,NO
285,39,0.048624879289722825,NO
286,156,0.020743181869900824,NO
287,78,0.02033913455457217,NO
288,117,0.02051589396093523,NO
289,94,0.02051589396093523,NO
290,69,0.020294737197706914,NO
291,180,0.020703676401205275,NO
292,80,0.02016216056568016,NO
293,183,0.020703676401205275,NO
294,70,0.04869392046069798,NO
295,54,0.019948393029496712,NO
296,160,0.02042849074500847,NO
297,128,0.020204634498638574,NO
298,151,0.020295176106957306,NO
299,422,0.021510837104795455,NO
300,221,0.020488702658816093,NO
301,50,0.019560289140171615,NO
302,42,0.047749939459501525,NO
303,622,0.022790895795552723,NO
304,365,0.02111008484188563,NO
305,382,0.02106417907415384,NO
306,72,0.019555503082602548,NO
307,92,0.019512918051379908,NO
308,280,0.02060922653042233,NO
309,371,0.020972684686580187,NO
310,47,0.01930601045063315,NO
311,108,0.01959704288650882,NO
312,111,0.01959704288650882,NO
313,314,0.02067548420323918,NO
314,129,0.01946938523099055,NO
315,49,0.019096792432608187,NO
316,358,0.020745787104385603,NO
317,273,0.020017156188171608,NO
318,47,0.01893115198165859,NO
319,89,0.019092442619844604,NO
320,41,0.01893115198165859,NO
321,66,0.04738644314983604,NO
322,63,0.019092442619844604,NO
323,24,0.01893115198165859,NO
324,50,0.01893115198165859,NO
325,72,0.04738644314983604,NO
326,47,0.018889980789315912,NO
327,47,0.046997580442630735,NO
328,183,0.07726959143309665,NO
329,49,0.018848904710196124,NO
330,50,0.018848904710196124,NO
331,98,0.019174938510278707,NO
332,143,0.019345295597575835,NO
333,43,0.018848904710196124,NO
334,42,0.018848904710196124,NO
335,56,0.018968184566307094,NO
336,44,0.01880792351780228,NO
337,26,0.01880792351780228,NO
338,254,0.09151143459820127,NO
339,16883,0.113602889648205,NO
340,74,0.014989904667343755,NO
341,153,0.04246440924704801,NO
342,68,0.05934018639601173,NO
343,100,0.015120893558831984,NO
344,547,0.016914785941340344,NO
345,437,0.01634589290733528,NO
346,1038,0.05464411568698715,NO
347,104,0.01489595272181789,NO
348,332,0.015720612432992564,NO
349,123,0.014864111613948449,NO
350,106,0.014832343307789502,NO
351,107,0.0416264708702521,NO
352,94,0.014800647630183286,NO
353,101,0.014800647630183286,NO
354,38,0.014547887251644779,NO
355,666,0.017161554265371356,NO
356,32,0.014485776095127597,NO
357,111,0.014705994643264622,NO
358,35,0.04084222904788055,NO
359,90,0.01457854672520594,NO
360,27,0.01445482699939551,NO
361,28,0.01445482699939551,NO
362,92,0.07815586823650512,NO
363,978,0.018969704318248872,NO
364,67,0.014423563161445451,NO
365,29,0.04056633559979895,NO
366,105,0.01454967619399421,NO
367,72,0.014423563161445451,NO
368,37,0.04056633559979895,NO
369,47,0.014301139603901239,NO
370,31,0.014301139603901239,NO
371,90,0.040904269510805696,NO
372,221,0.014887223067018202,NO
373,213,0.014855475384732607,NO
374,105,0.014456739549473848,NO
375,37,0.01420976760528686,NO
376,27,0.01420976760528686,NO
377,48,0.01420976760528686,NO
378,167,0.014718686424258968,NO
379,213,0.01482380014775559,NO
380,867,0.017759026357116073,NO
381,158,0.01446179233257767,NO
382,93,0.014333811402561925,NO
383,96,0.04088145091698845,NO
384,840,0.017646080020051927,NO
385,535,0.01600220548428778,NO
386,83,0.01408877388436503,NO
387,63,0.014058753840265127,NO
388,76,0.040353880136247224,NO
389,202,0.01443875980210276,NO
390,155,0.014277890132844506,NO
391,1263,0.020060642066604094,NO
392,74,0.0400815574568465,NO
393,101,0.013971696428413819,NO
394,27,0.013732895262922831,NO
395,22,0.013732895262922831,NO
396,491,0.015363410629247752,NO
397,62,0.013821046281723622,NO
398,59,0.013821046281723622,NO
399,99,0.01391230276629114,NO
400,27,0.03966050298306016,NO
401,77,0.03999120547463078,NO
402,865,0.04933342342737356,NO
403,64,0.03981113197981131,NO
404,45,0.013587412220422417,NO
405,63,0.03981113197981131,NO
406,54,0.013558514360180475,NO
407,64,0.03981113197981131,NO
408,132,0.013917557717903718,NO
409,182,0.014014590415153079,NO
410,70,0.013645593375413143,NO
411,36,0.013529682381930806,NO
412,58,0.013645593375413143,NO
413,62,0.013645593375413143,NO
414,132,0.013858455654826594,NO
415,74,0.013616584079088894,NO
416,86,0.013616584079088894,NO
417,74,0.013616584079088894,NO
418,48,0.039304043033891546,NO
419,74,0.013587640891278993,NO
420,86,0.013587640891278993,NO
421,355,0.04252635637584596,NO
422,53,0.01344358017420205,NO
423,798,0.016599288809504276,NO
424,75,0.03945349341916532,NO
425,128,0.013561576359720008,NO
426,198,0.013807530690337511,NO
427,138,0.013653707997701313,NO
428,57,0.0393646035778596,NO
429,123,0.03970000544843929,NO
430,314,0.014253021298078768,NO
431,162,0.01359580616718677,NO
432,137,0.013566954048218663,NO
433,124,0.013446784022975899,NO
434,359,0.01433507822912496,NO
435,151,0.013538167584917138,NO
436,107,0.013389779057060775,NO
437,28,0.013160791143371209,NO
438,58,0.013273584310039438,NO
439,470,0.014724508778364733,NO
440,345,0.014072688281691653,NO
441,103,0.039343622452102475,NO
442,35,0.013049468313366426,NO
443,98,0.039343622452102475,NO
444,117,0.013276545351895026,NO
