ID, Size, Predicted, Actual
0,215,0.0013966480446927375,NO
1,273,0.9986033519553073,YES
2,460,0.9986033519553073,YES
3,138,0.9993006993006993,YES
4,358,0.9986033519553073,YES
5,1248,0.9986033519553073,YES
6,51,4.664179104477612E-4,NO
7,157,0.9986033519553073,YES
8,31,2.333177788147457E-4,NO
9,981,0.0013966480446927375,NO
10,180,6.993006993006993E-4,NO
11,262,0.9986033519553073,YES
12,553,0.9993006993006993,YES
13,40,0.0013966480446927375,NO
14,369,0.9986033519553073,YES
15,390,0.9986033519553073,YES
16,51,4.664179104477612E-4,NO
17,577,0.0013966480446927375,NO
18,32,0.40005599104143336,NO
19,66,2.799552071668533E-4,NO
20,188,0.9986033519553073,YES
21,582,0.9986033519553073,NO
22,160,0.9986033519553073,YES
23,50,2.0E-4,NO
24,27,1.0771219302024989E-4,NO
25,923,0.9986033519553073,YES
26,60,0.25017494751574526,NO
27,62,2.0E-4,NO
28,87,6.993006993006993E-4,NO
29,52,0.33348880597014924,NO
30,268,0.33348880597014924,YES
31,163,0.0013966480446927375,NO
32,109,4.664179104477612E-4,NO
33,147,3.4989503149055286E-4,NO
34,58,1.0771219302024989E-4,NO
35,44,4.664179104477612E-4,NO
36,106,4.664179104477612E-4,NO
37,139,0.0013966480446927375,NO
38,326,0.0013966480446927375,YES
39,648,6.993006993006993E-4,YES
40,792,0.9986033519553073,YES
41,319,0.9986033519553073,YES
42,55,6.993006993006993E-4,NO
43,191,6.993006993006993E-4,NO
44,90,0.25017494751574526,NO
45,273,0.0013966480446927375,NO
46,137,0.40005599104143336,NO
47,79,4.664179104477612E-4,NO
48,82,0.0013966480446927375,NO
49,147,3.4989503149055286E-4,NO
50,422,0.9986033519553073,NO
51,979,0.9986033519553073,YES
52,495,0.9986033519553073,YES
53,189,0.0013966480446927375,NO
54,167,0.9986033519553073,YES
55,86,0.9993006993006993,YES
56,182,0.25017494751574526,YES
57,361,0.9986033519553073,YES
58,126,6.993006993006993E-4,NO
59,106,4.664179104477612E-4,NO
60,109,4.664179104477612E-4,NO
61,85,3.4989503149055286E-4,NO
62,236,0.0013966480446927375,NO
63,315,0.9986033519553073,YES
64,695,0.9986033519553073,YES
65,27,1.0771219302024989E-4,NO
66,89,0.0013966480446927375,NO
67,301,0.9986033519553073,YES
68,153,3.4989503149055286E-4,YES
69,92,1.7500875043752187E-4,NO
70,466,0.9986033519553073,YES
71,93,6.993006993006993E-4,NO
72,244,0.0013966480446927375,NO
73,192,0.0013966480446927375,NO
74,252,0.9986033519553073,YES
75,109,4.664179104477612E-4,NO
76,601,0.0013966480446927375,YES
77,565,0.9986033519553073,YES
78,69,0.9986033519553073,NO
79,77,1.7500875043752187E-4,NO
80,94,2.0E-4,NO
81,337,0.0013966480446927375,NO
82,214,6.993006993006993E-4,NO
83,79,4.664179104477612E-4,NO
84,25,0.0013966480446927375,NO
85,84,1.7500875043752187E-4,NO
86,34,0.0013966480446927375,NO
87,33,0.0013966480446927375,NO
88,104,0.5,NO
89,172,0.0013966480446927375,NO
90,70,3.4989503149055286E-4,NO
91,140,0.0013966480446927375,NO
92,156,0.9986033519553073,YES
93,248,0.0013966480446927375,NO
94,277,0.9986033519553073,YES
95,189,0.0013966480446927375,NO
96,194,0.0013966480446927375,NO
97,346,0.0013966480446927375,NO
98,304,0.0013966480446927375,NO
99,356,0.9986033519553073,YES
100,84,0.9993006993006993,YES
101,53,0.9986033519553073,YES
102,132,3.4989503149055286E-4,NO
103,4088,0.9986033519553073,NO
104,691,0.9986033519553073,YES
105,47,1.7500875043752187E-4,NO
106,101,0.9986033519553073,YES
107,510,0.9986033519553073,YES
108,328,0.9986033519553073,YES
109,273,0.0013966480446927375,NO
110,136,0.40005599104143336,NO
111,56,0.25017494751574526,NO
112,74,0.07701421800947868,NO
113,359,0.9986033519553073,YES
114,174,4.664179104477612E-4,NO
115,148,0.16682221185254317,NO
116,92,1.7500875043752187E-4,NO
117,45,0.16682221185254317,NO
118,168,0.9986033519553073,NO
119,77,1.7500875043752187E-4,NO
120,666,0.9986033519553073,YES
121,88,0.20016797312430012,NO
122,262,0.9986033519553073,YES
123,54,2.799552071668533E-4,NO
124,48,1.5556938394523958E-4,NO
125,140,0.0013966480446927375,NO
126,152,0.0013966480446927375,NO
127,39,1.7500875043752187E-4,NO
128,131,0.0013966480446927375,NO
129,47,1.7500875043752187E-4,NO
130,129,0.5,NO
131,43,0.16682221185254317,NO
132,243,0.0013966480446927375,YES
133,62,2.0E-4,NO
134,45,0.16682221185254317,NO
135,97,0.9986033519553073,YES
136,476,0.0013966480446927375,NO
137,77,1.7500875043752187E-4,NO
138,69,0.9986033519553073,NO
139,104,0.5,NO
140,115,0.9986033519553073,NO
141,421,0.9986033519553073,NO
142,61,0.0013966480446927375,NO
143,2009,0.9986033519553073,YES
144,179,6.993006993006993E-4,NO
145,106,4.664179104477612E-4,NO
146,33,0.0013966480446927375,NO
147,657,6.993006993006993E-4,NO
148,295,0.9986033519553073,NO
149,872,0.0013966480446927375,NO
150,444,0.0013966480446927375,NO
151,168,0.9986033519553073,NO
152,752,0.9986033519553073,NO
153,135,0.0013966480446927375,NO
154,1126,0.0013966480446927375,NO
155,163,0.0013966480446927375,NO
156,184,0.25017494751574526,NO
157,51,4.664179104477612E-4,NO
158,25,0.0013966480446927375,NO
159,180,6.993006993006993E-4,NO
160,64,0.2858,NO
161,101,2.799552071668533E-4,NO
162,512,0.0013966480446927375,NO
163,187,0.0013966480446927375,NO
164,56,0.25017494751574526,NO
165,39,1.7500875043752187E-4,NO
166,261,0.0013966480446927375,NO
167,73,0.04767938116831155,NO
168,65,0.0013966480446927375,NO
169,329,0.0013966480446927375,NO
170,64,0.2858,NO
171,164,0.33348880597014924,NO
172,624,0.9986033519553073,YES
173,74,0.07701421800947868,NO
174,117,0.0013966480446927375,NO
175,84,1.7500875043752187E-4,NO
176,226,0.9986033519553073,YES
177,76,4.664179104477612E-4,NO
178,323,0.0013966480446927375,NO
179,72,1.7500875043752187E-4,NO
180,42,2.333177788147457E-4,NO
181,48,1.5556938394523958E-4,NO
182,89,0.0013966480446927375,NO
183,380,0.0013966480446927375,NO
184,141,0.9986033519553073,YES
185,148,0.9986033519553073,YES
186,191,6.993006993006993E-4,NO
187,46,4.664179104477612E-4,NO
188,165,0.33348880597014924,NO
189,171,0.0013966480446927375,NO
190,56,0.25017494751574526,NO
191,179,6.993006993006993E-4,NO
192,74,0.07701421800947868,NO
193,36,0.33348880597014924,NO
194,37,1.4001680201624196E-4,NO
195,34,0.0013966480446927375,NO
196,34,0.0013966480446927375,NO
197,38,2.799552071668533E-4,NO
198,39,1.7500875043752187E-4,NO
199,156,0.0013966480446927375,NO
200,84,1.7500875043752187E-4,NO
201,117,0.0013966480446927375,NO
202,94,2.0E-4,NO
203,71,4.664179104477612E-4,NO
204,183,0.25017494751574526,NO
205,85,3.4989503149055286E-4,NO
206,183,0.25017494751574526,NO
207,70,3.4989503149055286E-4,NO
208,54,2.799552071668533E-4,NO
209,160,0.33348880597014924,NO
210,125,6.993006993006993E-4,NO
211,151,0.33348880597014924,NO
212,422,0.9986033519553073,YES
213,221,0.9986033519553073,YES
214,50,2.0E-4,NO
215,42,2.333177788147457E-4,NO
216,624,0.0013966480446927375,NO
217,377,0.0013966480446927375,NO
218,383,0.0013966480446927375,NO
219,72,1.7500875043752187E-4,NO
220,92,1.7500875043752187E-4,NO
221,282,0.9986033519553073,YES
222,371,0.0013966480446927375,NO
223,47,1.7500875043752187E-4,NO
224,108,0.0013966480446927375,NO
225,111,3.4989503149055286E-4,NO
226,319,6.993006993006993E-4,NO
227,129,0.5,NO
228,49,2.799552071668533E-4,NO
229,358,6.993006993006993E-4,NO
230,277,0.0013966480446927375,NO
231,49,2.799552071668533E-4,NO
232,89,0.0013966480446927375,NO
233,41,2.799552071668533E-4,NO
234,66,2.799552071668533E-4,NO
235,63,0.12513125656282814,NO
236,24,0.0013966480446927375,NO
237,50,2.0E-4,NO
238,72,1.7500875043752187E-4,NO
239,47,1.7500875043752187E-4,NO
240,47,1.7500875043752187E-4,NO
241,183,0.25017494751574526,NO
242,49,2.799552071668533E-4,NO
243,50,2.0E-4,NO
244,98,0.11123210952084629,NO
245,143,0.0013966480446927375,NO
246,43,0.16682221185254317,NO
247,42,2.333177788147457E-4,NO
248,56,0.25017494751574526,NO
249,44,4.664179104477612E-4,NO
250,26,0.0013966480446927375,NO
251,254,0.0013966480446927375,NO
252,16883,0.9986033519553073,NO
253,74,0.07701421800947868,NO
254,153,3.4989503149055286E-4,NO
255,68,6.993006993006993E-4,NO
256,100,0.0013966480446927375,NO
257,550,0.9986033519553073,YES
258,437,0.0013966480446927375,NO
259,1038,0.9986033519553073,YES
260,104,0.9986033519553073,YES
261,332,0.9986033519553073,YES
262,123,0.25017494751574526,NO
263,106,4.664179104477612E-4,NO
264,106,4.664179104477612E-4,NO
265,94,0.9986033519553073,YES
266,101,0.9986033519553073,YES
267,38,2.799552071668533E-4,NO
268,628,0.9986033519553073,YES
269,32,0.40005599104143336,NO
270,111,3.4989503149055286E-4,NO
271,35,0.20016797312430012,NO
272,90,0.25017494751574526,NO
273,27,1.0771219302024989E-4,NO
274,28,2.333177788147457E-4,NO
275,92,1.7500875043752187E-4,NO
276,956,0.9986033519553073,YES
277,67,6.993006993006993E-4,NO
278,29,0.25017494751574526,NO
279,105,2.799552071668533E-4,NO
280,72,1.7500875043752187E-4,NO
281,37,1.4001680201624196E-4,NO
282,47,1.7500875043752187E-4,NO
283,31,2.333177788147457E-4,NO
284,90,0.25017494751574526,NO
285,223,6.993006993006993E-4,NO
286,214,6.993006993006993E-4,NO
287,107,0.0013966480446927375,NO
288,37,1.4001680201624196E-4,NO
289,27,1.0771219302024989E-4,NO
290,48,1.5556938394523958E-4,NO
291,167,0.9986033519553073,YES
292,213,0.0013966480446927375,NO
293,867,0.9986033519553073,YES
294,159,6.993006993006993E-4,NO
295,100,0.0013966480446927375,NO
296,96,0.5,NO
297,842,0.9986033519553073,YES
298,525,0.9986033519553073,NO
299,83,3.4989503149055286E-4,NO
300,63,0.12513125656282814,NO
301,76,4.664179104477612E-4,NO
302,202,0.0013966480446927375,NO
303,155,0.9986033519553073,YES
304,1263,0.9986033519553073,YES
305,74,0.07701421800947868,NO
306,101,2.799552071668533E-4,NO
307,27,1.0771219302024989E-4,NO
308,22,4.664179104477612E-4,NO
309,491,0.9986033519553073,YES
310,62,2.0E-4,NO
311,59,0.0013966480446927375,NO
312,99,0.5,NO
313,27,1.0771219302024989E-4,NO
314,77,1.7500875043752187E-4,NO
315,846,0.0013966480446927375,NO
316,64,0.2858,NO
317,45,0.16682221185254317,NO
318,63,0.12513125656282814,NO
319,54,2.799552071668533E-4,NO
320,64,0.2858,NO
321,132,3.4989503149055286E-4,NO
322,177,0.5,NO
323,70,3.4989503149055286E-4,NO
324,36,0.33348880597014924,NO
325,58,1.0771219302024989E-4,NO
326,62,2.0E-4,NO
327,132,3.4989503149055286E-4,NO
328,74,0.07701421800947868,NO
329,86,0.9993006993006993,YES
330,74,0.07701421800947868,NO
331,48,1.5556938394523958E-4,NO
332,74,0.07701421800947868,NO
333,86,6.993006993006993E-4,NO
334,355,0.0013966480446927375,NO
335,53,4.664179104477612E-4,NO
336,804,0.9986033519553073,YES
337,75,0.5,NO
338,125,6.993006993006993E-4,NO
339,200,0.0013966480446927375,NO
340,134,0.0013966480446927375,NO
341,57,3.4989503149055286E-4,NO
342,123,0.25017494751574526,NO
343,266,0.33348880597014924,NO
344,162,0.5,NO
345,130,0.5,NO
346,108,0.0013966480446927375,NO
347,354,0.0013966480446927375,NO
348,88,0.20016797312430012,NO
349,28,2.333177788147457E-4,NO
350,58,1.0771219302024989E-4,NO
351,308,0.9986033519553073,YES
352,343,0.9986033519553073,YES
353,103,4.664179104477612E-4,NO
354,35,0.20016797312430012,NO
355,98,0.11123210952084629,NO
356,117,0.9986033519553073,YES
