ID, Size, Predicted, Actual
0,198,7.880220646178092E-5,NO
1,107,7.880220646178092E-5,NO
2,69,3.15059861373661E-4,NO
3,70,3.15059861373661E-4,NO
4,30,3.15059861373661E-4,NO
5,553,1.575795776867318E-4,NO
6,685,1.575795776867318E-4,NO
7,526,1.575795776867318E-4,NO
8,1473,7.880220646178092E-5,NO
9,1077,7.880220646178092E-5,NO
10,1320,7.880220646178092E-5,NO
11,410,3.15059861373661E-4,NO
12,1296,7.880220646178092E-5,NO
13,1318,7.880220646178092E-5,NO
14,260,0.5,NO
15,113,7.880220646178092E-5,NO
16,90,7.880220646178092E-5,NO
17,313,0.5,NO
18,209,7.880220646178092E-5,NO
19,3340,7.880220646178092E-5,NO
20,68,3.15059861373661E-4,NO
21,300,0.5,NO
22,202,7.880220646178092E-5,NO
23,389,3.15059861373661E-4,NO
24,70,3.15059861373661E-4,NO
25,296,0.5,NO
26,92,7.880220646178092E-5,NO
27,192,7.880220646178092E-5,NO
28,66,3.15059861373661E-4,NO
29,463,3.15059861373661E-4,NO
30,169,7.880220646178092E-5,NO
31,384,3.15059861373661E-4,NO
32,195,7.880220646178092E-5,NO
33,1118,7.880220646178092E-5,NO
34,78,3.15059861373661E-4,NO
35,100,7.880220646178092E-5,NO
36,104,7.880220646178092E-5,NO
37,43,3.15059861373661E-4,NO
38,311,0.5,NO
39,834,1.575795776867318E-4,NO
40,57,3.15059861373661E-4,NO
41,259,7.880220646178092E-5,NO
42,399,3.15059861373661E-4,NO
43,233,7.880220646178092E-5,NO
44,74,3.15059861373661E-4,NO
45,55,3.15059861373661E-4,NO
46,229,7.880220646178092E-5,NO
47,373,3.15059861373661E-4,NO
48,21,3.15059861373661E-4,NO
49,926,7.880220646178092E-5,NO
50,21,3.15059861373661E-4,NO
51,621,1.575795776867318E-4,NO
52,37,3.15059861373661E-4,NO
53,35,3.15059861373661E-4,NO
54,32,3.15059861373661E-4,NO
55,83,7.880220646178092E-5,NO
56,458,3.15059861373661E-4,NO
57,54,3.15059861373661E-4,NO
58,92,7.880220646178092E-5,NO
59,32,3.15059861373661E-4,NO
60,536,1.575795776867318E-4,NO
61,24,3.15059861373661E-4,NO
62,37,3.15059861373661E-4,NO
63,34,3.15059861373661E-4,NO
64,34,3.15059861373661E-4,NO
65,25,3.15059861373661E-4,NO
66,21,3.15059861373661E-4,NO
67,76,3.15059861373661E-4,NO
68,31,3.15059861373661E-4,NO
69,32,3.15059861373661E-4,NO
70,186,7.880220646178092E-5,NO
71,91,7.880220646178092E-5,NO
72,356,3.15059861373661E-4,NO
73,28,3.15059861373661E-4,NO
74,40,3.15059861373661E-4,NO
75,21,3.15059861373661E-4,NO
76,54,3.15059861373661E-4,NO
77,103,7.880220646178092E-5,NO
78,76,3.15059861373661E-4,NO
79,29,3.15059861373661E-4,NO
80,47,3.15059861373661E-4,NO
81,132,7.880220646178092E-5,NO
82,21,3.15059861373661E-4,NO
83,41,3.15059861373661E-4,NO
84,43,3.15059861373661E-4,NO
85,34,3.15059861373661E-4,NO
86,21,3.15059861373661E-4,NO
87,98,7.880220646178092E-5,NO
88,61,3.15059861373661E-4,NO
89,124,7.880220646178092E-5,NO
90,89,7.880220646178092E-5,NO
91,374,3.15059861373661E-4,NO
92,133,7.880220646178092E-5,NO
93,750,1.575795776867318E-4,NO
94,164,7.880220646178092E-5,NO
95,103,7.880220646178092E-5,NO
96,361,3.15059861373661E-4,NO
97,21,3.15059861373661E-4,NO
98,128,7.880220646178092E-5,NO
99,175,7.880220646178092E-5,NO
100,37,3.15059861373661E-4,NO
101,60,3.15059861373661E-4,NO
102,21,3.15059861373661E-4,NO
103,41,3.15059861373661E-4,NO
104,183,7.880220646178092E-5,NO
105,57,3.15059861373661E-4,NO
106,60,3.15059861373661E-4,NO
107,34,3.15059861373661E-4,NO
108,21,3.15059861373661E-4,NO
109,76,3.15059861373661E-4,NO
110,73,3.15059861373661E-4,NO
111,58,3.15059861373661E-4,NO
112,54,3.15059861373661E-4,NO
113,24,3.15059861373661E-4,NO
114,21,3.15059861373661E-4,NO
115,519,1.575795776867318E-4,NO
116,43,3.15059861373661E-4,NO
117,33,3.15059861373661E-4,NO
118,36,3.15059861373661E-4,NO
119,38,3.15059861373661E-4,NO
120,28,3.15059861373661E-4,NO
121,34,3.15059861373661E-4,NO
122,36,3.15059861373661E-4,NO
123,34,3.15059861373661E-4,NO
124,95,7.880220646178092E-5,NO
125,126,7.880220646178092E-5,NO
126,38,3.15059861373661E-4,NO
127,1336,7.880220646178092E-5,NO
128,133,7.880220646178092E-5,NO
129,21,3.15059861373661E-4,NO
130,228,7.880220646178092E-5,NO
131,72,3.15059861373661E-4,NO
132,42,3.15059861373661E-4,NO
133,162,7.880220646178092E-5,NO
134,87,7.880220646178092E-5,NO
135,33,3.15059861373661E-4,NO
136,34,3.15059861373661E-4,NO
137,46,3.15059861373661E-4,NO
138,21,3.15059861373661E-4,NO
139,400,3.15059861373661E-4,NO
140,39,3.15059861373661E-4,NO
141,225,7.880220646178092E-5,NO
142,51,3.15059861373661E-4,NO
143,66,3.15059861373661E-4,NO
144,184,7.880220646178092E-5,NO
145,51,3.15059861373661E-4,NO
146,120,7.880220646178092E-5,NO
147,69,3.15059861373661E-4,NO
148,21,3.15059861373661E-4,NO
149,180,7.880220646178092E-5,NO
150,211,7.880220646178092E-5,NO
151,61,3.15059861373661E-4,NO
152,21,3.15059861373661E-4,NO
153,113,7.880220646178092E-5,NO
154,66,3.15059861373661E-4,NO
155,72,3.15059861373661E-4,NO
156,74,3.15059861373661E-4,NO
157,33,3.15059861373661E-4,NO
158,21,3.15059861373661E-4,NO
159,24,3.15059861373661E-4,NO
160,63,3.15059861373661E-4,NO
161,58,3.15059861373661E-4,NO
162,45,3.15059861373661E-4,NO
163,84,7.880220646178092E-5,NO
164,1526,7.880220646178092E-5,NO
165,21,3.15059861373661E-4,NO
166,46,3.15059861373661E-4,NO
167,46,3.15059861373661E-4,NO
168,51,3.15059861373661E-4,NO
169,38,3.15059861373661E-4,NO
170,40,3.15059861373661E-4,NO
171,109,7.880220646178092E-5,NO
172,172,7.880220646178092E-5,NO
173,51,3.15059861373661E-4,NO
174,60,3.15059861373661E-4,NO
175,42,3.15059861373661E-4,NO
176,59,3.15059861373661E-4,NO
177,120,7.880220646178092E-5,NO
178,151,7.880220646178092E-5,NO
179,2679,7.880220646178092E-5,NO
180,243,7.880220646178092E-5,NO
181,21,3.15059861373661E-4,NO
182,102,7.880220646178092E-5,NO
183,56,3.15059861373661E-4,NO
184,65,3.15059861373661E-4,NO
185,227,7.880220646178092E-5,NO
186,134,7.880220646178092E-5,NO
187,502,1.575795776867318E-4,NO
188,179,7.880220646178092E-5,NO
189,131,7.880220646178092E-5,NO
190,241,7.880220646178092E-5,NO
191,480,3.15059861373661E-4,NO
192,47,3.15059861373661E-4,NO
193,83,7.880220646178092E-5,NO
194,115,7.880220646178092E-5,NO
195,56,3.15059861373661E-4,NO
196,31,3.15059861373661E-4,NO
197,100,7.880220646178092E-5,NO
198,31,3.15059861373661E-4,NO
199,39,3.15059861373661E-4,NO
200,97,7.880220646178092E-5,NO
201,569,1.575795776867318E-4,NO
202,21,3.15059861373661E-4,NO
203,45,3.15059861373661E-4,NO
204,63,3.15059861373661E-4,NO
205,103,7.880220646178092E-5,NO
206,66,3.15059861373661E-4,NO
207,194,7.880220646178092E-5,NO
208,40,3.15059861373661E-4,NO
209,212,7.880220646178092E-5,NO
210,559,1.575795776867318E-4,NO
211,145,7.880220646178092E-5,NO
212,207,7.880220646178092E-5,NO
213,336,3.15059861373661E-4,NO
214,350,3.15059861373661E-4,NO
215,588,1.575795776867318E-4,NO
216,2109,7.880220646178092E-5,NO
217,1278,7.880220646178092E-5,NO
218,426,3.15059861373661E-4,NO
219,481,3.15059861373661E-4,NO
220,794,1.575795776867318E-4,NO
221,88,7.880220646178092E-5,NO
222,307,0.5,NO
223,62,3.15059861373661E-4,NO
224,212,7.880220646178092E-5,NO
225,105,7.880220646178092E-5,NO
226,345,3.15059861373661E-4,NO
227,81,3.15059861373661E-4,NO
228,257,7.880220646178092E-5,NO
229,408,3.15059861373661E-4,NO
230,169,7.880220646178092E-5,NO
231,106,7.880220646178092E-5,NO
232,162,7.880220646178092E-5,NO
233,245,7.880220646178092E-5,NO
234,322,0.5,NO
235,169,7.880220646178092E-5,NO
236,166,7.880220646178092E-5,NO
237,370,3.15059861373661E-4,NO
238,202,7.880220646178092E-5,NO
239,419,3.15059861373661E-4,NO
240,254,7.880220646178092E-5,NO
241,349,3.15059861373661E-4,NO
242,205,7.880220646178092E-5,NO
243,437,3.15059861373661E-4,NO
244,95,7.880220646178092E-5,NO
245,53,3.15059861373661E-4,NO
246,154,7.880220646178092E-5,NO
247,177,7.880220646178092E-5,NO
248,149,7.880220646178092E-5,NO
249,177,7.880220646178092E-5,NO
250,375,3.15059861373661E-4,NO
251,310,0.5,NO
252,67,3.15059861373661E-4,NO
253,46,3.15059861373661E-4,NO
254,157,3.15059861373661E-4,NO
255,101,7.880220646178092E-5,NO
256,261,0.5,NO
257,65,3.15059861373661E-4,NO
258,160,7.880220646178092E-5,NO
259,115,7.880220646178092E-5,NO
260,74,3.15059861373661E-4,NO
261,733,1.575795776867318E-4,NO
262,186,7.880220646178092E-5,NO
263,447,3.15059861373661E-4,NO
264,59,3.15059861373661E-4,NO
265,319,0.5,NO
266,204,7.880220646178092E-5,NO
267,60,3.15059861373661E-4,NO
268,835,1.575795776867318E-4,NO
269,1175,7.880220646178092E-5,NO
270,220,7.880220646178092E-5,NO
271,63,3.15059861373661E-4,NO
272,194,7.880220646178092E-5,NO
273,283,0.5,NO
274,199,7.880220646178092E-5,NO
275,124,7.880220646178092E-5,NO
276,96,7.880220646178092E-5,NO
277,82,7.880220646178092E-5,NO
278,99,7.880220646178092E-5,NO
279,128,7.880220646178092E-5,NO
280,227,7.880220646178092E-5,NO
281,53,3.15059861373661E-4,NO
282,273,0.5,NO
283,71,3.15059861373661E-4,NO
284,91,7.880220646178092E-5,NO
285,205,7.880220646178092E-5,NO
286,42,3.15059861373661E-4,NO
287,126,7.880220646178092E-5,NO
288,97,7.880220646178092E-5,NO
289,86,7.880220646178092E-5,NO
290,78,3.15059861373661E-4,NO
