ID, Size, Predicted, Actual
0,227,4.624268324290543E-12,NO
1,276,4.698204369973987E-12,NO
2,460,1.70247863519706E-11,NO
3,138,4.529412600136246E-12,NO
4,352,1.6358800151933046E-11,NO
5,23,4.431258522699786E-12,NO
6,56,2.6869217990801594E-11,NO
7,51,2.2703858938139154E-11,NO
8,22,1.5667520167171146E-11,NO
9,44,1.9192258778808058E-11,NO
10,111,3.3754929241258106E-10,NO
11,71,4.5325486507232E-11,NO
12,196,4.0301602194581063E-7,NO
13,39,1.859505718239656E-11,NO
14,124,5.786535666482562E-9,NO
15,38,1.859505718239656E-11,NO
16,22,1.5667520167171146E-11,NO
17,44,1.9192258778808058E-11,NO
18,368,0.9999985687190807,NO
19,22,1.5667520167171146E-11,NO
20,285,0.10532313217670203,NO
21,21,1.5667520167171146E-11,NO
22,22,1.5667520167171146E-11,NO
23,208,3.6745142672591242E-6,NO
24,55,2.6869217990801594E-11,NO
25,21,1.5667520167171146E-11,NO
26,288,0.13683696246432775,NO
27,47,2.1412314951110914E-11,NO
28,54,2.6869217990801594E-11,NO
29,105,1.6619018758217833E-10,NO
30,483,1.0,NO
31,35,1.7777142334321744E-11,NO
32,142,2.9441621444257475E-9,NO
33,95,1.4236831993779093E-10,NO
34,164,1.7553948856415213E-8,NO
35,70,4.249703624898024E-11,NO
36,22,1.5667520167171146E-11,NO
37,26,1.6024717167573398E-11,NO
38,21,1.5667520167171146E-11,NO
39,56,2.6869217990801594E-11,NO
40,102,2.013507862272177E-11,NO
41,107,1.6280211218351125E-11,NO
42,67,4.452863187455047E-12,NO
43,39,1.859505718239656E-11,NO
44,52,2.401721215415816E-11,NO
45,20,4.431258522699786E-12,NO
46,42,1.859505718239656E-11,NO
47,36,1.51616776336735E-11,NO
48,30,1.6531882973165377E-11,NO
49,71,4.5325486507232E-11,NO
50,57,2.927602561774693E-11,NO
51,31,1.699552258956863E-11,NO
52,20,4.431258522699786E-12,NO
53,90,1.5357663123014052E-11,NO
54,52,2.401721215415816E-11,NO
55,108,1.5382097169872416E-11,NO
56,20,4.431258522699786E-12,NO
57,93,1.5280810450953525E-11,NO
58,52,2.401721215415816E-11,NO
59,117,1.5382097169872416E-11,NO
60,20,4.431258522699786E-12,NO
61,31,4.431258522699786E-12,NO
62,109,4.501909391490915E-12,NO
63,44,4.452863187455047E-12,NO
64,72,4.476403628971223E-12,NO
65,99,4.476403628971223E-12,NO
66,103,4.501909391490915E-12,NO
67,20,4.431258522699786E-12,NO
68,71,4.5325486507232E-11,NO
69,140,1.549751461381864E-11,NO
70,1579,1.0,NO
71,45,4.452863187455047E-12,NO
72,282,8.161672066120707E-11,NO
73,2582,2.103390911567696E-6,NO
74,242,1.0550642239872203E-4,NO
75,55,4.452863187455047E-12,NO
76,204,4.5905531710967196E-12,NO
77,59,4.452863187455047E-12,NO
78,102,4.501909391490915E-12,NO
79,34,4.431258522699786E-12,NO
80,83,4.476403628971223E-12,NO
81,114,4.501909391490915E-12,NO
82,60,4.452863187455047E-12,NO
83,461,0.0052005531291736224,NO
84,87,4.476403628971223E-12,NO
85,130,4.529412600136246E-12,NO
86,49,1.5314298484426706E-11,NO
87,123,5.765173408082463E-10,NO
88,101,4.501909391490915E-12,NO
89,1350,0.002743774762350354,NO
90,455,4.975783778165825E-12,NO
91,40,4.431258522699786E-12,NO
92,518,5.088530147480444E-12,NO
93,371,2.7513251872874175E-10,NO
94,49,4.452863187455047E-12,NO
95,490,0.9999997695747791,NO
96,32,4.431258522699786E-12,NO
97,73,4.476403628971223E-12,NO
98,633,5.347927808554566E-12,NO
99,780,0.9705143522434057,NO
100,470,1.70247863519706E-11,NO
101,1015,2.250147234882277E-11,NO
102,278,4.698204369973987E-12,NO
103,31,4.431258522699786E-12,NO
104,36,4.431258522699786E-12,NO
105,58,4.452863187455047E-12,NO
106,172,4.558948028338077E-12,NO
107,86,4.476403628971223E-12,NO
108,162,4.558948028338077E-12,NO
109,53,4.452863187455047E-12,NO
110,415,4.873501918241358E-12,NO
111,200,4.5905531710967196E-12,NO
112,264,4.66013667026763E-12,NO
113,166,4.558948028338077E-12,NO
114,38,4.431258522699786E-12,NO
115,122,1.5396218346518865E-11,NO
116,85,1.531614290454671E-11,NO
117,66,1.523559861136445E-11,NO
118,60,4.452863187455047E-12,NO
119,37,4.431258522699786E-12,NO
120,233,4.624268324290543E-12,NO
121,37,4.431258522699786E-12,NO
122,239,4.624268324290543E-12,NO
123,40,4.431258522699786E-12,NO
124,208,4.5905531710967196E-12,NO
125,210,3.8545346029531413E-10,NO
126,388,0.9999999903865971,NO
127,22,4.431258522699786E-12,NO
128,262,4.66013667026763E-12,NO
129,306,1.0,NO
130,1438,0.9973274939303571,NO
131,1469,1.0,NO
132,67,1.523559861136445E-11,NO
133,437,6.181640542167627E-10,NO
134,223,1.0,NO
135,35,4.431258522699786E-12,NO
136,53,4.452863187455047E-12,NO
137,196,5.824957377727982E-10,NO
138,108,4.501909391490915E-12,NO
139,237,4.624268324290543E-12,NO
140,219,1.7070712744538018E-10,NO
141,340,1.6540451000035398E-11,NO
142,161,1.559857092521859E-11,NO
143,136,4.529412600136246E-12,NO
144,376,1.9273829219249717E-7,NO
145,388,2.717467163979966E-7,NO
146,153,3.822973071798655E-11,NO
147,114,1.543921351252793E-11,NO
148,220,3.0965906392167196E-10,NO
149,453,5.462991267964195E-4,NO
150,1828,0.9999999736610481,NO
151,246,2.2422598937670618E-7,NO
152,636,1.8298087783847323E-11,NO
153,299,1.1305829138433228E-10,NO
154,259,1.594479075447211E-11,NO
155,90,4.476403628971223E-12,NO
156,93,4.476403628971223E-12,NO
157,441,1.2923280707021635E-8,NO
158,149,1.549751461381864E-11,NO
159,610,6.658072957482838E-10,NO
160,123,5.667789542951621E-10,NO
161,197,1.5656102662064728E-11,NO
162,865,2.064997652047704E-7,NO
163,596,6.664213198638357E-10,NO
164,141,1.549751461381864E-11,NO
165,179,1.559857092521859E-11,NO
166,630,2.3599627575875145E-4,NO
167,402,0.8845490130812937,NO
168,42,4.431258522699786E-12,NO
169,42,4.431258522699786E-12,NO
170,315,0.030290499580938757,NO
171,85,4.476403628971223E-12,NO
172,472,1.6969933415784158E-11,NO
173,106,1.5403411599690387E-11,NO
174,250,4.66013667026763E-12,NO
175,162,4.558948028338077E-12,NO
176,236,6.0499744906979515E-5,NO
177,73,5.1723450666608704E-11,NO
178,104,1.6619018758217833E-10,NO
179,40,1.859505718239656E-11,NO
180,98,1.5606703674349023E-10,NO
181,39,1.859505718239656E-11,NO
182,38,1.859505718239656E-11,NO
183,67,3.506234734663934E-11,NO
184,76,5.1723450666608704E-11,NO
185,42,1.859505718239656E-11,NO
186,71,4.5325486507232E-11,NO
187,101,1.6619018758217833E-10,NO
188,59,3.0799165830598687E-11,NO
189,55,2.6869217990801594E-11,NO
190,27,1.6024717167573398E-11,NO
191,89,2.8541856601081304E-9,NO
192,26,1.6024717167573398E-11,NO
193,24,4.431258522699786E-12,NO
194,485,1.7213068017318117E-11,NO
195,1651,1.4518731092908943E-9,NO
196,48,1.523559861136445E-11,NO
197,2479,0.9981607018820996,NO
198,23,1.5760773281855647E-11,NO
199,115,5.157399867305798E-10,NO
200,108,2.3641670368666016E-10,NO
201,346,0.9998725425500826,NO
202,391,0.9999999936031279,NO
203,22,1.5667520167171146E-11,NO
204,83,1.531614290454671E-11,NO
205,51,1.523559861136445E-11,NO
206,43,1.51616776336735E-11,NO
207,54,1.523559861136445E-11,NO
208,43,1.51616776336735E-11,NO
209,47,1.523559861136445E-11,NO
210,33,1.7395918716194502E-11,NO
211,195,8.876751335991948E-8,NO
212,91,4.880382804094923E-11,NO
213,110,3.3754929241258106E-10,NO
214,81,6.248944125571884E-11,NO
215,108,5.386880900075795E-10,NO
216,109,2.6274410484533604E-10,NO
217,90,1.0210309827439726E-10,NO
218,131,9.355438848554033E-10,NO
219,95,2.4267659049898817E-9,NO
220,132,1.1989958373931798E-9,NO
221,176,7.831175301217059E-8,NO
222,124,5.765173408082463E-10,NO
223,103,1.6619018758217833E-10,NO
224,120,5.116824860535711E-10,NO
225,149,3.558324566658065E-9,NO
226,76,5.1723450666608704E-11,NO
227,89,1.0210309827439726E-10,NO
228,20,4.431258522699786E-12,NO
229,213,4.5905531710967196E-12,NO
230,542,5.149015662713196E-12,NO
231,233,4.624268324290543E-12,NO
232,134,4.529412600136246E-12,NO
233,104,4.501909391490915E-12,NO
234,121,4.501909391490915E-12,NO
235,39,4.431258522699786E-12,NO
236,41,4.431258522699786E-12,NO
237,248,4.66013667026763E-12,NO
238,215,4.5905531710967196E-12,NO
239,269,4.66013667026763E-12,NO
240,165,4.558948028338077E-12,NO
241,277,4.698204369973987E-12,NO
242,100,4.476403628971223E-12,NO
243,358,4.7811379681005515E-12,NO
244,29,4.431258522699786E-12,NO
245,339,4.7811379681005515E-12,NO
246,719,5.575007673866418E-12,NO
247,141,4.529412600136246E-12,NO
248,801,5.833161666995249E-12,NO
249,77,4.476403628971223E-12,NO
250,97,4.476403628971223E-12,NO
251,380,4.826112007731763E-12,NO
252,214,4.5905531710967196E-12,NO
253,38,4.431258522699786E-12,NO
254,79,4.476403628971223E-12,NO
255,25,4.431258522699786E-12,NO
256,84,4.476403628971223E-12,NO
257,34,4.431258522699786E-12,NO
258,33,4.431258522699786E-12,NO
259,104,4.501909391490915E-12,NO
260,193,4.5905531710967196E-12,NO
261,70,4.452863187455047E-12,NO
262,140,4.529412600136246E-12,NO
263,22,4.431258522699786E-12,NO
264,158,4.558948028338077E-12,NO
265,142,4.529412600136246E-12,NO
266,109,4.501909391490915E-12,NO
267,158,4.558948028338077E-12,NO
268,31,4.431258522699786E-12,NO
269,344,4.7811379681005515E-12,NO
270,71,4.452863187455047E-12,NO
271,84,4.476403628971223E-12,NO
272,79,4.476403628971223E-12,NO
273,881,6.125776775360997E-12,NO
274,64,4.452863187455047E-12,NO
275,199,4.5905531710967196E-12,NO
276,261,4.66013667026763E-12,NO
277,155,4.529412600136246E-12,NO
278,45,1.523559861136445E-11,NO
279,23,1.5760773281855647E-11,NO
280,405,1.6674826046115516E-11,NO
281,248,4.66013667026763E-12,NO
282,599,2.5940907297182675E-9,NO
283,28,4.431258522699786E-12,NO
284,452,4.975783778165825E-12,NO
285,482,1.083635466121938E-10,NO
286,434,8.405673904255025E-9,NO
287,83,4.476403628971223E-12,NO
288,393,1.6674826046115516E-11,NO
289,230,1.0,NO
290,248,4.66013667026763E-12,NO
291,28,4.431258522699786E-12,NO
292,69,4.452863187455047E-12,NO
293,116,4.501909391490915E-12,NO
294,100,4.476403628971223E-12,NO
295,46,4.452863187455047E-12,NO
296,226,4.624268324290543E-12,NO
297,86,1.5294949232553448E-11,NO
298,93,4.476403628971223E-12,NO
299,1935,1.0,NO
300,41,4.431258522699786E-12,NO
301,64,4.452863187455047E-12,NO
302,176,5.825982395267566E-10,NO
303,334,4.7811379681005515E-12,NO
304,114,4.501909391490915E-12,NO
305,66,4.452863187455047E-12,NO
306,38,4.431258522699786E-12,NO
307,46,1.523559861136445E-11,NO
308,101,4.501909391490915E-12,NO
309,144,6.019629114231385E-10,NO
310,156,4.529412600136246E-12,NO
311,113,4.501909391490915E-12,NO
312,753,6.429090470398259E-7,NO
313,397,1.6783042953308628E-11,NO
314,327,5.949548610975577E-10,NO
315,139,4.529412600136246E-12,NO
316,59,4.452863187455047E-12,NO
317,78,4.476403628971223E-12,NO
318,50,1.523559861136445E-11,NO
319,483,0.013684923720618754,NO
320,42,4.431258522699786E-12,NO
321,75,4.476403628971223E-12,NO
322,219,4.624268324290543E-12,NO
323,103,4.501909391490915E-12,NO
324,158,4.558948028338077E-12,NO
325,190,4.5905531710967196E-12,NO
326,88,4.476403628971223E-12,NO
327,248,4.66013667026763E-12,NO
328,276,4.698204369973987E-12,NO
329,330,0.9999980883565118,NO
330,69,4.249703624898024E-11,NO
331,21,1.5667520167171146E-11,NO
332,39,1.859505718239656E-11,NO
333,22,1.5667520167171146E-11,NO
334,24,1.6024717167573398E-11,NO
335,62,1.0159125753075373E-9,NO
336,67,1.918230486441618E-8,NO
337,65,9.76181646971584E-10,NO
338,63,9.134375293354108E-10,NO
339,22,1.5667520167171146E-11,NO
340,60,4.452863187455047E-12,NO
341,38,1.51616776336735E-11,NO
342,62,1.523559861136445E-11,NO
343,23,1.5760773281855647E-11,NO
344,79,1.531614290454671E-11,NO
345,23,1.5760773281855647E-11,NO
346,176,1.554831317761033E-11,NO
347,149,1.549751461381864E-11,NO
348,23,1.5760773281855647E-11,NO
349,34,4.431258522699786E-12,NO
350,35,4.431258522699786E-12,NO
351,45,4.452863187455047E-12,NO
352,293,4.698204369973987E-12,NO
353,58,1.523559861136445E-11,NO
354,39,4.431258522699786E-12,NO
355,57,4.452863187455047E-12,NO
356,277,4.698204369973987E-12,NO
357,468,4.975783778165825E-12,NO
358,75,4.476403628971223E-12,NO
359,666,5.420356990190657E-12,NO
360,53,4.452863187455047E-12,NO
361,145,4.529412600136246E-12,NO
362,53,4.452863187455047E-12,NO
363,398,1.6674826046115516E-11,NO
364,119,4.501909391490915E-12,NO
365,271,1.0,NO
366,175,1.6214929891880693E-11,NO
367,78,4.4058153641274666E-11,NO
368,415,4.873501918241358E-12,NO
369,131,4.529412600136246E-12,NO
370,45,4.452863187455047E-12,NO
371,156,4.529412600136246E-12,NO
372,166,4.558948028338077E-12,NO
373,43,4.431258522699786E-12,NO
374,74,4.476403628971223E-12,NO
375,302,4.738520661894062E-12,NO
376,494,5.030812301684723E-12,NO
377,421,4.923370384788673E-12,NO
378,723,5.575007673866418E-12,NO
379,550,5.149015662713196E-12,NO
380,493,5.030812301684723E-12,NO
381,416,4.923370384788673E-12,NO
382,359,4.826112007731763E-12,NO
383,66,1.523559861136445E-11,NO
384,62,1.5200451963526588E-11,NO
385,34,8.816254887953791E-11,NO
386,23,1.5760773281855647E-11,NO
387,41,4.431258522699786E-12,NO
388,50,1.523559861136445E-11,NO
389,55,1.523559861136445E-11,NO
390,1467,7.439012991763284E-10,NO
391,187,1.5706708824105006E-11,NO
392,162,1.556258694499786E-11,NO
393,23,1.5760773281855647E-11,NO
394,142,4.529412600136246E-12,NO
395,73,4.476403628971223E-12,NO
396,108,4.501909391490915E-12,NO
397,20,4.431258522699786E-12,NO
398,61,3.379256996167791E-11,NO
399,86,7.776362111636022E-11,NO
400,84,6.756899644410466E-11,NO
401,90,1.0210309827439726E-10,NO
402,67,3.506234734663934E-11,NO
403,20,1.5667520167171146E-11,NO
404,60,4.452863187455047E-12,NO
405,88,4.476403628971223E-12,NO
406,47,4.452863187455047E-12,NO
407,76,4.476403628971223E-12,NO
408,21,4.431258522699786E-12,NO
409,53,4.452863187455047E-12,NO
410,114,4.501909391490915E-12,NO
411,121,4.501909391490915E-12,NO
412,78,4.476403628971223E-12,NO
413,20,4.431258522699786E-12,NO
414,69,4.452863187455047E-12,NO
415,80,4.476403628971223E-12,NO
416,79,4.476403628971223E-12,NO
417,81,4.476403628971223E-12,NO
418,88,4.476403628971223E-12,NO
419,20,4.431258522699786E-12,NO
420,105,4.501909391490915E-12,NO
421,60,4.452863187455047E-12,NO
422,50,4.452863187455047E-12,NO
423,28,4.431258522699786E-12,NO
424,129,4.501909391490915E-12,NO
425,43,4.431258522699786E-12,NO
426,76,4.476403628971223E-12,NO
427,63,4.452863187455047E-12,NO
428,65,4.452863187455047E-12,NO
429,76,4.476403628971223E-12,NO
430,45,4.452863187455047E-12,NO
431,20,4.431258522699786E-12,NO
432,126,4.501909391490915E-12,NO
