ID, Size, Predicted, Actual
0,212,3.209411028092948E-13,NO
1,274,3.2775901299322703E-13,NO
2,461,3.832355426431576E-9,YES
3,138,3.175984842833415E-13,NO
4,358,3.347582049695862E-13,NO
5,93,4.151593883238591E-10,NO
6,1371,0.999999999993187,YES
7,51,3.0782833256690633E-13,NO
8,45,3.0782833256690633E-13,NO
9,157,3.175984842833415E-13,NO
10,31,3.0782833256690633E-13,NO
11,1708,0.9999999999811453,YES
12,55,3.0782833256690633E-13,NO
13,204,3.209411028092948E-13,NO
14,55,3.0782833256690633E-13,NO
15,103,3.1429923419622023E-13,NO
16,34,3.0782833256690633E-13,NO
17,83,3.110427233551328E-13,NO
18,488,0.9999999967721553,NO
19,83,3.110427233551328E-13,NO
20,129,3.1429923419622023E-13,NO
21,885,1.0,YES
22,440,4.31663288346442E-9,NO
23,40,3.0782833256690633E-13,NO
24,391,3.751615019293648E-9,YES
25,393,6.860714304318606E-10,NO
26,51,3.0782833256690633E-13,NO
27,709,2.060585595534541E-6,YES
28,32,3.0782833256690633E-13,NO
29,68,3.110427233551328E-13,YES
30,564,3.3238692575035343E-12,YES
31,588,3.601791667224288E-12,NO
32,381,1.751726159495986E-9,YES
33,977,3.07869270993854E-4,YES
34,275,3.2775901299322703E-13,NO
35,31,3.0782833256690633E-13,NO
36,50,3.0782833256690633E-13,NO
37,27,3.0782833256690633E-13,NO
38,183,3.1792886275262987E-12,NO
39,50,3.0782833256690633E-13,NO
40,62,3.110427233551328E-13,NO
41,87,3.110427233551328E-13,NO
42,52,3.0782833256690633E-13,NO
43,419,5.7845931235657345E-12,NO
44,224,3.2432772914033496E-13,NO
45,118,3.1429923419622023E-13,YES
46,83,3.110427233551328E-13,NO
47,147,3.175984842833415E-13,NO
48,120,5.200492873065088E-9,NO
49,58,3.0782833256690633E-13,NO
50,44,3.0782833256690633E-13,NO
51,106,3.1429923419622023E-13,NO
52,238,3.2432772914033496E-13,NO
53,43,3.0782833256690633E-13,NO
54,195,1.0,YES
55,189,3.209411028092948E-13,NO
56,151,3.175984842833415E-13,NO
57,364,3.347582049695862E-13,NO
58,910,3.893061959612331E-13,NO
59,911,4.424232195811095E-11,NO
60,43,3.0782833256690633E-13,NO
61,325,3.312356146155961E-13,NO
62,27,3.0782833256690633E-13,NO
63,55,3.0782833256690633E-13,NO
64,93,3.110427233551328E-13,NO
65,191,3.209411028092948E-13,NO
66,90,3.110427233551328E-13,NO
67,89,3.110427233551328E-13,NO
68,273,3.366542358999207E-12,NO
69,153,3.262179552987635E-12,NO
70,92,4.1490774243262196E-8,YES
71,82,3.110427233551328E-13,NO
72,148,3.175984842833415E-13,NO
73,433,3.468762565545205E-9,YES
74,1231,1.0,YES
75,528,3.873533081181201E-9,YES
76,205,4.281114401528172E-8,YES
77,190,3.209411028092948E-13,NO
78,86,3.110427233551328E-13,NO
79,213,3.2965129089335103E-12,NO
80,408,6.860714304318606E-10,NO
81,572,3.5689848225508175E-13,NO
82,132,3.1429923419622023E-13,NO
83,168,3.175984842833415E-13,NO
84,107,4.002390838563182E-8,YES
85,85,3.110427233551328E-13,NO
86,107,3.1429923419622023E-13,NO
87,250,0.9984714253726316,NO
88,237,3.2432772914033496E-13,NO
89,622,4.484285017292375E-6,YES
90,47,3.0782833256690633E-13,NO
91,1487,1.0,YES
92,27,3.0782833256690633E-13,NO
93,89,3.110427233551328E-13,NO
94,481,3.832355426431576E-9,YES
95,227,3.596376004236502E-9,YES
96,166,3.175984842833415E-13,NO
97,92,3.110427233551328E-13,YES
98,476,3.456087827141273E-13,NO
99,93,3.110427233551328E-13,YES
100,244,3.2432772914033496E-13,NO
101,204,3.209411028092948E-13,NO
102,252,3.2432772914033496E-13,NO
103,119,3.1429923419622023E-13,NO
104,733,3.7266914655660774E-13,NO
105,630,3.7055364863077524E-12,NO
106,69,3.110427233551328E-13,NO
107,77,3.110427233551328E-13,NO
108,97,3.110427233551328E-13,NO
109,380,3.383274659189774E-13,NO
110,214,3.209411028092948E-13,NO
111,38,3.0782833256690633E-13,NO
112,79,3.110427233551328E-13,NO
113,25,3.0782833256690633E-13,NO
114,84,3.110427233551328E-13,NO
115,34,3.0782833256690633E-13,NO
116,33,3.0782833256690633E-13,NO
117,104,3.1429923419622023E-13,NO
118,193,3.209411028092948E-13,NO
119,70,3.110427233551328E-13,NO
120,140,3.175984842833415E-13,NO
121,22,3.0782833256690633E-13,NO
122,156,3.175984842833415E-13,NO
123,142,3.262179552987635E-12,NO
124,100,3.1429923419622023E-13,YES
125,153,3.262179552987635E-12,NO
126,31,3.0782833256690633E-13,NO
127,340,1.0,NO
128,61,3.1948427415337843E-12,NO
129,61,3.1948427415337843E-12,NO
130,877,3.955132660169584E-12,NO
131,62,3.1948427415337843E-12,NO
132,186,3.2965129089335103E-12,NO
133,264,3.366542358999207E-12,NO
134,42,3.161826463360114E-12,NO
135,248,3.2432772914033496E-13,NO
136,358,3.3073059499416943E-12,NO
137,199,3.209411028092948E-13,NO
138,330,0.0025751608176876883,NO
139,346,3.347582049695862E-13,NO
140,89,3.1948427415337843E-12,NO
141,193,1.0,NO
142,406,4.348364263259529E-8,NO
143,82,3.110427233551328E-13,NO
144,53,3.0782833256690633E-13,NO
145,148,3.175984842833415E-13,NO
146,4774,1.0,NO
147,4088,1.0353456338864053E-12,NO
148,93,3.0425196543401642E-12,NO
149,78,2.1577164728401867E-9,NO
150,74,1.8400730520809587E-9,NO
151,978,1.0,NO
152,37,3.0782833256690633E-13,NO
153,59,2.9767788494470135E-12,NO
154,135,9.98440883957625E-7,NO
155,165,5.02503174683546E-5,NO
156,47,3.0782833256690633E-13,NO
157,101,3.1429923419622023E-13,NO
158,103,3.2423491879543104E-8,NO
159,154,0.05956900406684673,YES
160,556,3.5308524527466996E-13,NO
161,386,3.4143744177352486E-12,NO
162,296,3.112468231961187E-12,YES
163,135,3.1429923419622023E-13,NO
164,56,3.0782833256690633E-13,NO
165,78,3.110427233551328E-13,NO
166,35,3.3789754640482798E-12,NO
167,467,3.320951595474251E-7,YES
168,174,3.175984842833415E-13,NO
169,148,3.175984842833415E-13,NO
170,88,3.110427233551328E-13,NO
171,52,3.3795572272040457E-9,YES
172,39,3.0782833256690633E-13,NO
173,208,3.2389125962785167E-12,NO
174,77,3.110427233551328E-13,NO
175,666,3.6467872483980927E-13,NO
176,146,4.591196201852836E-9,YES
177,302,5.759765727992126E-9,YES
178,54,3.0782833256690633E-13,NO
179,87,3.0812338599879405E-12,NO
180,119,3.1429923419622023E-13,NO
181,200,3.209411028092948E-13,NO
182,152,3.175984842833415E-13,NO
183,39,3.0782833256690633E-13,NO
184,677,3.6467872483980927E-13,NO
185,131,3.1429923419622023E-13,NO
186,47,3.0782833256690633E-13,NO
187,100,3.1429923419622023E-13,NO
188,43,3.0782833256690633E-13,NO
189,73,3.110427233551328E-13,NO
190,257,3.2775901299322703E-13,NO
191,62,3.110427233551328E-13,NO
192,45,3.0782833256690633E-13,NO
193,41,3.752377479761322E-12,NO
194,47,5.207464336115521E-12,NO
195,55,6.6382510011491365E-12,NO
196,1046,1.0,NO
197,133,3.691186774221971E-12,NO
198,147,1.257121941277722E-6,NO
199,147,1.0,YES
200,77,6.58122866814419E-7,YES
201,99,3.1429923419622023E-13,NO
202,53,3.0782833256690633E-13,NO
203,95,2.9458127878591155E-12,NO
204,77,1.0,YES
205,69,3.110427233551328E-13,NO
206,69,3.110427233551328E-13,NO
207,77,3.110427233551328E-13,NO
208,80,2.9700704976316967E-12,NO
209,72,3.110427233551328E-13,NO
210,63,3.110427233551328E-13,NO
211,50,3.0782833256690633E-13,NO
212,28,3.0782833256690633E-13,NO
213,108,2.9533248799374206E-12,NO
214,40,3.0782833256690633E-13,NO
215,76,3.110427233551328E-13,NO
216,64,3.0147376613770114E-12,NO
217,63,3.110427233551328E-13,NO
218,55,3.0782833256690633E-13,NO
219,45,3.0782833256690633E-13,NO
220,476,3.456087827141273E-13,NO
221,77,3.110427233551328E-13,NO
222,69,3.110427233551328E-13,NO
223,104,3.1429923419622023E-13,NO
224,115,3.1429923419622023E-13,NO
225,421,3.4194409041972894E-13,NO
226,61,3.110427233551328E-13,NO
227,2009,5.350105601913626E-13,NO
228,179,3.209411028092948E-13,NO
229,106,3.1429923419622023E-13,NO
230,33,3.0782833256690633E-13,NO
231,657,3.6467872483980927E-13,NO
232,295,3.2775901299322703E-13,NO
233,872,3.850628445205472E-13,NO
234,444,3.4194409041972894E-13,NO
235,168,3.175984842833415E-13,NO
236,752,3.7266914655660774E-13,NO
237,135,3.1429923419622023E-13,NO
238,1126,4.1600424970601007E-13,NO
239,163,3.175984842833415E-13,NO
240,184,3.209411028092948E-13,NO
241,51,3.0782833256690633E-13,NO
242,25,3.0782833256690633E-13,NO
243,180,3.209411028092948E-13,NO
244,64,3.110427233551328E-13,NO
245,101,3.1429923419622023E-13,NO
246,512,3.493222585285071E-13,NO
247,187,3.209411028092948E-13,NO
248,56,3.0782833256690633E-13,NO
249,39,3.0782833256690633E-13,NO
250,261,3.2775901299322703E-13,NO
251,73,3.110427233551328E-13,NO
252,65,3.110427233551328E-13,NO
253,329,3.312356146155961E-13,NO
254,64,3.110427233551328E-13,NO
255,164,3.175984842833415E-13,NO
256,624,3.607627208718799E-13,NO
257,74,3.110427233551328E-13,NO
258,117,3.1429923419622023E-13,NO
259,84,3.110427233551328E-13,NO
260,226,3.2432772914033496E-13,NO
261,76,3.110427233551328E-13,NO
262,323,3.312356146155961E-13,NO
263,72,3.110427233551328E-13,NO
264,42,3.0782833256690633E-13,NO
265,48,3.0782833256690633E-13,NO
266,89,3.110427233551328E-13,NO
267,380,3.383274659189774E-13,NO
268,141,3.175984842833415E-13,NO
269,148,3.175984842833415E-13,NO
270,191,3.209411028092948E-13,NO
271,46,3.0782833256690633E-13,NO
272,165,3.175984842833415E-13,NO
273,171,3.175984842833415E-13,NO
274,56,3.0782833256690633E-13,NO
275,179,3.209411028092948E-13,NO
276,74,3.110427233551328E-13,NO
277,36,3.0782833256690633E-13,NO
278,37,3.0782833256690633E-13,NO
279,34,3.0782833256690633E-13,NO
280,34,3.0782833256690633E-13,NO
281,38,3.0782833256690633E-13,NO
282,39,3.0782833256690633E-13,NO
283,156,3.175984842833415E-13,NO
284,84,3.110427233551328E-13,NO
285,117,3.1429923419622023E-13,NO
286,94,3.110427233551328E-13,NO
287,71,3.110427233551328E-13,NO
288,183,3.209411028092948E-13,NO
289,85,3.110427233551328E-13,NO
290,183,3.209411028092948E-13,NO
291,70,3.110427233551328E-13,NO
292,54,3.0782833256690633E-13,NO
293,160,3.175984842833415E-13,NO
294,128,3.1429923419622023E-13,NO
295,151,3.175984842833415E-13,NO
296,422,3.4194409041972894E-13,NO
297,221,3.2432772914033496E-13,NO
298,50,3.0782833256690633E-13,NO
299,42,3.0782833256690633E-13,NO
300,624,3.607627208718799E-13,NO
301,377,3.383274659189774E-13,NO
302,382,3.383274659189774E-13,NO
303,72,3.110427233551328E-13,NO
304,92,3.110427233551328E-13,NO
305,282,3.2775901299322703E-13,NO
306,371,3.347582049695862E-13,NO
307,47,3.0782833256690633E-13,NO
308,108,3.1429923419622023E-13,NO
309,111,3.1429923419622023E-13,NO
310,319,3.312356146155961E-13,NO
311,129,3.1429923419622023E-13,NO
312,49,3.0782833256690633E-13,NO
313,358,3.347582049695862E-13,NO
314,277,3.2775901299322703E-13,NO
315,49,3.0782833256690633E-13,NO
316,89,3.110427233551328E-13,NO
317,41,3.0782833256690633E-13,NO
318,66,3.110427233551328E-13,NO
319,63,3.110427233551328E-13,NO
320,24,3.0782833256690633E-13,NO
321,50,3.0782833256690633E-13,NO
322,72,3.110427233551328E-13,NO
323,47,3.0782833256690633E-13,NO
324,47,3.0782833256690633E-13,NO
325,183,3.209411028092948E-13,NO
326,49,3.0782833256690633E-13,NO
327,50,3.0782833256690633E-13,NO
328,98,3.110427233551328E-13,NO
329,143,3.175984842833415E-13,NO
330,43,3.0782833256690633E-13,NO
331,42,3.0782833256690633E-13,NO
332,56,3.0782833256690633E-13,NO
333,44,3.0782833256690633E-13,NO
334,26,3.0782833256690633E-13,NO
335,254,3.2432772914033496E-13,NO
336,16883,3.3112693315433453E-13,NO
337,74,3.110427233551328E-13,NO
338,153,3.175984842833415E-13,NO
339,68,3.110427233551328E-13,NO
340,100,3.1429923419622023E-13,NO
341,550,3.5308524527466996E-13,NO
342,437,3.4194409041972894E-13,NO
343,1038,4.023845953119723E-13,NO
344,104,3.1429923419622023E-13,NO
345,332,3.312356146155961E-13,NO
346,123,3.1429923419622023E-13,NO
347,106,3.1429923419622023E-13,NO
348,105,3.1429923419622023E-13,NO
349,94,3.110427233551328E-13,NO
350,101,3.1429923419622023E-13,NO
351,38,3.0782833256690633E-13,NO
352,666,3.6467872483980927E-13,NO
353,32,3.0782833256690633E-13,NO
354,111,3.1429923419622023E-13,NO
355,35,3.0782833256690633E-13,NO
356,90,3.110427233551328E-13,NO
357,27,3.0782833256690633E-13,NO
358,28,3.0782833256690633E-13,NO
359,92,3.110427233551328E-13,NO
360,979,3.97966193771398E-13,NO
361,67,3.110427233551328E-13,NO
362,29,3.0782833256690633E-13,NO
363,105,3.1429923419622023E-13,NO
364,72,3.110427233551328E-13,NO
365,37,3.0782833256690633E-13,NO
366,47,3.0782833256690633E-13,NO
367,31,3.0782833256690633E-13,NO
368,90,3.110427233551328E-13,NO
369,223,3.2432772914033496E-13,NO
370,214,3.209411028092948E-13,NO
371,107,3.1429923419622023E-13,NO
372,37,3.0782833256690633E-13,NO
373,27,3.0782833256690633E-13,NO
374,48,3.0782833256690633E-13,NO
375,167,3.175984842833415E-13,NO
376,213,3.209411028092948E-13,NO
377,867,3.850628445205472E-13,NO
378,159,3.175984842833415E-13,NO
379,100,3.1429923419622023E-13,NO
380,96,3.110427233551328E-13,NO
381,842,3.8087611172061125E-13,NO
382,535,3.5308524527466996E-13,NO
383,83,3.110427233551328E-13,NO
384,63,3.110427233551328E-13,NO
385,76,3.110427233551328E-13,NO
386,202,3.209411028092948E-13,NO
387,155,3.175984842833415E-13,NO
388,1263,4.3019026588959986E-13,NO
389,74,3.110427233551328E-13,NO
390,101,3.1429923419622023E-13,NO
391,27,3.0782833256690633E-13,NO
392,22,3.0782833256690633E-13,NO
393,491,3.456087827141273E-13,NO
394,62,3.110427233551328E-13,NO
395,59,3.0782833256690633E-13,NO
396,99,3.1429923419622023E-13,NO
397,27,3.0782833256690633E-13,NO
398,77,3.110427233551328E-13,NO
399,863,3.850628445205472E-13,NO
400,64,3.110427233551328E-13,NO
401,45,3.0782833256690633E-13,NO
402,63,3.110427233551328E-13,NO
403,54,3.0782833256690633E-13,NO
404,64,3.110427233551328E-13,NO
405,132,3.1429923419622023E-13,NO
406,182,3.209411028092948E-13,NO
407,70,3.110427233551328E-13,NO
408,36,3.0782833256690633E-13,NO
409,58,3.0782833256690633E-13,NO
410,62,3.110427233551328E-13,NO
411,132,3.1429923419622023E-13,NO
412,74,3.110427233551328E-13,NO
413,86,3.110427233551328E-13,NO
414,74,3.110427233551328E-13,NO
415,48,3.0782833256690633E-13,NO
416,74,3.110427233551328E-13,NO
417,86,3.110427233551328E-13,NO
418,355,3.347582049695862E-13,NO
419,53,3.0782833256690633E-13,NO
420,804,3.76745155270644E-13,NO
421,75,3.110427233551328E-13,NO
422,125,3.1429923419622023E-13,NO
423,200,3.209411028092948E-13,NO
424,134,3.1429923419622023E-13,NO
425,57,3.0782833256690633E-13,NO
426,123,3.1429923419622023E-13,NO
427,314,3.312356146155961E-13,NO
428,162,3.175984842833415E-13,NO
429,137,3.1429923419622023E-13,NO
430,124,3.1429923419622023E-13,NO
431,359,3.347582049695862E-13,NO
432,151,3.175984842833415E-13,NO
433,107,3.1429923419622023E-13,NO
434,28,3.0782833256690633E-13,NO
435,58,3.0782833256690633E-13,NO
436,470,3.456087827141273E-13,NO
437,347,3.347582049695862E-13,NO
438,103,3.1429923419622023E-13,NO
439,35,3.0782833256690633E-13,NO
440,98,3.110427233551328E-13,NO
441,117,3.1429923419622023E-13,NO
