ID, Size, Predicted, Actual
0,237,2.1901007446342534E-4,NO
1,272,2.1901007446342534E-4,NO
2,470,2.1901007446342534E-4,NO
3,299,2.1901007446342534E-4,NO
4,23,1.095290251916758E-4,NO
5,56,1.095290251916758E-4,NO
6,51,1.095290251916758E-4,NO
7,22,1.095290251916758E-4,NO
8,67,2.1901007446342534E-4,NO
9,23,2.1901007446342534E-4,NO
10,44,1.095290251916758E-4,NO
11,111,1.095290251916758E-4,NO
12,74,2.1901007446342534E-4,NO
13,196,4.3817369205152925E-5,NO
14,39,1.095290251916758E-4,NO
15,124,1.095290251916758E-4,NO
16,38,1.095290251916758E-4,NO
17,22,1.095290251916758E-4,NO
18,44,1.095290251916758E-4,NO
19,368,4.3817369205152925E-5,NO
20,22,1.095290251916758E-4,NO
21,285,4.3817369205152925E-5,NO
22,21,1.095290251916758E-4,NO
23,22,1.095290251916758E-4,NO
24,208,4.3817369205152925E-5,NO
25,55,1.095290251916758E-4,NO
26,21,1.095290251916758E-4,NO
27,288,4.3817369205152925E-5,NO
28,109,2.1901007446342534E-4,NO
29,142,2.1901007446342534E-4,NO
30,47,1.095290251916758E-4,NO
31,54,1.095290251916758E-4,NO
32,105,1.095290251916758E-4,NO
33,528,2.1901007446342534E-4,NO
34,284,0.9997809899255365,NO
35,32,2.1901007446342534E-4,NO
36,35,2.1901007446342534E-4,NO
37,144,2.1901007446342534E-4,NO
38,95,2.1901007446342534E-4,NO
39,164,2.1901007446342534E-4,NO
40,70,2.1901007446342534E-4,NO
41,120,2.1901007446342534E-4,NO
42,38,2.1901007446342534E-4,NO
43,22,2.1901007446342534E-4,NO
44,26,2.1901007446342534E-4,NO
45,21,2.1901007446342534E-4,NO
46,56,2.1901007446342534E-4,NO
47,102,2.1901007446342534E-4,NO
48,107,2.1901007446342534E-4,NO
49,67,2.1901007446342534E-4,NO
50,39,2.1901007446342534E-4,NO
51,52,2.1901007446342534E-4,NO
52,20,2.1901007446342534E-4,NO
53,42,2.1901007446342534E-4,NO
54,36,2.1901007446342534E-4,NO
55,30,2.1901007446342534E-4,NO
56,71,2.1901007446342534E-4,NO
57,57,2.1901007446342534E-4,NO
58,31,2.1901007446342534E-4,NO
59,20,2.1901007446342534E-4,NO
60,90,2.1901007446342534E-4,NO
61,52,2.1901007446342534E-4,NO
62,108,2.1901007446342534E-4,NO
63,20,2.1901007446342534E-4,NO
64,93,2.1901007446342534E-4,NO
65,52,2.1901007446342534E-4,NO
66,121,2.1901007446342534E-4,NO
67,20,2.1901007446342534E-4,NO
68,31,1.095290251916758E-4,NO
69,109,1.095290251916758E-4,NO
70,44,1.095290251916758E-4,NO
71,72,1.095290251916758E-4,NO
72,99,1.095290251916758E-4,NO
73,103,1.095290251916758E-4,NO
74,20,1.095290251916758E-4,NO
75,71,2.1901007446342534E-4,NO
76,155,2.1901007446342534E-4,NO
77,1468,0.9997809899255365,NO
78,45,3.6515007668151614E-5,NO
79,302,2.1901007446342534E-4,NO
80,3423,0.9997809899255365,NO
81,320,2.1901007446342534E-4,NO
82,241,2.1901007446342534E-4,NO
83,57,2.1901007446342534E-4,NO
84,276,2.1901007446342534E-4,NO
85,59,2.1901007446342534E-4,NO
86,107,2.1901007446342534E-4,NO
87,35,2.1901007446342534E-4,NO
88,93,2.1901007446342534E-4,NO
89,122,2.1901007446342534E-4,NO
90,49,2.1901007446342534E-4,NO
91,60,2.1901007446342534E-4,NO
92,456,2.1901007446342534E-4,NO
93,87,1.095290251916758E-4,NO
94,130,1.095290251916758E-4,NO
95,49,7.302468234263182E-5,NO
96,122,2.1901007446342534E-4,NO
97,99,2.1901007446342534E-4,NO
98,1787,2.1901007446342534E-4,NO
99,464,2.1901007446342534E-4,NO
100,154,2.1901007446342534E-4,NO
101,40,1.095290251916758E-4,NO
102,516,2.1901007446342534E-4,NO
103,193,2.1901007446342534E-4,NO
104,391,2.1901007446342534E-4,NO
105,49,2.1901007446342534E-4,NO
106,594,2.1901007446342534E-4,NO
107,32,2.1901007446342534E-4,NO
108,73,1.095290251916758E-4,NO
109,633,2.1901007446342534E-4,NO
110,694,2.1901007446342534E-4,NO
111,442,2.1901007446342534E-4,NO
112,1162,2.1901007446342534E-4,NO
113,278,1.095290251916758E-4,NO
114,31,1.095290251916758E-4,NO
115,73,2.1901007446342534E-4,NO
116,59,2.1901007446342534E-4,NO
117,172,2.1901007446342534E-4,NO
118,87,2.1901007446342534E-4,NO
119,166,2.1901007446342534E-4,NO
120,53,1.095290251916758E-4,NO
121,420,0.9997809899255365,NO
122,219,2.1901007446342534E-4,NO
123,264,2.1901007446342534E-4,NO
124,172,2.1901007446342534E-4,NO
125,38,1.095290251916758E-4,NO
126,126,0.9997809899255365,NO
127,85,1.095290251916758E-4,NO
128,67,2.1901007446342534E-4,NO
129,50,2.1901007446342534E-4,NO
130,37,1.095290251916758E-4,NO
131,286,0.9997809899255365,NO
132,37,1.095290251916758E-4,NO
133,239,1.095290251916758E-4,NO
134,41,2.1901007446342534E-4,NO
135,240,2.1901007446342534E-4,NO
136,109,2.1901007446342534E-4,NO
137,215,0.9997809899255365,NO
138,387,2.1901007446342534E-4,NO
139,22,1.095290251916758E-4,NO
140,100,2.1901007446342534E-4,NO
141,72,2.1901007446342534E-4,NO
142,351,2.1901007446342534E-4,NO
143,232,2.1901007446342534E-4,NO
144,162,2.1901007446342534E-4,NO
145,42,2.1901007446342534E-4,NO
146,458,2.1901007446342534E-4,NO
147,262,2.1901007446342534E-4,NO
148,139,2.1901007446342534E-4,NO
149,69,2.1901007446342534E-4,NO
150,67,2.1901007446342534E-4,NO
151,197,2.1901007446342534E-4,NO
152,930,0.9997809899255365,NO
153,156,2.1901007446342534E-4,NO
154,303,2.1901007446342534E-4,NO
155,25,2.1901007446342534E-4,NO
156,304,2.1901007446342534E-4,NO
157,414,2.1901007446342534E-4,NO
158,1587,2.1901007446342534E-4,NO
159,1653,2.1901007446342534E-4,NO
160,83,2.1901007446342534E-4,NO
161,444,2.1901007446342534E-4,NO
162,274,2.1901007446342534E-4,NO
163,47,2.1901007446342534E-4,NO
164,35,1.095290251916758E-4,NO
165,208,2.1901007446342534E-4,NO
166,111,2.1901007446342534E-4,NO
167,227,2.1901007446342534E-4,NO
168,351,2.1901007446342534E-4,NO
169,161,2.1901007446342534E-4,NO
170,136,2.1901007446342534E-4,NO
171,422,2.1901007446342534E-4,NO
172,439,2.1901007446342534E-4,NO
173,153,2.1901007446342534E-4,NO
174,112,2.1901007446342534E-4,NO
175,224,2.1901007446342534E-4,NO
176,458,0.9997809899255365,NO
177,2193,0.9997809899255365,NO
178,277,2.1901007446342534E-4,NO
179,738,0.9997809899255365,NO
180,270,2.1901007446342534E-4,NO
181,257,0.9997809899255365,NO
182,88,2.1901007446342534E-4,NO
183,459,2.1901007446342534E-4,NO
184,156,2.1901007446342534E-4,NO
185,654,2.1901007446342534E-4,NO
186,119,2.1901007446342534E-4,NO
187,32,2.1901007446342534E-4,NO
188,197,2.1901007446342534E-4,NO
189,1105,0.9997809899255365,NO
190,628,0.9997809899255365,NO
191,138,0.9997809899255365,NO
192,204,0.9997809899255365,NO
193,550,2.1901007446342534E-4,NO
194,399,2.1901007446342534E-4,NO
195,42,2.1901007446342534E-4,NO
196,42,2.1901007446342534E-4,NO
197,312,0.9997809899255365,NO
198,85,2.1901007446342534E-4,NO
199,478,2.1901007446342534E-4,NO
200,105,2.1901007446342534E-4,NO
201,252,2.1901007446342534E-4,NO
202,163,2.1901007446342534E-4,NO
203,348,0.9997809899255365,NO
204,77,2.1901007446342534E-4,NO
205,98,2.1901007446342534E-4,NO
206,45,2.1901007446342534E-4,NO
207,102,2.1901007446342534E-4,NO
208,44,2.1901007446342534E-4,NO
209,51,2.1901007446342534E-4,NO
210,73,2.1901007446342534E-4,NO
211,55,2.1901007446342534E-4,NO
212,57,2.1901007446342534E-4,NO
213,103,2.1901007446342534E-4,NO
214,121,2.1901007446342534E-4,NO
215,46,2.1901007446342534E-4,NO
216,75,2.1901007446342534E-4,NO
217,226,2.1901007446342534E-4,NO
218,136,0.9997809899255365,NO
219,70,2.1901007446342534E-4,NO
220,160,0.9997809899255365,NO
221,27,2.1901007446342534E-4,NO
222,82,2.1901007446342534E-4,NO
223,96,2.1901007446342534E-4,NO
224,106,2.1901007446342534E-4,NO
225,165,2.1901007446342534E-4,NO
226,72,2.1901007446342534E-4,NO
227,26,2.1901007446342534E-4,NO
228,24,2.1901007446342534E-4,NO
229,810,0.9997809899255365,NO
230,1804,0.9997809899255365,NO
231,48,3.6515007668151614E-5,NO
232,2747,0.9997809899255365,NO
233,69,2.1901007446342534E-4,NO
234,23,2.1901007446342534E-4,NO
235,97,2.1901007446342534E-4,NO
236,144,2.1901007446342534E-4,NO
237,326,2.1901007446342534E-4,NO
238,563,0.9997809899255365,NO
239,22,2.1901007446342534E-4,NO
240,83,2.1901007446342534E-4,NO
241,51,2.1901007446342534E-4,NO
242,43,2.1901007446342534E-4,NO
243,54,2.1901007446342534E-4,NO
244,43,2.1901007446342534E-4,NO
245,47,2.1901007446342534E-4,NO
246,33,2.1901007446342534E-4,NO
247,224,2.1901007446342534E-4,NO
248,595,0.9997809899255365,NO
249,345,0.9997809899255365,NO
250,237,2.1901007446342534E-4,NO
251,137,2.1901007446342534E-4,NO
252,90,0.9997809899255365,NO
253,126,2.1901007446342534E-4,NO
254,47,2.1901007446342534E-4,NO
255,69,2.1901007446342534E-4,NO
256,40,2.1901007446342534E-4,NO
257,130,2.1901007446342534E-4,NO
258,213,2.1901007446342534E-4,NO
259,115,0.9997809899255365,NO
260,167,2.1901007446342534E-4,NO
261,283,2.1901007446342534E-4,NO
262,91,2.1901007446342534E-4,NO
263,312,2.1901007446342534E-4,NO
264,32,2.1901007446342534E-4,NO
265,337,2.1901007446342534E-4,NO
266,807,2.1901007446342534E-4,NO
267,77,2.1901007446342534E-4,NO
268,87,0.9997809899255365,NO
269,387,2.1901007446342534E-4,NO
270,107,0.9997809899255365,NO
271,141,0.9997809899255365,NO
272,814,2.1901007446342534E-4,NO
273,38,2.1901007446342534E-4,NO
274,47,2.1901007446342534E-4,NO
275,23,2.1901007446342534E-4,NO
276,23,2.1901007446342534E-4,NO
277,101,0.9997809899255365,NO
278,91,2.1901007446342534E-4,NO
279,272,2.1901007446342534E-4,NO
280,23,2.1901007446342534E-4,NO
281,80,2.1901007446342534E-4,NO
282,97,2.1901007446342534E-4,NO
283,382,2.1901007446342534E-4,NO
284,239,2.1901007446342534E-4,NO
285,44,2.1901007446342534E-4,NO
286,76,2.1901007446342534E-4,NO
287,28,2.1901007446342534E-4,NO
288,89,2.1901007446342534E-4,NO
289,37,2.1901007446342534E-4,NO
290,36,2.1901007446342534E-4,NO
291,105,2.1901007446342534E-4,NO
292,193,2.1901007446342534E-4,NO
293,70,2.1901007446342534E-4,NO
294,140,2.1901007446342534E-4,NO
295,25,2.1901007446342534E-4,NO
296,160,0.9997809899255365,NO
297,23,2.1901007446342534E-4,NO
298,139,2.1901007446342534E-4,NO
299,111,2.1901007446342534E-4,NO
300,158,2.1901007446342534E-4,NO
301,34,2.1901007446342534E-4,NO
302,357,2.1901007446342534E-4,NO
303,70,2.1901007446342534E-4,NO
304,88,0.9997809899255365,NO
305,79,0.9997809899255365,NO
306,934,0.9997809899255365,NO
307,67,2.1901007446342534E-4,NO
308,216,2.1901007446342534E-4,NO
309,265,2.1901007446342534E-4,NO
310,155,2.1901007446342534E-4,NO
311,23,2.1901007446342534E-4,NO
312,45,2.1901007446342534E-4,NO
313,23,2.1901007446342534E-4,NO
314,404,2.1901007446342534E-4,NO
315,246,2.1901007446342534E-4,NO
316,576,2.1901007446342534E-4,NO
317,28,1.095290251916758E-4,NO
318,467,2.1901007446342534E-4,NO
319,508,2.1901007446342534E-4,NO
320,526,2.1901007446342534E-4,NO
321,82,2.1901007446342534E-4,NO
322,532,2.1901007446342534E-4,NO
323,266,2.1901007446342534E-4,NO
324,274,2.1901007446342534E-4,NO
325,28,2.1901007446342534E-4,NO
326,69,2.1901007446342534E-4,NO
327,139,2.1901007446342534E-4,NO
328,103,2.1901007446342534E-4,NO
329,46,2.1901007446342534E-4,NO
330,220,2.1901007446342534E-4,NO
331,89,2.1901007446342534E-4,NO
332,98,2.1901007446342534E-4,NO
333,2186,0.9997809899255365,NO
334,41,1.095290251916758E-4,NO
335,85,2.1901007446342534E-4,NO
336,169,2.1901007446342534E-4,NO
337,346,2.1901007446342534E-4,NO
338,131,2.1901007446342534E-4,NO
339,66,1.095290251916758E-4,NO
340,106,2.1901007446342534E-4,NO
341,46,1.095290251916758E-4,NO
342,157,2.1901007446342534E-4,NO
343,185,2.1901007446342534E-4,NO
344,126,2.1901007446342534E-4,NO
345,66,2.1901007446342534E-4,NO
346,67,2.1901007446342534E-4,NO
347,289,2.1901007446342534E-4,NO
348,94,2.1901007446342534E-4,NO
349,44,2.1901007446342534E-4,NO
350,95,2.1901007446342534E-4,NO
351,44,2.1901007446342534E-4,NO
352,23,2.1901007446342534E-4,NO
353,23,2.1901007446342534E-4,NO
354,763,2.1901007446342534E-4,NO
355,398,2.1901007446342534E-4,NO
356,333,2.1901007446342534E-4,NO
357,138,2.1901007446342534E-4,NO
358,59,2.1901007446342534E-4,NO
359,78,2.1901007446342534E-4,NO
360,53,2.1901007446342534E-4,NO
361,521,2.1901007446342534E-4,NO
362,23,2.1901007446342534E-4,NO
363,45,2.1901007446342534E-4,NO
364,79,2.1901007446342534E-4,NO
365,222,2.1901007446342534E-4,NO
366,107,2.1901007446342534E-4,NO
367,168,2.1901007446342534E-4,NO
368,192,2.1901007446342534E-4,NO
369,91,2.1901007446342534E-4,NO
370,252,2.1901007446342534E-4,NO
371,282,2.1901007446342534E-4,NO
372,23,2.1901007446342534E-4,NO
373,342,2.1901007446342534E-4,NO
374,69,1.095290251916758E-4,NO
375,21,1.095290251916758E-4,NO
376,39,1.095290251916758E-4,NO
377,22,1.095290251916758E-4,NO
378,217,0.9997809899255365,NO
379,22,2.1901007446342534E-4,NO
380,76,2.1901007446342534E-4,NO
381,111,2.1901007446342534E-4,NO
382,81,2.1901007446342534E-4,NO
383,106,2.1901007446342534E-4,NO
384,112,2.1901007446342534E-4,NO
385,87,2.1901007446342534E-4,NO
386,132,2.1901007446342534E-4,NO
387,97,2.1901007446342534E-4,NO
388,133,2.1901007446342534E-4,NO
389,177,2.1901007446342534E-4,NO
390,148,2.1901007446342534E-4,NO
391,104,2.1901007446342534E-4,NO
392,120,2.1901007446342534E-4,NO
393,137,2.1901007446342534E-4,NO
394,76,2.1901007446342534E-4,NO
395,89,2.1901007446342534E-4,NO
396,23,2.1901007446342534E-4,NO
397,24,2.1901007446342534E-4,NO
398,62,1.095290251916758E-4,NO
399,67,2.1901007446342534E-4,NO
400,66,2.1901007446342534E-4,NO
401,63,1.095290251916758E-4,NO
402,22,2.1901007446342534E-4,NO
403,60,1.095290251916758E-4,NO
404,38,2.1901007446342534E-4,NO
405,63,2.1901007446342534E-4,NO
406,23,2.1901007446342534E-4,NO
407,79,2.1901007446342534E-4,NO
408,23,2.1901007446342534E-4,NO
409,176,2.1901007446342534E-4,NO
410,149,2.1901007446342534E-4,NO
411,23,1.095290251916758E-4,NO
412,37,2.1901007446342534E-4,NO
413,43,2.1901007446342534E-4,NO
414,49,2.1901007446342534E-4,NO
415,418,2.1901007446342534E-4,NO
416,23,2.1901007446342534E-4,NO
417,58,2.1901007446342534E-4,NO
418,23,2.1901007446342534E-4,NO
419,80,2.1901007446342534E-4,NO
420,23,2.1901007446342534E-4,NO
421,91,2.1901007446342534E-4,NO
422,23,2.1901007446342534E-4,NO
423,23,2.1901007446342534E-4,NO
424,25,2.1901007446342534E-4,NO
425,48,2.1901007446342534E-4,NO
426,52,2.1901007446342534E-4,NO
427,53,2.1901007446342534E-4,NO
428,57,2.1901007446342534E-4,NO
429,24,2.1901007446342534E-4,NO
430,26,2.1901007446342534E-4,NO
431,60,2.1901007446342534E-4,NO
432,334,2.1901007446342534E-4,NO
433,42,2.1901007446342534E-4,NO
434,60,2.1901007446342534E-4,NO
435,294,2.1901007446342534E-4,NO
436,77,2.1901007446342534E-4,NO
437,677,2.1901007446342534E-4,NO
438,56,2.1901007446342534E-4,NO
439,163,2.1901007446342534E-4,NO
440,56,2.1901007446342534E-4,NO
441,133,2.1901007446342534E-4,NO
442,536,2.1901007446342534E-4,NO
443,121,2.1901007446342534E-4,NO
444,77,2.1901007446342534E-4,NO
445,175,2.1901007446342534E-4,NO
446,81,2.1901007446342534E-4,NO
447,432,2.1901007446342534E-4,NO
448,129,2.1901007446342534E-4,NO
449,48,2.1901007446342534E-4,NO
450,164,2.1901007446342534E-4,NO
451,172,2.1901007446342534E-4,NO
452,43,2.1901007446342534E-4,NO
453,73,2.1901007446342534E-4,NO
454,302,2.1901007446342534E-4,NO
455,551,2.1901007446342534E-4,NO
456,424,2.1901007446342534E-4,NO
457,732,2.1901007446342534E-4,NO
458,562,2.1901007446342534E-4,NO
459,493,2.1901007446342534E-4,NO
460,416,2.1901007446342534E-4,NO
461,359,2.1901007446342534E-4,NO
462,23,2.1901007446342534E-4,NO
463,23,2.1901007446342534E-4,NO
464,694,2.1901007446342534E-4,NO
465,177,2.1901007446342534E-4,NO
466,116,2.1901007446342534E-4,NO
467,20,2.1901007446342534E-4,NO
468,69,2.1901007446342534E-4,NO
469,62,2.738675576491209E-5,NO
470,34,5.477051155657794E-5,NO
471,23,5.477051155657794E-5,NO
472,41,5.477051155657794E-5,NO
473,50,1.095290251916758E-4,NO
474,55,7.302468234263182E-5,NO
475,1468,2.1901007446342534E-4,NO
476,187,1.095290251916758E-4,NO
477,162,1.095290251916758E-4,NO
478,23,7.302468234263182E-5,NO
479,143,2.1901007446342534E-4,NO
480,74,2.1901007446342534E-4,NO
481,109,2.1901007446342534E-4,NO
482,144,2.1901007446342534E-4,NO
483,75,2.1901007446342534E-4,NO
484,112,2.1901007446342534E-4,NO
485,33,2.1901007446342534E-4,NO
486,92,2.1901007446342534E-4,NO
487,108,2.1901007446342534E-4,NO
488,612,2.1901007446342534E-4,NO
489,20,2.1901007446342534E-4,NO
490,20,1.095290251916758E-4,NO
491,199,2.1901007446342534E-4,NO
492,56,2.1901007446342534E-4,NO
493,200,2.1901007446342534E-4,NO
494,60,2.1901007446342534E-4,NO
495,75,2.1901007446342534E-4,NO
496,150,2.1901007446342534E-4,NO
497,40,2.1901007446342534E-4,NO
498,20,2.1901007446342534E-4,NO
499,60,2.1901007446342534E-4,NO
500,88,1.095290251916758E-4,NO
501,67,2.1901007446342534E-4,NO
502,76,1.095290251916758E-4,NO
503,21,1.095290251916758E-4,NO
504,53,1.095290251916758E-4,NO
505,114,1.095290251916758E-4,NO
506,121,1.095290251916758E-4,NO
507,78,1.095290251916758E-4,NO
508,20,1.095290251916758E-4,NO
509,69,1.095290251916758E-4,NO
510,80,1.095290251916758E-4,NO
511,79,1.095290251916758E-4,NO
512,81,1.095290251916758E-4,NO
513,88,1.095290251916758E-4,NO
514,20,1.095290251916758E-4,NO
515,105,1.095290251916758E-4,NO
516,60,1.095290251916758E-4,NO
517,50,1.095290251916758E-4,NO
518,28,1.095290251916758E-4,NO
519,129,1.095290251916758E-4,NO
520,43,1.095290251916758E-4,NO
521,76,1.095290251916758E-4,NO
522,63,1.095290251916758E-4,NO
523,65,1.095290251916758E-4,NO
524,76,1.095290251916758E-4,NO
525,45,1.095290251916758E-4,NO
526,20,1.095290251916758E-4,NO
527,212,2.1901007446342534E-4,NO
528,95,2.1901007446342534E-4,NO
529,34,2.1901007446342534E-4,NO
530,35,2.1901007446342534E-4,NO
531,34,2.1901007446342534E-4,NO
532,32,2.1901007446342534E-4,NO
533,188,2.1901007446342534E-4,NO
534,53,2.1901007446342534E-4,NO
535,30,2.1901007446342534E-4,NO
536,101,2.1901007446342534E-4,NO
537,125,2.1901007446342534E-4,NO
538,179,2.1901007446342534E-4,NO
539,123,2.1901007446342534E-4,NO
540,88,2.1901007446342534E-4,NO
541,88,2.1901007446342534E-4,NO
542,171,2.1901007446342534E-4,NO
543,31,2.1901007446342534E-4,NO
544,30,2.1901007446342534E-4,NO
545,31,2.1901007446342534E-4,NO
546,77,2.1901007446342534E-4,NO
547,77,2.1901007446342534E-4,NO
548,86,2.1901007446342534E-4,NO
549,92,2.1901007446342534E-4,NO
550,61,2.1901007446342534E-4,NO
551,64,2.1901007446342534E-4,NO
552,64,2.1901007446342534E-4,NO
553,103,2.1901007446342534E-4,NO
554,46,2.1901007446342534E-4,NO
555,48,2.1901007446342534E-4,NO
556,48,2.1901007446342534E-4,NO
557,49,2.1901007446342534E-4,NO
558,49,0.9997809899255365,NO
559,130,2.1901007446342534E-4,NO
560,82,2.1901007446342534E-4,NO
561,25,2.1901007446342534E-4,NO
562,193,2.1901007446342534E-4,NO
563,114,2.1901007446342534E-4,NO
564,114,2.1901007446342534E-4,NO
565,132,2.1901007446342534E-4,NO
566,79,2.1901007446342534E-4,NO
567,79,2.1901007446342534E-4,NO
568,34,2.1901007446342534E-4,NO
569,49,2.1901007446342534E-4,NO
570,44,2.1901007446342534E-4,NO
571,58,2.1901007446342534E-4,NO
572,92,2.1901007446342534E-4,NO
573,92,2.1901007446342534E-4,NO
574,109,2.1901007446342534E-4,NO
575,80,2.1901007446342534E-4,NO
576,22,2.1901007446342534E-4,NO
577,22,2.1901007446342534E-4,NO
578,205,2.1901007446342534E-4,NO
579,73,2.1901007446342534E-4,NO
580,52,2.1901007446342534E-4,NO
581,85,2.1901007446342534E-4,NO
582,69,2.1901007446342534E-4,NO
583,21,2.1901007446342534E-4,NO
584,104,2.1901007446342534E-4,NO
585,82,2.1901007446342534E-4,NO
586,125,2.1901007446342534E-4,NO
587,180,2.1901007446342534E-4,NO
588,95,2.1901007446342534E-4,NO
589,214,2.1901007446342534E-4,NO
590,40,2.1901007446342534E-4,NO
591,37,2.1901007446342534E-4,NO
592,22,2.1901007446342534E-4,NO
593,26,2.1901007446342534E-4,NO
594,77,2.1901007446342534E-4,NO
595,116,2.1901007446342534E-4,NO
596,274,2.1901007446342534E-4,NO
597,29,2.1901007446342534E-4,NO
598,99,2.1901007446342534E-4,NO
599,262,2.1901007446342534E-4,NO
600,95,2.1901007446342534E-4,NO
601,46,2.1901007446342534E-4,NO
602,22,2.1901007446342534E-4,NO
603,74,2.1901007446342534E-4,NO
604,69,2.1901007446342534E-4,NO
605,76,2.1901007446342534E-4,NO
606,175,2.1901007446342534E-4,NO
607,78,2.1901007446342534E-4,NO
608,69,2.1901007446342534E-4,NO
609,100,2.1901007446342534E-4,NO
610,83,2.1901007446342534E-4,NO
611,22,2.1901007446342534E-4,NO
612,82,2.1901007446342534E-4,NO
613,62,2.1901007446342534E-4,NO
614,68,2.1901007446342534E-4,NO
615,59,2.1901007446342534E-4,NO
616,112,2.1901007446342534E-4,NO
617,68,2.1901007446342534E-4,NO
618,54,2.1901007446342534E-4,NO
619,94,2.1901007446342534E-4,NO
620,80,2.1901007446342534E-4,NO
621,22,2.1901007446342534E-4,NO
622,21,2.1901007446342534E-4,NO
623,76,2.1901007446342534E-4,NO
624,63,2.1901007446342534E-4,NO
625,43,2.1901007446342534E-4,NO
626,86,2.1901007446342534E-4,NO
627,67,2.1901007446342534E-4,NO
628,80,2.1901007446342534E-4,NO
629,97,2.1901007446342534E-4,NO
630,76,2.1901007446342534E-4,NO
631,65,2.1901007446342534E-4,NO
632,22,2.1901007446342534E-4,NO
633,47,2.1901007446342534E-4,NO
634,35,2.1901007446342534E-4,NO
635,31,2.1901007446342534E-4,NO
636,35,2.1901007446342534E-4,NO
637,41,2.1901007446342534E-4,NO
638,36,2.1901007446342534E-4,NO
639,59,2.1901007446342534E-4,NO
640,39,2.1901007446342534E-4,NO
641,41,2.1901007446342534E-4,NO
642,36,2.1901007446342534E-4,NO
643,33,2.1901007446342534E-4,NO
644,52,2.1901007446342534E-4,NO
645,21,2.1901007446342534E-4,NO
646,27,2.1901007446342534E-4,NO
647,26,2.1901007446342534E-4,NO
648,29,2.1901007446342534E-4,NO
649,33,2.1901007446342534E-4,NO
650,28,2.1901007446342534E-4,NO
651,28,2.1901007446342534E-4,NO
652,33,2.1901007446342534E-4,NO
653,232,2.1901007446342534E-4,NO
654,24,2.1901007446342534E-4,NO
655,27,2.1901007446342534E-4,NO
656,37,2.1901007446342534E-4,NO
657,41,2.1901007446342534E-4,NO
658,18,2.1901007446342534E-4,NO
659,21,2.1901007446342534E-4,NO
660,43,2.1901007446342534E-4,NO
661,45,2.1901007446342534E-4,NO
662,46,2.1901007446342534E-4,NO
663,42,2.1901007446342534E-4,NO
664,28,2.1901007446342534E-4,NO
665,51,2.1901007446342534E-4,NO
666,50,2.1901007446342534E-4,NO
667,31,2.1901007446342534E-4,NO
668,18,2.1901007446342534E-4,NO
669,23,2.1901007446342534E-4,NO
670,29,2.1901007446342534E-4,NO
671,22,2.1901007446342534E-4,NO
672,192,2.1901007446342534E-4,NO
673,39,2.1901007446342534E-4,NO
674,40,2.1901007446342534E-4,NO
675,90,2.1901007446342534E-4,NO
676,33,2.1901007446342534E-4,NO
677,33,2.1901007446342534E-4,NO
678,37,2.1901007446342534E-4,NO
679,39,2.1901007446342534E-4,NO
680,58,2.1901007446342534E-4,NO
681,22,2.1901007446342534E-4,NO
682,22,2.1901007446342534E-4,NO
683,58,2.1901007446342534E-4,NO
684,22,2.1901007446342534E-4,NO
685,82,2.1901007446342534E-4,NO
686,64,2.1901007446342534E-4,NO
687,65,2.1901007446342534E-4,NO
688,21,2.1901007446342534E-4,NO
689,22,2.1901007446342534E-4,NO
690,107,2.1901007446342534E-4,NO
691,127,2.1901007446342534E-4,NO
692,47,2.1901007446342534E-4,NO
693,133,2.1901007446342534E-4,NO
694,22,2.1901007446342534E-4,NO
695,21,2.1901007446342534E-4,NO
696,109,2.1901007446342534E-4,NO
697,23,2.1901007446342534E-4,NO
698,39,2.1901007446342534E-4,NO
699,40,2.1901007446342534E-4,NO
700,31,2.1901007446342534E-4,NO
701,31,2.1901007446342534E-4,NO
702,31,2.1901007446342534E-4,NO
703,31,2.1901007446342534E-4,NO
704,42,2.1901007446342534E-4,NO
705,31,2.1901007446342534E-4,NO
706,31,2.1901007446342534E-4,NO
707,22,2.1901007446342534E-4,NO
708,125,2.1901007446342534E-4,NO
709,163,2.1901007446342534E-4,NO
710,21,2.1901007446342534E-4,NO
711,185,2.1901007446342534E-4,NO
712,29,2.1901007446342534E-4,NO
713,93,2.1901007446342534E-4,NO
714,61,2.1901007446342534E-4,NO
715,71,2.1901007446342534E-4,NO
716,22,2.1901007446342534E-4,NO
717,142,2.1901007446342534E-4,NO
718,78,2.1901007446342534E-4,NO
719,122,2.1901007446342534E-4,NO
720,237,2.1901007446342534E-4,NO
721,153,2.1901007446342534E-4,NO
722,59,2.1901007446342534E-4,NO
723,35,2.1901007446342534E-4,NO
724,42,2.1901007446342534E-4,NO
725,45,2.1901007446342534E-4,NO
726,100,2.1901007446342534E-4,NO
727,78,2.1901007446342534E-4,NO
728,62,2.1901007446342534E-4,NO
729,25,2.1901007446342534E-4,NO
730,95,2.1901007446342534E-4,NO
731,22,2.1901007446342534E-4,NO
732,22,2.1901007446342534E-4,NO
733,117,2.1901007446342534E-4,NO
734,23,2.1901007446342534E-4,NO
735,90,2.1901007446342534E-4,NO
736,22,2.1901007446342534E-4,NO
737,36,2.1901007446342534E-4,NO
738,135,2.1901007446342534E-4,NO
739,67,2.1901007446342534E-4,NO
740,162,2.1901007446342534E-4,NO
741,122,2.1901007446342534E-4,NO
742,76,2.1901007446342534E-4,NO
743,22,2.1901007446342534E-4,NO
744,82,2.1901007446342534E-4,NO
745,352,2.1901007446342534E-4,NO
746,308,2.1901007446342534E-4,NO
747,266,2.1901007446342534E-4,NO
748,38,2.1901007446342534E-4,NO
749,89,2.1901007446342534E-4,NO
750,18,2.1901007446342534E-4,NO
751,57,2.1901007446342534E-4,NO
752,86,2.1901007446342534E-4,NO
753,69,2.1901007446342534E-4,NO
754,25,2.1901007446342534E-4,NO
755,31,2.1901007446342534E-4,NO
756,21,2.1901007446342534E-4,NO
757,158,2.1901007446342534E-4,NO
758,21,2.1901007446342534E-4,NO
759,38,2.1901007446342534E-4,NO
760,51,2.1901007446342534E-4,NO
761,23,2.1901007446342534E-4,NO
762,126,2.1901007446342534E-4,NO
763,38,2.1901007446342534E-4,NO
764,55,2.1901007446342534E-4,NO
765,22,2.1901007446342534E-4,NO
766,47,2.1901007446342534E-4,NO
767,37,2.1901007446342534E-4,NO
768,24,2.1901007446342534E-4,NO
769,41,2.1901007446342534E-4,NO
770,38,2.1901007446342534E-4,NO
771,48,2.1901007446342534E-4,NO
772,22,2.1901007446342534E-4,NO
773,60,2.1901007446342534E-4,NO
774,35,2.1901007446342534E-4,NO
775,42,2.1901007446342534E-4,NO
776,67,2.1901007446342534E-4,NO
777,33,2.1901007446342534E-4,NO
778,76,2.1901007446342534E-4,NO
779,91,2.1901007446342534E-4,NO
780,38,2.1901007446342534E-4,NO
781,97,2.1901007446342534E-4,NO
782,28,2.1901007446342534E-4,NO
783,36,2.1901007446342534E-4,NO
784,23,2.1901007446342534E-4,NO
785,35,2.1901007446342534E-4,NO
786,21,2.1901007446342534E-4,NO
787,161,2.1901007446342534E-4,NO
788,22,2.1901007446342534E-4,NO
789,72,2.1901007446342534E-4,NO
790,33,2.1901007446342534E-4,NO
791,32,2.1901007446342534E-4,NO
792,187,2.1901007446342534E-4,NO
793,28,2.1901007446342534E-4,NO
794,39,2.1901007446342534E-4,NO
795,21,2.1901007446342534E-4,NO
796,31,2.1901007446342534E-4,NO
797,21,2.1901007446342534E-4,NO
798,22,2.1901007446342534E-4,NO
799,27,2.1901007446342534E-4,NO
800,62,2.1901007446342534E-4,NO
801,95,2.1901007446342534E-4,NO
802,22,2.1901007446342534E-4,NO
803,208,2.1901007446342534E-4,NO
804,54,2.1901007446342534E-4,NO
805,21,2.1901007446342534E-4,NO
806,57,2.1901007446342534E-4,NO
807,37,2.1901007446342534E-4,NO
808,36,2.1901007446342534E-4,NO
809,28,2.1901007446342534E-4,NO
810,57,2.1901007446342534E-4,NO
811,94,2.1901007446342534E-4,NO
812,35,2.1901007446342534E-4,NO
813,44,2.1901007446342534E-4,NO
814,31,2.1901007446342534E-4,NO
815,31,2.1901007446342534E-4,NO
816,22,2.1901007446342534E-4,NO
817,41,2.1901007446342534E-4,NO
818,185,2.1901007446342534E-4,NO
819,48,2.1901007446342534E-4,NO
820,46,2.1901007446342534E-4,NO
821,34,2.1901007446342534E-4,NO
822,80,2.1901007446342534E-4,NO
823,55,2.1901007446342534E-4,NO
824,59,2.1901007446342534E-4,NO
825,88,2.1901007446342534E-4,NO
826,21,2.1901007446342534E-4,NO
827,40,2.1901007446342534E-4,NO
828,235,2.1901007446342534E-4,NO
829,22,2.1901007446342534E-4,NO
830,202,2.1901007446342534E-4,NO
831,108,2.1901007446342534E-4,NO
832,32,2.1901007446342534E-4,NO
833,556,2.1901007446342534E-4,NO
834,768,0.9997809899255365,NO
835,531,2.1901007446342534E-4,NO
836,1078,0.9997809899255365,NO
837,347,2.1901007446342534E-4,NO
838,724,2.1901007446342534E-4,NO
839,409,2.1901007446342534E-4,NO
840,1383,2.1901007446342534E-4,NO
841,1336,0.9997809899255365,NO
842,291,2.1901007446342534E-4,NO
843,113,2.1901007446342534E-4,NO
844,89,2.1901007446342534E-4,NO
845,292,2.1901007446342534E-4,NO
846,218,2.1901007446342534E-4,NO
847,3601,2.1901007446342534E-4,NO
848,72,2.1901007446342534E-4,NO
849,231,2.1901007446342534E-4,NO
850,70,2.1901007446342534E-4,NO
851,63,2.1901007446342534E-4,NO
852,110,2.1901007446342534E-4,NO
853,158,2.1901007446342534E-4,NO
854,227,2.1901007446342534E-4,NO
855,343,2.1901007446342534E-4,NO
856,1157,0.9997809899255365,NO
857,73,2.1901007446342534E-4,NO
858,72,2.1901007446342534E-4,NO
859,981,0.9997809899255365,NO
860,765,2.1901007446342534E-4,NO
861,62,2.1901007446342534E-4,NO
862,409,2.1901007446342534E-4,NO
863,234,2.1901007446342534E-4,NO
864,74,2.1901007446342534E-4,NO
865,58,2.1901007446342534E-4,NO
866,21,2.1901007446342534E-4,NO
867,931,0.9997809899255365,NO
868,21,2.1901007446342534E-4,NO
869,77,2.1901007446342534E-4,NO
870,85,2.1901007446342534E-4,NO
871,427,2.1901007446342534E-4,NO
872,198,2.1901007446342534E-4,NO
873,79,2.1901007446342534E-4,NO
874,52,2.1901007446342534E-4,NO
875,217,2.1901007446342534E-4,NO
876,279,2.1901007446342534E-4,NO
877,22,2.1901007446342534E-4,NO
878,25,2.1901007446342534E-4,NO
879,42,2.1901007446342534E-4,NO
880,67,2.1901007446342534E-4,NO
881,23,2.1901007446342534E-4,NO
882,637,2.1901007446342534E-4,NO
883,23,2.1901007446342534E-4,NO
884,37,2.1901007446342534E-4,NO
885,35,2.1901007446342534E-4,NO
886,35,2.1901007446342534E-4,NO
887,84,2.1901007446342534E-4,NO
888,449,2.1901007446342534E-4,NO
889,58,2.1901007446342534E-4,NO
890,92,2.1901007446342534E-4,NO
891,32,2.1901007446342534E-4,NO
892,521,2.1901007446342534E-4,NO
893,24,2.1901007446342534E-4,NO
894,42,2.1901007446342534E-4,NO
895,42,2.1901007446342534E-4,NO
896,36,2.1901007446342534E-4,NO
897,21,2.1901007446342534E-4,NO
898,94,2.1901007446342534E-4,NO
899,388,2.1901007446342534E-4,NO
900,21,2.1901007446342534E-4,NO
901,53,2.1901007446342534E-4,NO
902,21,2.1901007446342534E-4,NO
903,105,2.1901007446342534E-4,NO
904,76,2.1901007446342534E-4,NO
905,29,2.1901007446342534E-4,NO
906,48,2.1901007446342534E-4,NO
907,137,2.1901007446342534E-4,NO
908,21,2.1901007446342534E-4,NO
909,42,2.1901007446342534E-4,NO
910,21,2.1901007446342534E-4,NO
911,646,0.9997809899255365,NO
912,132,2.1901007446342534E-4,NO
913,90,2.1901007446342534E-4,NO
914,499,0.9997809899255365,NO
915,268,2.1901007446342534E-4,NO
916,135,2.1901007446342534E-4,NO
917,240,2.1901007446342534E-4,NO
918,383,2.1901007446342534E-4,NO
919,21,2.1901007446342534E-4,NO
920,768,0.9997809899255365,NO
921,21,2.1901007446342534E-4,NO
922,83,2.1901007446342534E-4,NO
923,886,0.9997809899255365,NO
924,287,2.1901007446342534E-4,NO
925,63,2.1901007446342534E-4,NO
926,129,2.1901007446342534E-4,NO
927,71,2.1901007446342534E-4,NO
928,21,2.1901007446342534E-4,NO
929,400,2.1901007446342534E-4,NO
930,961,0.9997809899255365,NO
931,76,2.1901007446342534E-4,NO
932,21,2.1901007446342534E-4,NO
933,21,2.1901007446342534E-4,NO
934,123,2.1901007446342534E-4,NO
935,151,2.1901007446342534E-4,NO
936,21,2.1901007446342534E-4,NO
937,131,2.1901007446342534E-4,NO
938,189,2.1901007446342534E-4,NO
939,37,2.1901007446342534E-4,NO
940,61,2.1901007446342534E-4,NO
941,21,2.1901007446342534E-4,NO
942,81,2.1901007446342534E-4,NO
943,74,2.1901007446342534E-4,NO
944,58,2.1901007446342534E-4,NO
945,51,2.1901007446342534E-4,NO
946,26,2.1901007446342534E-4,NO
947,21,2.1901007446342534E-4,NO
948,54,2.1901007446342534E-4,NO
949,43,2.1901007446342534E-4,NO
950,33,2.1901007446342534E-4,NO
951,36,2.1901007446342534E-4,NO
952,37,2.1901007446342534E-4,NO
953,28,2.1901007446342534E-4,NO
954,34,2.1901007446342534E-4,NO
955,36,2.1901007446342534E-4,NO
956,34,2.1901007446342534E-4,NO
957,99,2.1901007446342534E-4,NO
958,52,2.1901007446342534E-4,NO
959,128,2.1901007446342534E-4,NO
960,38,2.1901007446342534E-4,NO
961,525,0.9997809899255365,NO
962,1361,0.9997809899255365,NO
963,129,2.1901007446342534E-4,NO
964,21,2.1901007446342534E-4,NO
965,114,2.1901007446342534E-4,NO
966,72,2.1901007446342534E-4,NO
967,70,2.1901007446342534E-4,NO
968,42,2.1901007446342534E-4,NO
969,99,2.1901007446342534E-4,NO
970,163,2.1901007446342534E-4,NO
971,46,2.1901007446342534E-4,NO
972,85,2.1901007446342534E-4,NO
973,247,2.1901007446342534E-4,NO
974,36,2.1901007446342534E-4,NO
975,37,2.1901007446342534E-4,NO
976,49,2.1901007446342534E-4,NO
977,21,2.1901007446342534E-4,NO
978,39,2.1901007446342534E-4,NO
979,227,2.1901007446342534E-4,NO
980,55,2.1901007446342534E-4,NO
981,175,2.1901007446342534E-4,NO
982,102,2.1901007446342534E-4,NO
983,64,2.1901007446342534E-4,NO
984,67,2.1901007446342534E-4,NO
985,180,2.1901007446342534E-4,NO
986,127,2.1901007446342534E-4,NO
987,51,2.1901007446342534E-4,NO
988,120,2.1901007446342534E-4,NO
989,21,2.1901007446342534E-4,NO
990,138,2.1901007446342534E-4,NO
991,181,2.1901007446342534E-4,NO
992,61,2.1901007446342534E-4,NO
993,21,2.1901007446342534E-4,NO
994,114,2.1901007446342534E-4,NO
995,66,2.1901007446342534E-4,NO
996,72,2.1901007446342534E-4,NO
997,75,2.1901007446342534E-4,NO
998,33,2.1901007446342534E-4,NO
999,21,2.1901007446342534E-4,NO
1000,46,2.1901007446342534E-4,NO
1001,46,2.1901007446342534E-4,NO
1002,51,2.1901007446342534E-4,NO
1003,38,2.1901007446342534E-4,NO
1004,40,2.1901007446342534E-4,NO
1005,21,2.1901007446342534E-4,NO
1006,781,2.1901007446342534E-4,NO
1007,1323,2.1901007446342534E-4,NO
1008,21,2.1901007446342534E-4,NO
1009,2645,0.9997809899255365,NO
1010,246,2.1901007446342534E-4,NO
1011,21,2.1901007446342534E-4,NO
1012,100,2.1901007446342534E-4,NO
1013,57,2.1901007446342534E-4,NO
1014,68,2.1901007446342534E-4,NO
1015,372,2.1901007446342534E-4,NO
1016,147,2.1901007446342534E-4,NO
1017,45,2.1901007446342534E-4,NO
1018,116,2.1901007446342534E-4,NO
1019,40,2.1901007446342534E-4,NO
1020,97,2.1901007446342534E-4,NO
1021,758,2.1901007446342534E-4,NO
1022,21,2.1901007446342534E-4,NO
1023,55,2.1901007446342534E-4,NO
1024,199,2.1901007446342534E-4,NO
1025,64,2.1901007446342534E-4,NO
1026,103,2.1901007446342534E-4,NO
1027,71,2.1901007446342534E-4,NO
1028,245,2.1901007446342534E-4,NO
1029,21,2.1901007446342534E-4,NO
1030,343,2.1901007446342534E-4,NO
1031,244,2.1901007446342534E-4,NO
1032,142,2.1901007446342534E-4,NO
1033,22,2.1901007446342534E-4,NO
1034,266,2.1901007446342534E-4,NO
1035,126,2.1901007446342534E-4,NO
1036,170,2.1901007446342534E-4,NO
1037,648,2.1901007446342534E-4,NO
1038,150,2.1901007446342534E-4,NO
1039,65,2.1901007446342534E-4,NO
1040,119,2.1901007446342534E-4,NO
1041,42,2.1901007446342534E-4,NO
1042,54,2.1901007446342534E-4,NO
1043,32,2.1901007446342534E-4,NO
1044,30,2.1901007446342534E-4,NO
1045,40,2.1901007446342534E-4,NO
1046,30,2.1901007446342534E-4,NO
1047,34,2.1901007446342534E-4,NO
1048,58,2.1901007446342534E-4,NO
1049,34,2.1901007446342534E-4,NO
1050,34,2.1901007446342534E-4,NO
1051,30,2.1901007446342534E-4,NO
1052,30,2.1901007446342534E-4,NO
1053,49,2.1901007446342534E-4,NO
1054,34,2.1901007446342534E-4,NO
1055,38,2.1901007446342534E-4,NO
1056,30,2.1901007446342534E-4,NO
1057,34,2.1901007446342534E-4,NO
1058,31,2.1901007446342534E-4,NO
1059,42,2.1901007446342534E-4,NO
1060,30,2.1901007446342534E-4,NO
1061,29,2.1901007446342534E-4,NO
1062,30,2.1901007446342534E-4,NO
1063,31,2.1901007446342534E-4,NO
1064,32,2.1901007446342534E-4,NO
1065,31,2.1901007446342534E-4,NO
1066,30,2.1901007446342534E-4,NO
1067,34,2.1901007446342534E-4,NO
1068,30,2.1901007446342534E-4,NO
1069,37,2.1901007446342534E-4,NO
1070,38,2.1901007446342534E-4,NO
1071,31,2.1901007446342534E-4,NO
1072,32,2.1901007446342534E-4,NO
1073,31,2.1901007446342534E-4,NO
1074,34,2.1901007446342534E-4,NO
1075,30,2.1901007446342534E-4,NO
1076,122,2.1901007446342534E-4,NO
1077,30,2.1901007446342534E-4,NO
1078,30,2.1901007446342534E-4,NO
1079,30,2.1901007446342534E-4,NO
1080,45,2.1901007446342534E-4,NO
1081,38,2.1901007446342534E-4,NO
1082,30,2.1901007446342534E-4,NO
1083,43,2.1901007446342534E-4,NO
1084,31,2.1901007446342534E-4,NO
1085,21,2.1901007446342534E-4,NO
1086,21,2.1901007446342534E-4,NO
1087,110,2.1901007446342534E-4,NO
1088,59,2.1901007446342534E-4,NO
1089,22,2.1901007446342534E-4,NO
1090,354,2.1901007446342534E-4,NO
1091,38,2.1901007446342534E-4,NO
1092,22,2.1901007446342534E-4,NO
1093,69,2.1901007446342534E-4,NO
1094,324,2.1901007446342534E-4,NO
1095,100,2.1901007446342534E-4,NO
1096,18,2.1901007446342534E-4,NO
1097,51,2.1901007446342534E-4,NO
1098,247,2.1901007446342534E-4,NO
1099,33,2.1901007446342534E-4,NO
1100,34,2.1901007446342534E-4,NO
1101,34,2.1901007446342534E-4,NO
1102,18,2.1901007446342534E-4,NO
1103,37,2.1901007446342534E-4,NO
1104,18,2.1901007446342534E-4,NO
1105,49,2.1901007446342534E-4,NO
1106,138,2.1901007446342534E-4,NO
1107,109,2.1901007446342534E-4,NO
1108,79,2.1901007446342534E-4,NO
1109,68,2.1901007446342534E-4,NO
1110,73,2.1901007446342534E-4,NO
1111,18,2.1901007446342534E-4,NO
1112,53,2.1901007446342534E-4,NO
1113,44,2.1901007446342534E-4,NO
1114,22,2.1901007446342534E-4,NO
1115,18,2.1901007446342534E-4,NO
1116,85,2.1901007446342534E-4,NO
1117,131,2.1901007446342534E-4,NO
1118,53,2.1901007446342534E-4,NO
1119,57,2.1901007446342534E-4,NO
1120,64,2.1901007446342534E-4,NO
1121,18,2.1901007446342534E-4,NO
1122,75,2.1901007446342534E-4,NO
1123,66,2.1901007446342534E-4,NO
1124,74,2.1901007446342534E-4,NO
1125,33,2.1901007446342534E-4,NO
1126,54,2.1901007446342534E-4,NO
1127,53,2.1901007446342534E-4,NO
1128,23,2.1901007446342534E-4,NO
1129,39,2.1901007446342534E-4,NO
1130,50,2.1901007446342534E-4,NO
1131,31,2.1901007446342534E-4,NO
1132,39,2.1901007446342534E-4,NO
1133,39,2.1901007446342534E-4,NO
1134,22,2.1901007446342534E-4,NO
1135,27,2.1901007446342534E-4,NO
1136,28,2.1901007446342534E-4,NO
1137,30,2.1901007446342534E-4,NO
1138,34,2.1901007446342534E-4,NO
1139,41,2.1901007446342534E-4,NO
1140,59,2.1901007446342534E-4,NO
1141,31,2.1901007446342534E-4,NO
1142,51,2.1901007446342534E-4,NO
1143,72,2.1901007446342534E-4,NO
1144,23,2.1901007446342534E-4,NO
1145,507,2.1901007446342534E-4,NO
1146,48,2.1901007446342534E-4,NO
1147,77,2.1901007446342534E-4,NO
1148,43,2.1901007446342534E-4,NO
1149,38,2.1901007446342534E-4,NO
1150,47,2.1901007446342534E-4,NO
1151,22,2.1901007446342534E-4,NO
1152,22,2.1901007446342534E-4,NO
1153,86,2.1901007446342534E-4,NO
1154,43,2.1901007446342534E-4,NO
1155,518,2.1901007446342534E-4,NO
1156,37,2.1901007446342534E-4,NO
1157,23,2.1901007446342534E-4,NO
1158,97,2.1901007446342534E-4,NO
1159,107,2.1901007446342534E-4,NO
1160,177,2.1901007446342534E-4,NO
1161,688,2.1901007446342534E-4,NO
1162,23,2.1901007446342534E-4,NO
1163,152,2.1901007446342534E-4,NO
1164,139,2.1901007446342534E-4,NO
1165,140,2.1901007446342534E-4,NO
1166,129,2.1901007446342534E-4,NO
1167,1046,2.1901007446342534E-4,NO
1168,46,2.1901007446342534E-4,NO
1169,271,2.1901007446342534E-4,NO
1170,112,2.1901007446342534E-4,NO
1171,95,2.1901007446342534E-4,NO
1172,107,2.1901007446342534E-4,NO
1173,143,2.1901007446342534E-4,NO
1174,22,2.1901007446342534E-4,NO
1175,22,2.1901007446342534E-4,NO
1176,22,2.1901007446342534E-4,NO
1177,44,2.1901007446342534E-4,NO
1178,77,2.1901007446342534E-4,NO
1179,168,2.1901007446342534E-4,NO
1180,236,2.1901007446342534E-4,NO
1181,131,2.1901007446342534E-4,NO
1182,154,2.1901007446342534E-4,NO
1183,232,2.1901007446342534E-4,NO
1184,142,2.1901007446342534E-4,NO
1185,23,2.1901007446342534E-4,NO
1186,110,2.1901007446342534E-4,NO
1187,21,2.1901007446342534E-4,NO
1188,22,2.1901007446342534E-4,NO
1189,22,2.1901007446342534E-4,NO
1190,22,2.1901007446342534E-4,NO
1191,42,2.1901007446342534E-4,NO
1192,46,2.1901007446342534E-4,NO
1193,18,2.1901007446342534E-4,NO
1194,39,2.1901007446342534E-4,NO
1195,22,2.1901007446342534E-4,NO
1196,38,2.1901007446342534E-4,NO
1197,25,2.1901007446342534E-4,NO
1198,104,2.1901007446342534E-4,NO
1199,22,2.1901007446342534E-4,NO
1200,92,2.1901007446342534E-4,NO
1201,22,2.1901007446342534E-4,NO
1202,17,2.1901007446342534E-4,NO
1203,58,2.1901007446342534E-4,NO
1204,31,2.1901007446342534E-4,NO
1205,27,2.1901007446342534E-4,NO
1206,36,2.1901007446342534E-4,NO
1207,58,2.1901007446342534E-4,NO
1208,31,2.1901007446342534E-4,NO
1209,22,2.1901007446342534E-4,NO
1210,68,2.1901007446342534E-4,NO
1211,17,2.1901007446342534E-4,NO
1212,31,2.1901007446342534E-4,NO
1213,28,2.1901007446342534E-4,NO
1214,31,2.1901007446342534E-4,NO
1215,36,2.1901007446342534E-4,NO
1216,17,2.1901007446342534E-4,NO
1217,17,2.1901007446342534E-4,NO
1218,144,2.1901007446342534E-4,NO
1219,123,2.1901007446342534E-4,NO
1220,44,2.1901007446342534E-4,NO
1221,70,2.1901007446342534E-4,NO
1222,208,2.1901007446342534E-4,NO
1223,106,2.1901007446342534E-4,NO
1224,36,2.1901007446342534E-4,NO
1225,338,2.1901007446342534E-4,NO
1226,292,2.1901007446342534E-4,NO
1227,22,2.1901007446342534E-4,NO
1228,56,2.1901007446342534E-4,NO
1229,56,2.1901007446342534E-4,NO
1230,36,2.1901007446342534E-4,NO
1231,145,2.1901007446342534E-4,NO
1232,37,2.1901007446342534E-4,NO
1233,662,2.1901007446342534E-4,NO
1234,22,2.1901007446342534E-4,NO
1235,475,2.1901007446342534E-4,NO
1236,22,2.1901007446342534E-4,NO
1237,22,2.1901007446342534E-4,NO
1238,58,2.1901007446342534E-4,NO
1239,164,2.1901007446342534E-4,NO
1240,77,2.1901007446342534E-4,NO
1241,348,2.1901007446342534E-4,NO
1242,45,2.1901007446342534E-4,NO
1243,139,2.1901007446342534E-4,NO
1244,119,2.1901007446342534E-4,NO
1245,113,2.1901007446342534E-4,NO
1246,163,2.1901007446342534E-4,NO
1247,117,2.1901007446342534E-4,NO
1248,18,2.1901007446342534E-4,NO
1249,22,2.1901007446342534E-4,NO
1250,48,2.1901007446342534E-4,NO
1251,266,2.1901007446342534E-4,NO
1252,22,2.1901007446342534E-4,NO
1253,18,2.1901007446342534E-4,NO
1254,209,2.1901007446342534E-4,NO
1255,43,2.1901007446342534E-4,NO
1256,187,2.1901007446342534E-4,NO
1257,41,2.1901007446342534E-4,NO
1258,188,2.1901007446342534E-4,NO
1259,30,2.1901007446342534E-4,NO
1260,66,2.1901007446342534E-4,NO
1261,57,2.1901007446342534E-4,NO
