ID, Size, Predicted, Actual
0,198,3.3364838036096105E-7,NO
1,107,3.2508372173618566E-7,NO
2,69,3.223682451680534E-7,NO
3,70,3.223682451680534E-7,NO
4,30,3.197202197117465E-7,NO
5,553,3.671876194394003E-7,NO
6,685,3.7892532939134125E-7,NO
7,526,3.634581890698854E-7,NO
8,1473,5.029295590468175E-7,NO
9,1077,4.29876462205895E-7,NO
10,1320,4.6993893893046505E-7,NO
11,410,3.527919270645599E-7,NO
12,1296,4.6993893893046505E-7,NO
13,1318,4.6993893893046505E-7,NO
14,260,3.3664738980840585E-7,NO
15,113,3.2508372173618566E-7,NO
16,90,3.2508372173618566E-7,NO
17,313,3.4287053056892214E-7,NO
18,209,3.3364838036096105E-7,NO
19,3340,1.253370330608577E-6,NO
20,68,3.223682451680534E-7,NO
21,300,3.397209248146444E-7,NO
22,202,3.3364838036096105E-7,NO
23,389,3.4940436802213997E-7,NO
24,70,3.223682451680534E-7,NO
25,296,3.397209248146444E-7,NO
26,92,3.2508372173618566E-7,NO
27,192,3.307223963259421E-7,NO
28,66,3.223682451680534E-7,NO
29,463,3.562622143316018E-7,NO
30,169,3.307223963259421E-7,NO
31,384,3.4940436802213997E-7,NO
32,195,3.3364838036096105E-7,NO
33,1118,4.406523520328271E-7,NO
34,78,3.223682451680534E-7,NO
35,100,3.2508372173618566E-7,NO
36,104,3.2508372173618566E-7,NO
37,43,3.197202197117465E-7,NO
38,311,3.4287053056892214E-7,NO
39,834,4.004478454086663E-7,NO
40,57,3.223682451680534E-7,NO
41,259,3.3664738980840585E-7,NO
42,399,3.4940436802213997E-7,NO
43,233,3.3664738980840585E-7,NO
44,74,3.223682451680534E-7,NO
45,55,3.223682451680534E-7,NO
46,229,3.3364838036096105E-7,NO
47,373,3.4940436802213997E-7,NO
48,21,3.197202197117465E-7,NO
49,926,4.097968355244184E-7,NO
50,21,3.197202197117465E-7,NO
51,621,3.7491914570534953E-7,NO
52,37,3.197202197117465E-7,NO
53,35,3.197202197117465E-7,NO
54,32,3.197202197117465E-7,NO
55,83,3.223682451680534E-7,NO
56,458,3.562622143316018E-7,NO
57,54,3.223682451680534E-7,NO
58,92,3.2508372173618566E-7,NO
59,32,3.197202197117465E-7,NO
60,536,3.634581890698854E-7,NO
61,24,3.197202197117465E-7,NO
62,37,3.197202197117465E-7,NO
63,34,3.197202197117465E-7,NO
64,34,3.197202197117465E-7,NO
65,25,3.197202197117465E-7,NO
66,21,3.197202197117465E-7,NO
67,76,3.223682451680534E-7,NO
68,31,3.744557182993885E-6,NO
69,32,3.197202197117465E-7,NO
70,186,3.307223963259421E-7,NO
71,91,3.2508372173618566E-7,NO
72,356,3.4609779858416036E-7,NO
73,28,3.197202197117465E-7,NO
74,40,3.197202197117465E-7,NO
75,21,3.197202197117465E-7,NO
76,54,3.223682451680534E-7,NO
77,103,3.2508372173618566E-7,NO
78,76,3.223682451680534E-7,NO
79,29,3.197202197117465E-7,NO
80,47,3.197202197117465E-7,NO
81,132,3.2786798136196065E-7,NO
82,21,3.197202197117465E-7,NO
83,41,3.197202197117465E-7,NO
84,43,3.197202197117465E-7,NO
85,34,3.197202197117465E-7,NO
86,21,3.197202197117465E-7,NO
87,98,3.2508372173618566E-7,NO
88,61,3.223682451680534E-7,NO
89,124,3.2786798136196065E-7,NO
90,89,3.2508372173618566E-7,NO
91,374,3.4940436802213997E-7,NO
92,133,3.2786798136196065E-7,NO
93,750,3.872292185446913E-7,NO
94,164,3.307223963259421E-7,NO
95,103,3.2508372173618566E-7,NO
96,361,3.4609779858416036E-7,NO
97,21,3.197202197117465E-7,NO
98,128,3.2786798136196065E-7,NO
99,175,3.307223963259421E-7,NO
100,37,3.197202197117465E-7,NO
101,60,3.223682451680534E-7,NO
102,21,3.197202197117465E-7,NO
103,41,3.197202197117465E-7,NO
104,183,3.307223963259421E-7,NO
105,57,3.223682451680534E-7,NO
106,60,3.223682451680534E-7,NO
107,34,3.197202197117465E-7,NO
108,21,3.197202197117465E-7,NO
109,76,3.223682451680534E-7,NO
110,73,3.223682451680534E-7,NO
111,58,3.223682451680534E-7,NO
112,54,3.223682451680534E-7,NO
113,24,3.197202197117465E-7,NO
114,21,3.197202197117465E-7,NO
115,519,3.634581890698854E-7,NO
116,43,3.197202197117465E-7,NO
117,33,3.197202197117465E-7,NO
118,36,3.197202197117465E-7,NO
119,38,3.197202197117465E-7,NO
120,28,3.197202197117465E-7,NO
121,34,3.197202197117465E-7,NO
122,36,3.197202197117465E-7,NO
123,34,3.197202197117465E-7,NO
124,95,3.2508372173618566E-7,NO
125,126,3.2786798136196065E-7,NO
126,38,3.197202197117465E-7,NO
127,1336,4.7622582919404914E-7,NO
128,133,3.2786798136196065E-7,NO
129,21,3.197202197117465E-7,NO
130,228,3.3364838036096105E-7,NO
131,72,3.223682451680534E-7,NO
132,42,3.197202197117465E-7,NO
133,162,3.307223963259421E-7,NO
134,87,3.223682451680534E-7,NO
135,33,3.197202197117465E-7,NO
136,34,3.197202197117465E-7,NO
137,46,3.197202197117465E-7,NO
138,21,3.197202197117465E-7,NO
139,400,3.4940436802213997E-7,NO
140,39,3.197202197117465E-7,NO
141,225,3.3364838036096105E-7,NO
142,51,3.197202197117465E-7,NO
143,66,3.223682451680534E-7,NO
144,184,3.307223963259421E-7,NO
145,51,3.197202197117465E-7,NO
146,120,3.2508372173618566E-7,NO
147,69,3.223682451680534E-7,NO
148,21,3.197202197117465E-7,NO
149,180,3.307223963259421E-7,NO
150,211,3.3364838036096105E-7,NO
151,61,3.223682451680534E-7,NO
152,21,3.197202197117465E-7,NO
153,113,3.2508372173618566E-7,NO
154,66,3.223682451680534E-7,NO
155,72,3.223682451680534E-7,NO
156,74,3.223682451680534E-7,NO
157,33,3.197202197117465E-7,NO
158,21,3.197202197117465E-7,NO
159,24,3.197202197117465E-7,NO
160,63,3.223682451680534E-7,NO
161,58,3.223682451680534E-7,NO
162,45,3.197202197117465E-7,NO
163,84,3.223682451680534E-7,NO
164,1526,5.100147708897592E-7,NO
165,21,3.197202197117465E-7,NO
166,46,3.197202197117465E-7,NO
167,46,3.197202197117465E-7,NO
168,51,3.197202197117465E-7,NO
169,38,3.197202197117465E-7,NO
170,40,3.197202197117465E-7,NO
171,109,3.2508372173618566E-7,NO
172,172,3.307223963259421E-7,NO
173,51,3.197202197117465E-7,NO
174,60,3.223682451680534E-7,NO
175,42,3.197202197117465E-7,NO
176,59,3.223682451680534E-7,NO
177,120,3.2508372173618566E-7,NO
178,151,3.2786798136196065E-7,NO
179,2679,8.753764352634359E-7,NO
180,243,3.3664738980840585E-7,NO
181,21,3.197202197117465E-7,NO
182,102,3.2508372173618566E-7,NO
183,56,3.223682451680534E-7,NO
184,65,3.223682451680534E-7,NO
185,227,3.3364838036096105E-7,NO
186,134,3.2786798136196065E-7,NO
187,502,3.598170203496605E-7,NO
188,179,3.307223963259421E-7,NO
189,131,3.2786798136196065E-7,NO
190,241,3.3664738980840585E-7,NO
191,480,3.598170203496605E-7,NO
192,47,3.197202197117465E-7,NO
193,83,3.223682451680534E-7,NO
194,115,3.2508372173618566E-7,NO
195,56,3.223682451680534E-7,NO
196,31,3.197202197117465E-7,NO
197,100,3.2508372173618566E-7,NO
198,31,3.197202197117465E-7,NO
199,39,3.197202197117465E-7,NO
200,97,3.2508372173618566E-7,NO
201,569,3.671876194394003E-7,NO
202,21,3.197202197117465E-7,NO
203,45,3.197202197117465E-7,NO
204,63,3.223682451680534E-7,NO
205,103,3.2508372173618566E-7,NO
206,66,3.223682451680534E-7,NO
207,194,3.307223963259421E-7,NO
208,40,3.197202197117465E-7,NO
209,212,3.3364838036096105E-7,NO
210,559,3.671876194394003E-7,NO
211,145,3.2786798136196065E-7,NO
212,207,3.3364838036096105E-7,NO
213,336,3.4287053056892214E-7,NO
214,350,3.4609779858416036E-7,NO
215,588,3.7100726702701863E-7,NO
216,2109,6.60956100054548E-7,NO
217,1278,4.6379998778766575E-7,NO
218,426,3.527919270645599E-7,NO
219,481,3.598170203496605E-7,NO
220,794,3.915313885925187E-7,NO
221,88,3.223682451680534E-7,NO
222,307,3.4287053056892214E-7,NO
223,62,3.223682451680534E-7,NO
224,212,3.3364838036096105E-7,NO
225,105,3.2508372173618566E-7,NO
226,345,3.4609779858416036E-7,NO
227,81,3.223682451680534E-7,NO
228,257,3.3664738980840585E-7,NO
229,408,3.527919270645599E-7,NO
230,169,3.307223963259421E-7,NO
231,106,3.2508372173618566E-7,NO
232,162,3.307223963259421E-7,NO
233,245,3.3664738980840585E-7,NO
234,322,3.4287053056892214E-7,NO
235,169,3.307223963259421E-7,NO
236,166,3.307223963259421E-7,NO
237,370,3.4609779858416036E-7,NO
238,202,3.3364838036096105E-7,NO
239,419,3.527919270645599E-7,NO
240,254,3.3664738980840585E-7,NO
241,349,3.4609779858416036E-7,NO
242,205,3.3364838036096105E-7,NO
243,437,3.527919270645599E-7,NO
244,95,3.2508372173618566E-7,NO
245,53,3.197202197117465E-7,NO
246,154,3.2786798136196065E-7,NO
247,177,3.307223963259421E-7,NO
248,149,3.2786798136196065E-7,NO
249,177,3.307223963259421E-7,NO
250,375,3.4940436802213997E-7,NO
251,310,3.4287053056892214E-7,NO
252,67,3.223682451680534E-7,NO
253,46,3.197202197117465E-7,NO
254,157,3.830477548818875E-6,NO
255,101,3.24278986759214E-7,NO
256,261,3.358140293284865E-7,NO
257,65,3.215702322695027E-7,NO
258,160,3.2990370298419923E-7,NO
259,115,3.24278986759214E-7,NO
260,74,3.215702322695027E-7,NO
261,733,3.862706443186849E-7,NO
262,186,3.2990370298419923E-7,NO
263,447,3.553802979612641E-7,NO
264,59,3.215702322695027E-7,NO
265,319,3.4202176489664397E-7,NO
266,204,3.328224438361837E-7,NO
267,60,3.215702322695027E-7,NO
268,835,3.9945654888447914E-7,NO
269,1175,4.451302547613768E-7,NO
270,220,3.328224438361837E-7,NO
271,63,3.215702322695027E-7,NO
272,194,3.2990370298419923E-7,NO
273,283,3.38879955893913E-7,NO
274,199,3.328224438361837E-7,NO
275,124,3.270563540362702E-7,NO
276,96,3.24278986759214E-7,NO
277,82,3.215702322695027E-7,NO
278,99,3.24278986759214E-7,NO
279,128,3.270563540362702E-7,NO
280,227,3.328224438361837E-7,NO
281,53,3.189287619185063E-7,NO
282,273,3.38879955893913E-7,NO
283,71,3.215702322695027E-7,NO
284,91,3.24278986759214E-7,NO
285,205,3.328224438361837E-7,NO
286,42,3.189287619185063E-7,NO
287,126,3.270563540362702E-7,NO
288,97,3.24278986759214E-7,NO
289,86,3.215702322695027E-7,NO
290,78,3.215702322695027E-7,NO
