ID, Size, Predicted, Actual
0,212,3.5048601524913215E-4,NO
1,274,0.0013990020770167355,NO
2,461,0.9998597466056763,YES
3,138,4.672055209979382E-4,NO
4,358,2.0033790782952E-4,NO
5,93,0.769172672348113,NO
6,1371,4.672055209979382E-4,YES
7,51,1.1688329302920809E-4,NO
8,45,0.4000112221602812,NO
9,157,4.672055209979382E-4,NO
10,31,1.0018902557453109E-4,NO
11,1708,0.9998597466056763,YES
12,55,1.753044493824856E-4,NO
13,204,7.004810129003261E-4,NO
14,55,1.753044493824856E-4,NO
15,103,2.0033790782952E-4,NO
16,34,1.1688329302920809E-4,NO
17,83,0.5263119038218145,NO
18,488,0.0013990020770167355,NO
19,83,0.5263119038218145,NO
20,129,2.0033790782952E-4,NO
21,885,0.9998597466056763,YES
22,440,0.0013990020770167355,NO
23,40,2.3371195201327296E-4,NO
24,391,0.9998597466056763,YES
25,393,4.672055209979382E-4,NO
26,51,1.1688329302920809E-4,NO
27,709,0.9998597466056763,YES
28,32,1.4025339432361487E-4,NO
29,68,2.3371195201327296E-4,YES
30,564,0.0013990020770167355,YES
31,588,0.0013990020770167355,NO
32,381,0.0013990020770167355,YES
33,977,0.9998597466056763,YES
34,275,0.0013990020770167355,NO
35,31,1.0018902557453109E-4,NO
36,50,7.013653404877388E-5,NO
37,27,4.250933935989058E-5,NO
38,183,0.0013990020770167355,NO
39,50,7.013653404877388E-5,NO
40,62,7.013653404877388E-5,NO
41,87,3.5048601524913215E-4,NO
42,52,3.5048601524913215E-4,NO
43,419,0.0013990020770167355,NO
44,224,0.0013990020770167355,NO
45,118,7.004810129003261E-4,YES
46,83,0.5263119038218145,NO
47,147,1.558322479147465E-4,NO
48,120,0.0013990020770167355,NO
49,58,0.37038384015346015,NO
50,44,1.558322479147465E-4,NO
51,106,0.4166764080796942,NO
52,238,7.004810129003261E-4,NO
53,43,1.1688329302920809E-4,NO
54,195,0.9998597466056763,YES
55,189,4.672055209979382E-4,NO
56,151,2.3371195201327296E-4,NO
57,364,0.9998597466056763,NO
58,910,0.9998597466056763,NO
59,911,0.9998597466056763,NO
60,43,1.1688329302920809E-4,NO
61,325,0.9998597466056763,NO
62,27,4.250933935989058E-5,NO
63,55,1.753044493824856E-4,NO
64,93,3.5048601524913215E-4,NO
65,191,1.753044493824856E-4,NO
66,90,1.0018902557453109E-4,NO
67,89,1.1688329302920809E-4,NO
68,273,0.0013990020770167355,NO
69,153,0.6249780831016973,NO
70,92,0.9998597466056763,YES
71,82,3.5048601524913215E-4,NO
72,148,0.5,NO
73,433,0.9998597466056763,YES
74,1231,0.9998597466056763,YES
75,528,0.9998597466056763,YES
76,205,0.9998597466056763,YES
77,190,0.0013990020770167355,NO
78,86,1.2750633723903089E-4,NO
79,213,3.5048601524913215E-4,NO
80,408,4.672055209979382E-4,NO
81,572,0.0013990020770167355,NO
82,132,1.0018902557453109E-4,NO
83,168,2.8042812665397566E-4,NO
84,107,0.9999298634659513,YES
85,85,1.4025339432361487E-4,NO
86,107,3.5048601524913215E-4,NO
87,250,0.0013990020770167355,NO
88,237,7.004810129003261E-4,NO
89,622,0.9998597466056763,YES
90,47,5.009953221057945E-5,NO
91,1487,0.9998597466056763,YES
92,27,4.250933935989058E-5,NO
93,89,1.1688329302920809E-4,NO
94,481,0.9998597466056763,YES
95,227,0.9998597466056763,YES
96,166,7.004810129003261E-4,NO
97,92,0.37038384015346015,YES
98,476,3.5048601524913215E-4,NO
99,93,3.5048601524913215E-4,YES
100,244,3.5048601524913215E-4,NO
101,204,7.004810129003261E-4,NO
102,252,4.672055209979382E-4,NO
103,119,7.004810129003261E-4,NO
104,733,4.672055209979382E-4,NO
105,630,0.9999298634659513,NO
106,69,0.5263119038218145,NO
107,77,7.382738552534739E-5,NO
108,97,2.8042812665397566E-4,NO
109,380,3.5048601524913215E-4,NO
110,214,1.753044493824856E-4,NO
111,38,0.5,NO
112,79,2.0033790782952E-4,NO
113,25,2.0033790782952E-4,NO
114,84,0.4000112221602812,NO
115,34,1.1688329302920809E-4,NO
116,33,2.0033790782952E-4,NO
117,104,1.4025339432361487E-4,NO
118,193,4.672055209979382E-4,NO
119,70,1.1688329302920809E-4,NO
120,140,2.8042812665397566E-4,NO
121,22,2.3371195201327296E-4,NO
122,156,2.0033790782952E-4,NO
123,142,7.004810129003261E-4,NO
124,100,1.753044493824856E-4,YES
125,153,0.6249780831016973,NO
126,31,1.0018902557453109E-4,NO
127,340,0.0013990020770167355,NO
128,61,2.8042812665397566E-4,NO
129,61,2.8042812665397566E-4,NO
130,877,0.9998597466056763,NO
131,62,7.013653404877388E-5,NO
132,186,2.8042812665397566E-4,NO
133,264,7.004810129003261E-4,NO
134,42,8.766759321039926E-5,NO
135,248,3.5048601524913215E-4,NO
136,358,0.0013990020770167355,NO
137,199,0.0013990020770167355,NO
138,330,0.9998597466056763,NO
139,346,4.672055209979382E-4,NO
140,89,0.0013990020770167355,NO
141,193,7.004810129003261E-4,NO
142,406,0.9998597466056763,NO
143,82,3.5048601524913215E-4,NO
144,53,1.4025339432361487E-4,NO
145,148,0.5,NO
146,4774,0.9998597466056763,NO
147,4088,3.5048601524913215E-4,NO
148,93,0.0013990020770167355,NO
149,78,0.8332554111379805,NO
150,74,0.6249780831016973,NO
151,978,0.9998597466056763,NO
152,37,7.79282676945042E-5,NO
153,59,0.0013990020770167355,NO
154,135,0.0013990020770167355,NO
155,165,0.9998597466056763,NO
156,47,5.009953221057945E-5,NO
157,101,0.4166764080796942,NO
158,103,0.0013990020770167355,NO
159,154,0.9998597466056763,YES
160,556,4.672055209979382E-4,NO
161,386,0.9998597466056763,NO
162,296,0.9998597466056763,YES
163,135,4.672055209979382E-4,NO
164,56,8.766759321039926E-5,NO
165,78,0.9089865857240771,NO
166,35,0.9089865857240771,NO
167,467,0.0013990020770167355,YES
168,174,2.3371195201327296E-4,NO
169,148,0.5,NO
170,88,0.8332943676812231,NO
171,52,0.9998597466056763,YES
172,39,8.251152697296187E-5,NO
173,208,0.0013990020770167355,NO
174,77,7.382738552534739E-5,NO
175,666,4.672055209979382E-4,NO
176,146,0.9998597466056763,YES
177,302,0.9998597466056763,YES
178,54,1.0018902557453109E-4,NO
179,87,0.0013990020770167355,NO
180,119,7.004810129003261E-4,NO
181,200,3.5048601524913215E-4,NO
182,152,2.0033790782952E-4,NO
183,39,8.251152697296187E-5,NO
184,677,7.004810129003261E-4,NO
185,131,2.8042812665397566E-4,NO
186,47,5.009953221057945E-5,NO
187,100,1.753044493824856E-4,NO
188,43,1.1688329302920809E-4,NO
189,73,3.5048601524913215E-4,NO
190,257,7.004810129003261E-4,NO
191,62,7.013653404877388E-5,NO
192,45,0.4000112221602812,NO
193,41,4.672055209979382E-4,NO
194,47,2.3371195201327296E-4,NO
195,55,3.5048601524913215E-4,NO
196,1046,0.0013990020770167355,NO
197,133,0.9998597466056763,NO
198,147,0.0013990020770167355,NO
199,147,0.9998597466056763,YES
200,77,0.9998597466056763,YES
201,99,2.8042812665397566E-4,NO
202,53,1.4025339432361487E-4,NO
203,95,0.0013990020770167355,NO
204,77,0.9998597466056763,YES
205,69,0.5263119038218145,NO
206,69,0.5263119038218145,NO
207,77,7.382738552534739E-5,NO
208,80,0.9998597466056763,NO
209,72,6.67971452769517E-5,NO
210,63,0.35715717129491725,NO
211,50,7.013653404877388E-5,NO
212,28,1.0789421064705966E-4,NO
213,108,0.0013990020770167355,NO
214,40,2.3371195201327296E-4,NO
215,76,1.2750633723903089E-4,NO
216,64,0.0013990020770167355,NO
217,63,0.35715717129491725,NO
218,55,1.753044493824856E-4,NO
219,45,0.4000112221602812,NO
220,476,3.5048601524913215E-4,NO
221,77,7.382738552534739E-5,NO
222,69,0.5263119038218145,NO
223,104,1.4025339432361487E-4,NO
224,115,4.672055209979382E-4,NO
225,421,4.672055209979382E-4,NO
226,61,2.8042812665397566E-4,NO
227,2009,4.672055209979382E-4,NO
228,179,2.0033790782952E-4,NO
229,106,0.4166764080796942,NO
230,33,2.0033790782952E-4,NO
231,657,4.672055209979382E-4,NO
232,295,4.672055209979382E-4,NO
233,872,4.672055209979382E-4,NO
234,444,4.672055209979382E-4,NO
235,168,2.8042812665397566E-4,NO
236,752,4.672055209979382E-4,NO
237,135,4.672055209979382E-4,NO
238,1126,4.672055209979382E-4,NO
239,163,2.3371195201327296E-4,NO
240,184,4.672055209979382E-4,NO
241,51,1.1688329302920809E-4,NO
242,25,2.0033790782952E-4,NO
243,180,2.3371195201327296E-4,NO
244,64,8.766759321039926E-5,NO
245,101,0.4166764080796942,NO
246,512,4.672055209979382E-4,NO
247,187,4.672055209979382E-4,NO
248,56,8.766759321039926E-5,NO
249,39,8.251152697296187E-5,NO
250,261,4.672055209979382E-4,NO
251,73,3.5048601524913215E-4,NO
252,65,4.672055209979382E-4,NO
253,329,4.672055209979382E-4,NO
254,64,8.766759321039926E-5,NO
255,164,4.672055209979382E-4,NO
256,624,2.0033790782952E-4,NO
257,74,0.21740854153569436,NO
258,117,1.4025339432361487E-4,NO
259,84,0.4000112221602812,NO
260,226,4.672055209979382E-4,NO
261,76,1.2750633723903089E-4,NO
262,323,4.672055209979382E-4,NO
263,72,6.67971452769517E-5,NO
264,42,8.766759321039926E-5,NO
265,48,7.79282676945042E-5,NO
266,89,1.1688329302920809E-4,NO
267,380,3.5048601524913215E-4,NO
268,141,4.672055209979382E-4,NO
269,148,0.5,NO
270,191,1.753044493824856E-4,NO
271,46,2.3371195201327296E-4,NO
272,165,2.8042812665397566E-4,NO
273,171,3.5048601524913215E-4,NO
274,56,8.766759321039926E-5,NO
275,179,2.0033790782952E-4,NO
276,74,0.21740854153569436,NO
277,36,1.4025339432361487E-4,NO
278,37,7.79282676945042E-5,NO
279,34,1.1688329302920809E-4,NO
280,34,1.1688329302920809E-4,NO
281,38,0.5,NO
282,39,8.251152697296187E-5,NO
283,156,2.0033790782952E-4,NO
284,84,0.4000112221602812,NO
285,117,1.4025339432361487E-4,NO
286,94,0.6896368243647606,NO
287,71,2.8042812665397566E-4,NO
288,183,1.0018902557453109E-4,NO
289,85,1.4025339432361487E-4,NO
290,183,1.0018902557453109E-4,NO
291,70,1.1688329302920809E-4,NO
292,54,1.0018902557453109E-4,NO
293,160,0.7142427761318966,NO
294,128,7.004810129003261E-4,NO
295,151,2.3371195201327296E-4,NO
296,422,0.6666354963312089,NO
297,221,4.672055209979382E-4,NO
298,50,7.013653404877388E-5,NO
299,42,8.766759321039926E-5,NO
300,624,2.0033790782952E-4,NO
301,377,3.5048601524913215E-4,NO
302,382,7.004810129003261E-4,NO
303,72,6.67971452769517E-5,NO
304,92,0.37038384015346015,NO
305,282,4.672055209979382E-4,NO
306,371,3.5048601524913215E-4,NO
307,47,5.009953221057945E-5,NO
308,108,0.7999663335191565,NO
309,111,1.4025339432361487E-4,NO
310,319,0.7142427761318966,NO
311,129,2.0033790782952E-4,NO
312,49,9.351100637311022E-5,NO
313,358,2.0033790782952E-4,NO
314,277,3.5048601524913215E-4,NO
315,49,9.351100637311022E-5,NO
316,89,1.1688329302920809E-4,NO
317,41,2.0033790782952E-4,NO
318,66,1.558322479147465E-4,NO
319,63,0.35715717129491725,NO
320,24,3.5048601524913215E-4,NO
321,50,7.013653404877388E-5,NO
322,72,6.67971452769517E-5,NO
323,47,5.009953221057945E-5,NO
324,47,5.009953221057945E-5,NO
325,183,1.0018902557453109E-4,NO
326,49,9.351100637311022E-5,NO
327,50,7.013653404877388E-5,NO
328,98,0.4347905638356134,NO
329,143,2.8042812665397566E-4,NO
330,43,1.1688329302920809E-4,NO
331,42,8.766759321039926E-5,NO
332,56,8.766759321039926E-5,NO
333,44,1.558322479147465E-4,NO
334,26,3.5048601524913215E-4,NO
335,254,3.5048601524913215E-4,NO
336,16883,3.5048601524913215E-4,NO
337,74,0.21740854153569436,NO
338,153,0.6249780831016973,NO
339,68,2.3371195201327296E-4,NO
340,100,1.753044493824856E-4,NO
341,550,4.672055209979382E-4,NO
342,437,3.5048601524913215E-4,NO
343,1038,4.672055209979382E-4,NO
344,104,1.4025339432361487E-4,NO
345,332,4.672055209979382E-4,NO
346,123,1.558322479147465E-4,NO
347,106,0.4166764080796942,NO
348,105,0.8332943676812232,NO
349,94,0.6896368243647606,NO
350,101,0.4166764080796942,NO
351,38,0.5,NO
352,666,4.672055209979382E-4,NO
353,32,1.4025339432361487E-4,NO
354,111,1.4025339432361487E-4,NO
355,35,1.2750633723903089E-4,NO
356,90,1.0018902557453109E-4,NO
357,27,4.250933935989058E-5,NO
358,28,1.0789421064705966E-4,NO
359,92,0.37038384015346015,NO
360,979,7.004810129003261E-4,NO
361,67,2.8042812665397566E-4,NO
362,29,2.3371195201327296E-4,NO
363,105,0.8332943676812232,NO
364,72,6.67971452769517E-5,NO
365,37,7.79282676945042E-5,NO
366,47,5.009953221057945E-5,NO
367,31,1.0018902557453109E-4,NO
368,90,1.0018902557453109E-4,NO
369,223,3.5048601524913215E-4,NO
370,214,1.753044493824856E-4,NO
371,107,3.5048601524913215E-4,NO
372,37,7.79282676945042E-5,NO
373,27,4.250933935989058E-5,NO
374,48,7.79282676945042E-5,NO
375,167,4.672055209979382E-4,NO
376,213,3.5048601524913215E-4,NO
377,867,3.5048601524913215E-4,NO
378,159,3.5048601524913215E-4,NO
379,100,1.753044493824856E-4,NO
380,96,0.6666354963312089,NO
381,842,4.672055209979382E-4,NO
382,535,7.004810129003261E-4,NO
383,83,0.5263119038218145,NO
384,63,0.35715717129491725,NO
385,76,1.2750633723903089E-4,NO
386,202,3.5048601524913215E-4,NO
387,155,4.672055209979382E-4,NO
388,1263,4.672055209979382E-4,NO
389,74,0.21740854153569436,NO
390,101,0.4166764080796942,NO
391,27,4.250933935989058E-5,NO
392,22,2.3371195201327296E-4,NO
393,491,4.672055209979382E-4,NO
394,62,7.013653404877388E-5,NO
395,59,3.5048601524913215E-4,NO
396,99,2.8042812665397566E-4,NO
397,27,4.250933935989058E-5,NO
398,77,7.382738552534739E-5,NO
399,863,7.004810129003261E-4,NO
400,64,8.766759321039926E-5,NO
401,45,0.4000112221602812,NO
402,63,0.35715717129491725,NO
403,54,1.0018902557453109E-4,NO
404,64,8.766759321039926E-5,NO
405,132,1.0018902557453109E-4,NO
406,182,0.769172672348113,NO
407,70,1.1688329302920809E-4,NO
408,36,1.4025339432361487E-4,NO
409,58,0.37038384015346015,NO
410,62,7.013653404877388E-5,NO
411,132,1.0018902557453109E-4,NO
412,74,0.21740854153569436,NO
413,86,1.2750633723903089E-4,NO
414,74,0.21740854153569436,NO
415,48,7.79282676945042E-5,NO
416,74,0.21740854153569436,NO
417,86,1.2750633723903089E-4,NO
418,355,2.8042812665397566E-4,NO
419,53,1.4025339432361487E-4,NO
420,804,4.672055209979382E-4,NO
421,75,3.5048601524913215E-4,NO
422,125,2.8042812665397566E-4,NO
423,200,3.5048601524913215E-4,NO
424,134,3.5048601524913215E-4,NO
425,57,2.0033790782952E-4,NO
426,123,1.558322479147465E-4,NO
427,314,0.0013990020770167355,NO
428,162,0.7142427761318966,NO
429,137,0.8332554111379805,NO
430,124,0.0013990020770167355,NO
431,359,2.0033790782952E-4,NO
432,151,2.3371195201327296E-4,NO
433,107,3.5048601524913215E-4,NO
434,28,1.0789421064705966E-4,NO
435,58,0.37038384015346015,NO
436,470,3.5048601524913215E-4,NO
437,347,4.672055209979382E-4,NO
438,103,2.0033790782952E-4,NO
439,35,1.2750633723903089E-4,NO
440,98,0.4347905638356134,NO
441,117,1.4025339432361487E-4,NO
