ID, Size, Predicted, Actual
0,212,5.37345513164965E-4,NO
1,274,1.7924359204158448E-4,NO
2,461,5.37345513164965E-4,YES
3,138,0.4999999999999999,NO
4,358,1.0756157900397977E-4,NO
5,1272,0.9994626544868349,YES
6,51,4.889736443205711E-5,NO
7,45,0.06252941571976063,NO
8,157,2.688172043010752E-4,NO
9,31,4.137531548678058E-5,NO
10,1406,0.9994626544868349,YES
11,55,7.683442182097579E-5,NO
12,204,5.37345513164965E-4,NO
13,55,7.683442182097579E-5,NO
14,103,8.963786303334528E-5,NO
15,34,5.378657487091222E-5,NO
16,83,0.22225542341480903,NO
17,285,5.37345513164965E-4,NO
18,83,0.22225542341480903,NO
19,129,8.963786303334528E-5,NO
20,867,2.688172043010752E-4,YES
21,380,1.7924359204158448E-4,NO
22,40,1.0756157900397977E-4,NO
23,387,5.37345513164965E-4,YES
24,390,5.37345513164965E-4,NO
25,51,4.889736443205711E-5,NO
26,637,2.688172043010752E-4,YES
27,32,0.10004302925989673,NO
28,68,1.3444474321054045E-4,YES
29,547,2.688172043010752E-4,YES
30,566,5.37345513164965E-4,NO
31,314,0.9994626544868349,YES
32,907,5.37345513164965E-4,YES
33,275,5.37345513164965E-4,NO
34,31,4.137531548678058E-5,NO
35,50,2.9882859191967487E-5,NO
36,27,1.7351772483559196E-5,NO
37,175,1.3444474321054045E-4,NO
38,50,2.9882859191967487E-5,NO
39,62,2.9882859191967487E-5,NO
40,87,2.688172043010752E-4,NO
41,52,1.7924359204158448E-4,NO
42,373,1.3444474321054045E-4,NO
43,224,1.7924359204158448E-4,NO
44,118,5.37345513164965E-4,YES
45,83,5.37345513164965E-4,NO
46,147,5.9762146656307895E-5,NO
47,58,0.06669774446874888,NO
48,44,5.9762146656307895E-5,NO
49,106,0.08337068579112505,NO
50,238,5.37345513164965E-4,NO
51,43,0.07695808680541188,NO
52,185,2.688172043010752E-4,YES
53,189,2.688172043010752E-4,NO
54,151,1.0756157900397977E-4,NO
55,364,0.9994626544868349,YES
56,910,0.9994626544868349,YES
57,889,0.9994626544868349,YES
58,43,0.07695808680541188,NO
59,325,0.9994626544868349,YES
60,27,1.7351772483559196E-5,NO
61,55,7.683442182097579E-5,NO
62,93,0.9994626544868349,NO
63,191,7.683442182097579E-5,NO
64,90,0.07695808680541188,NO
65,89,0.9994626544868349,NO
66,272,0.9994626544868349,YES
67,152,0.9994626544868349,NO
68,90,0.07695808680541188,YES
69,82,2.688172043010752E-4,NO
70,148,0.9994626544868349,NO
71,421,0.9994626544868349,YES
72,1190,0.9994626544868349,YES
73,528,5.37345513164965E-4,YES
74,205,0.9994626544868349,YES
75,190,5.9762146656307895E-5,NO
76,86,7.683442182097579E-5,NO
77,212,0.9994626544868349,YES
78,404,0.9994626544868349,YES
79,572,5.37345513164965E-4,NO
80,132,0.9997311827956986,YES
81,168,0.9994626544868349,NO
82,109,6.72314105149926E-5,YES
83,85,6.72314105149926E-5,NO
84,107,1.7924359204158448E-4,NO
85,237,5.37345513164965E-4,NO
86,511,1.7924359204158448E-4,YES
87,47,2.151601867590421E-5,NO
88,1328,0.9994626544868349,YES
89,27,1.7351772483559196E-5,NO
90,89,5.378657487091222E-5,NO
91,482,0.9994626544868349,YES
92,226,0.9994626544868349,YES
93,166,5.37345513164965E-4,NO
94,92,5.37345513164965E-4,NO
95,476,1.7924359204158448E-4,NO
96,93,5.37345513164965E-4,NO
97,244,1.7924359204158448E-4,NO
98,204,5.37345513164965E-4,NO
99,252,2.688172043010752E-4,NO
100,119,0.9994626544868349,YES
101,733,1.7924359204158448E-4,NO
102,630,0.9994626544868349,YES
103,69,0.11115759278073269,NO
104,77,0.1052855080259321,NO
105,97,1.7924359204158448E-4,NO
106,380,1.7924359204158448E-4,NO
107,214,7.683442182097579E-5,NO
108,38,0.11115759278073269,NO
109,79,7.683442182097579E-5,NO
110,25,7.683442182097579E-5,NO
111,84,0.06252941571976063,NO
112,34,5.378657487091222E-5,NO
113,33,7.683442182097579E-5,NO
114,104,5.9762146656307895E-5,NO
115,193,0.9994626544868349,NO
116,70,4.889736443205711E-5,NO
117,140,1.0756157900397977E-4,NO
118,22,8.963786303334528E-5,NO
119,156,8.963786303334528E-5,NO
120,142,2.688172043010752E-4,NO
121,100,7.683442182097579E-5,NO
122,152,8.963786303334528E-5,NO
123,31,4.137531548678058E-5,NO
124,60,0.11115759278073269,NO
125,60,0.11115759278073269,NO
126,876,2.688172043010752E-4,NO
127,61,1.0756157900397977E-4,NO
128,185,2.688172043010752E-4,NO
129,264,2.688172043010752E-4,NO
130,43,0.07695808680541188,NO
131,248,1.7924359204158448E-4,NO
132,361,0.9994626544868349,YES
133,199,1.3444474321054045E-4,NO
134,194,5.37345513164965E-4,NO
135,346,2.688172043010752E-4,NO
136,91,5.37345513164965E-4,NO
137,335,0.9994626544868349,YES
138,370,0.9994626544868349,NO
139,82,5.37345513164965E-4,NO
140,53,5.9762146656307895E-5,NO
141,148,0.9994626544868349,NO
142,4088,1.7924359204158448E-4,NO
143,88,6.72314105149926E-5,NO
144,878,0.9994626544868349,YES
145,37,2.9882859191967487E-5,NO
146,48,3.3617965440731524E-5,NO
147,47,2.151601867590421E-5,NO
148,101,0.08337068579112505,NO
149,556,0.9994626544868349,YES
150,360,0.9994626544868349,YES
151,284,0.9994626544868349,YES
152,135,5.37345513164965E-4,NO
153,56,0.06669774446874888,NO
154,78,0.9994626544868349,YES
155,409,0.9994626544868349,YES
156,174,1.3444474321054045E-4,NO
157,148,0.25003361570525745,NO
158,88,5.37345513164965E-4,NO
159,45,0.06252941571976063,YES
160,39,3.3617965440731524E-5,NO
161,182,0.4999999999999999,NO
162,77,0.1052855080259321,NO
163,666,2.688172043010752E-4,NO
164,104,5.37345513164965E-4,YES
165,263,2.688172043010752E-4,YES
166,54,4.137531548678058E-5,NO
167,76,5.378657487091222E-5,NO
168,119,0.9994626544868349,NO
169,200,5.37345513164965E-4,YES
170,152,8.963786303334528E-5,NO
171,39,3.3617965440731524E-5,NO
172,677,2.688172043010752E-4,NO
173,131,1.3444474321054045E-4,NO
174,47,2.151601867590421E-5,NO
175,100,5.37345513164965E-4,NO
176,43,0.07695808680541188,NO
177,73,1.3444474321054045E-4,NO
178,257,5.37345513164965E-4,NO
179,356,2.688172043010752E-4,NO
180,62,2.9882859191967487E-5,NO
181,45,0.06252941571976063,NO
182,97,1.7924359204158448E-4,NO
183,131,1.3444474321054045E-4,YES
184,68,1.3444474321054045E-4,YES
185,99,1.0756157900397977E-4,NO
186,53,5.9762146656307895E-5,NO
187,81,0.6666069188026527,NO
188,78,0.6666069188026527,YES
189,69,0.11115759278073269,NO
190,69,0.11115759278073269,NO
191,77,0.1052855080259321,NO
192,72,2.689473401108063E-5,NO
193,72,2.689473401108063E-5,NO
194,63,0.05558211809705953,NO
195,50,2.9882859191967487E-5,NO
196,28,4.137531548678058E-5,NO
197,96,0.20006453694740237,NO
198,40,1.0756157900397977E-4,NO
199,76,5.378657487091222E-5,NO
200,49,3.585900240255316E-5,NO
201,63,0.05558211809705953,NO
202,55,7.683442182097579E-5,NO
203,45,0.06252941571976063,NO
204,476,1.7924359204158448E-4,NO
205,77,0.1052855080259321,NO
206,69,0.11115759278073269,NO
207,104,5.9762146656307895E-5,NO
208,115,1.7924359204158448E-4,NO
209,421,1.7924359204158448E-4,NO
210,61,1.0756157900397977E-4,NO
211,2009,2.688172043010752E-4,NO
212,179,8.963786303334528E-5,NO
213,106,0.08337068579112505,NO
214,33,7.683442182097579E-5,NO
215,657,1.7924359204158448E-4,NO
216,295,1.7924359204158448E-4,NO
217,872,1.7924359204158448E-4,NO
218,444,1.7924359204158448E-4,NO
219,168,0.16672642524202222,NO
220,752,1.7924359204158448E-4,NO
221,135,1.7924359204158448E-4,NO
222,1126,1.7924359204158448E-4,NO
223,163,8.963786303334528E-5,NO
224,184,1.7924359204158448E-4,NO
225,51,4.889736443205711E-5,NO
226,25,7.683442182097579E-5,NO
227,180,8.963786303334528E-5,NO
228,64,0.06669774446874888,NO
229,101,0.08337068579112505,NO
230,512,1.7924359204158448E-4,NO
231,187,1.7924359204158448E-4,NO
232,56,0.06669774446874888,NO
233,39,3.3617965440731524E-5,NO
234,261,1.7924359204158448E-4,NO
235,73,1.3444474321054045E-4,NO
236,65,1.7924359204158448E-4,NO
237,329,1.7924359204158448E-4,NO
238,64,0.06669774446874888,NO
239,164,1.7924359204158448E-4,NO
240,624,8.963786303334528E-5,NO
241,74,1.630018419208137E-5,NO
242,117,0.11115759278073269,NO
243,84,0.06252941571976063,NO
244,226,2.688172043010752E-4,NO
245,76,5.378657487091222E-5,NO
246,323,1.7924359204158448E-4,NO
247,72,2.689473401108063E-5,NO
248,42,3.585900240255316E-5,NO
249,48,3.3617965440731524E-5,NO
250,89,5.378657487091222E-5,NO
251,380,1.7924359204158448E-4,NO
252,141,2.688172043010752E-4,NO
253,148,0.25003361570525745,NO
254,191,7.683442182097579E-5,NO
255,46,1.0756157900397977E-4,NO
256,165,1.3444474321054045E-4,NO
257,171,1.7924359204158448E-4,NO
258,56,0.06669774446874888,NO
259,179,8.963786303334528E-5,NO
260,74,1.630018419208137E-5,NO
261,36,6.72314105149926E-5,NO
262,37,2.9882859191967487E-5,NO
263,34,5.378657487091222E-5,NO
264,34,5.378657487091222E-5,NO
265,38,0.11115759278073269,NO
266,39,3.3617965440731524E-5,NO
267,156,8.963786303334528E-5,NO
268,84,0.06252941571976063,NO
269,117,0.11115759278073269,NO
270,94,0.2307915097852621,NO
271,71,1.3444474321054045E-4,NO
272,183,4.889736443205711E-5,NO
273,85,6.72314105149926E-5,NO
274,183,4.889736443205711E-5,NO
275,70,4.889736443205711E-5,NO
276,54,4.137531548678058E-5,NO
277,160,8.963786303334528E-5,NO
278,128,5.37345513164965E-4,NO
279,151,1.0756157900397977E-4,NO
280,422,1.3444474321054045E-4,NO
281,221,2.688172043010752E-4,NO
282,50,2.9882859191967487E-5,NO
283,42,3.585900240255316E-5,NO
284,624,8.963786303334528E-5,NO
285,377,1.7924359204158448E-4,NO
286,382,5.37345513164965E-4,NO
287,72,2.689473401108063E-5,NO
288,92,0.06669774446874888,NO
289,282,2.688172043010752E-4,NO
290,371,1.3444474321054045E-4,NO
291,47,2.151601867590421E-5,NO
292,108,7.683442182097579E-5,NO
293,111,5.378657487091222E-5,NO
294,319,1.3444474321054045E-4,NO
295,129,8.963786303334528E-5,NO
296,49,3.585900240255316E-5,NO
297,358,1.0756157900397977E-4,NO
298,277,1.7924359204158448E-4,NO
299,49,3.585900240255316E-5,NO
300,89,5.378657487091222E-5,NO
301,41,6.72314105149926E-5,NO
302,66,6.72314105149926E-5,NO
303,63,0.05558211809705953,NO
304,24,1.3444474321054045E-4,NO
305,50,2.9882859191967487E-5,NO
306,72,2.689473401108063E-5,NO
307,47,2.151601867590421E-5,NO
308,47,2.151601867590421E-5,NO
309,183,4.889736443205711E-5,NO
310,49,3.585900240255316E-5,NO
311,50,2.9882859191967487E-5,NO
312,98,0.08337068579112505,NO
313,143,1.3444474321054045E-4,NO
314,43,0.07695808680541188,NO
315,42,3.585900240255316E-5,NO
316,56,0.06669774446874888,NO
317,44,5.9762146656307895E-5,NO
318,26,1.3444474321054045E-4,NO
319,254,1.7924359204158448E-4,NO
320,16883,1.7924359204158448E-4,NO
321,74,1.630018419208137E-5,NO
322,153,0.16672642524202222,NO
323,68,1.3444474321054045E-4,NO
324,100,7.683442182097579E-5,NO
325,550,2.688172043010752E-4,NO
326,437,1.7924359204158448E-4,NO
327,1038,2.688172043010752E-4,NO
328,104,5.9762146656307895E-5,NO
329,332,2.688172043010752E-4,NO
330,123,6.72314105149926E-5,NO
331,106,0.08337068579112505,NO
332,105,0.9994626544868349,NO
333,94,0.2307915097852621,NO
334,101,0.08337068579112505,NO
335,38,0.11115759278073269,NO
336,666,0.9994626544868349,YES
337,32,0.10004302925989673,NO
338,111,5.378657487091222E-5,NO
339,35,0.10004302925989673,NO
340,90,0.07695808680541188,NO
341,27,1.7351772483559196E-5,NO
342,28,4.137531548678058E-5,NO
343,92,0.06669774446874888,NO
344,979,5.37345513164965E-4,NO
345,67,1.0756157900397977E-4,NO
346,29,1.0756157900397977E-4,NO
347,105,0.33336321262101104,NO
348,72,2.689473401108063E-5,NO
349,37,2.9882859191967487E-5,NO
350,47,2.151601867590421E-5,NO
351,31,4.137531548678058E-5,NO
352,90,0.07695808680541188,NO
353,223,1.7924359204158448E-4,NO
354,214,7.683442182097579E-5,NO
355,107,1.7924359204158448E-4,NO
356,37,2.9882859191967487E-5,NO
357,27,1.7351772483559196E-5,NO
358,48,3.3617965440731524E-5,NO
359,167,2.688172043010752E-4,NO
360,213,1.7924359204158448E-4,NO
361,867,2.688172043010752E-4,NO
362,159,1.7924359204158448E-4,NO
363,100,7.683442182097579E-5,NO
364,96,0.20006453694740237,NO
365,842,2.688172043010752E-4,NO
366,535,5.37345513164965E-4,NO
367,83,0.22225542341480903,NO
368,63,0.05558211809705953,NO
369,76,5.378657487091222E-5,NO
370,202,1.7924359204158448E-4,NO
371,155,2.688172043010752E-4,NO
372,1263,2.688172043010752E-4,NO
373,74,1.630018419208137E-5,NO
374,101,0.08337068579112505,NO
375,27,1.7351772483559196E-5,NO
376,22,8.963786303334528E-5,NO
377,491,2.688172043010752E-4,NO
378,62,2.9882859191967487E-5,NO
379,59,1.7924359204158448E-4,NO
380,99,1.0756157900397977E-4,NO
381,27,1.7351772483559196E-5,NO
382,77,0.1052855080259321,NO
383,863,5.37345513164965E-4,NO
384,64,0.06669774446874888,NO
385,45,0.06252941571976063,NO
386,63,0.05558211809705953,NO
387,54,4.137531548678058E-5,NO
388,64,0.06669774446874888,NO
389,132,4.889736443205711E-5,NO
390,182,0.4999999999999999,NO
391,70,4.889736443205711E-5,NO
392,36,6.72314105149926E-5,NO
393,58,0.06669774446874888,NO
394,62,2.9882859191967487E-5,NO
395,132,4.889736443205711E-5,NO
396,74,1.630018419208137E-5,NO
397,86,7.683442182097579E-5,NO
398,74,1.630018419208137E-5,NO
399,48,3.3617965440731524E-5,NO
400,74,1.630018419208137E-5,NO
401,86,7.683442182097579E-5,NO
402,355,1.7924359204158448E-4,NO
403,53,5.9762146656307895E-5,NO
404,804,2.688172043010752E-4,NO
405,75,1.7924359204158448E-4,NO
406,125,1.3444474321054045E-4,NO
407,200,1.7924359204158448E-4,NO
408,134,1.7924359204158448E-4,NO
409,57,8.963786303334528E-5,NO
410,123,6.72314105149926E-5,NO
411,314,0.9994626544868349,YES
412,162,0.16672642524202222,NO
413,137,5.37345513164965E-4,YES
414,124,0.9994626544868349,YES
415,359,0.9994626544868349,YES
416,151,5.37345513164965E-4,YES
417,107,0.9997311827956986,YES
418,28,4.137531548678058E-5,NO
419,58,0.06669774446874888,NO
420,470,0.9994626544868349,YES
421,347,0.9994626544868349,YES
422,103,8.963786303334528E-5,NO
423,35,0.10004302925989673,NO
424,98,0.08337068579112505,NO
425,117,0.11115759278073269,NO
