ID, Size, Predicted, Actual
0,227,0.11670246755755756,NO
1,276,0.11739863266760685,NO
2,460,0.12324402053579404,NO
3,138,0.11388112858580617,NO
4,355,0.11992427633178109,NO
5,23,0.11047567852446996,NO
6,48,0.10344981226448534,NO
7,59,0.1032940319443543,NO
8,79,0.10400721310674053,NO
9,67,0.10313836726125632,NO
10,49,0.10298281838788807,NO
11,40,0.10228638481298785,NO
12,20,0.10228638481298785,NO
13,42,0.10228638481298785,NO
14,36,0.10213188337582824,NO
15,31,0.10197749775770777,NO
16,30,0.10197749775770777,NO
17,71,0.10267206875837098,NO
18,57,0.10267206875837098,NO
19,20,0.10197749775770777,NO
20,89,0.10306926883358367,NO
21,60,0.1023617844263171,NO
22,102,0.1036348576789229,NO
23,20,0.1015150375072015,NO
24,93,0.1029133533047289,NO
25,59,0.10205196675360026,NO
26,111,0.10347809304989063,NO
27,20,0.1012073128566639,NO
28,31,0.1077655467146121,NO
29,109,0.11178171293926972,NO
30,44,0.10690587916593715,NO
31,72,0.1067475996077878,NO
32,99,0.11084896980491993,NO
33,103,0.1116191868246726,NO
34,20,0.10602871563411784,NO
35,137,0.9928551087877581,YES
36,1699,0.18689718045688114,NO
37,45,0.09776426040382787,NO
38,200,0.1120489998040151,NO
39,2582,0.23768563967301817,NO
40,55,0.09151227615126466,NO
41,204,0.10493449928125363,NO
42,59,0.10127947306496471,NO
43,102,0.09251044177556059,NO
44,34,0.09045016908313658,NO
45,83,0.09171162950522822,NO
46,114,0.10903361852634519,NO
47,60,0.09092841636218638,NO
48,512,0.10254119865552323,NO
49,87,0.10105155525771879,NO
50,130,0.10160614653438105,NO
51,37,0.09952321567822843,NO
52,101,0.08894658939919896,NO
53,1185,0.15183944261425542,NO
54,455,0.11662195612205378,NO
55,40,0.08531589556569483,NO
56,518,0.12278274335966836,NO
57,382,0.11520521859636144,NO
58,49,0.084922984824424,NO
59,585,0.0973545916593463,NO
60,32,0.08350347577238514,NO
61,73,0.08453681737714984,NO
62,633,0.1219493134428464,NO
63,681,0.1288615421758358,NO
64,470,0.12061045971461909,NO
65,1015,0.1433884742038252,NO
66,278,0.10699036008763146,NO
67,31,0.08021661780054104,NO
68,36,0.10028694802404987,NO
69,58,0.10501393712884056,NO
70,172,0.11042772050484836,NO
71,86,0.10668726616783686,NO
72,162,0.11140541199414229,NO
73,53,0.07848055560559421,NO
74,415,0.11731648126093103,NO
75,200,0.10653165188108807,NO
76,264,0.10489903025391768,NO
77,166,0.11075317144679409,NO
78,38,0.09322682268523917,NO
79,117,0.10871241014459887,NO
80,85,0.09437387730359206,NO
81,66,0.0770161496371045,NO
82,60,0.09357178859266076,NO
83,37,0.07634888892350272,NO
84,233,0.10379861700768205,NO
85,37,0.07621756842093916,NO
86,239,0.08006896965674058,NO
87,40,0.07608638529836473,NO
88,208,0.11024951845767793,NO
89,189,0.1019712745434272,NO
90,22,0.0916137335273664,NO
91,262,0.10078064705714174,NO
92,489,0.11602660257105694,NO
93,1418,0.10350929644984301,NO
94,1376,0.15880497105393782,NO
95,66,0.1042304423394801,NO
96,438,0.11346965259114862,NO
97,430,0.11144651159086884,NO
98,35,0.06308736935406424,NO
99,53,0.06353579940372088,NO
100,197,0.10637140337098776,NO
101,108,0.09519190633176754,NO
102,237,0.09801141225237257,NO
103,119,0.06387023796938678,NO
104,334,0.10945173406944118,NO
105,161,0.10087937211131627,NO
106,136,0.08690005739175183,NO
107,281,0.06601405713627838,NO
108,203,0.10130672774280265,NO
109,97,0.062124826490693,NO
110,107,0.10191694819599863,NO
111,148,0.06281142473167262,NO
112,462,0.10357463785152532,NO
113,1856,0.11331191057527441,NO
114,245,0.06201931063365409,NO
115,634,0.11891920431413013,NO
116,214,0.060618855534064514,NO
117,259,0.06133935828281183,NO
118,90,0.058496338735902695,NO
119,93,0.09229967460485092,NO
120,337,0.10378221085347905,NO
121,149,0.09846147957030493,NO
122,611,0.0666742953721121,NO
123,115,0.09251044177556059,NO
124,193,0.9868164595505884,YES
125,815,0.9890639300174107,YES
126,591,0.10398609983585434,NO
127,141,0.09228595651869703,NO
128,179,0.09825276565797653,NO
129,606,0.9879034741295567,YES
130,141,0.05551271488120354,NO
131,42,0.08929475579954448,NO
132,42,0.07940701247765435,NO
133,85,0.08039190286150319,NO
134,69,0.0897668470272855,NO
135,471,0.08877758311802302,NO
136,106,0.08055933418994522,NO
137,250,0.08362390395526838,NO
138,162,0.09763998160704628,NO
139,24,0.05073578995453666,NO
140,56,0.05110121257498764,NO
141,51,0.051000285249774714,NO
142,22,0.05063554584326867,NO
143,24,0.05063554584326867,NO
144,488,0.0872951419082604,NO
145,1624,0.1780953374262842,NO
146,47,0.04940454329876483,NO
147,2307,0.1138890750032467,NO
148,85,0.04694566744096822,NO
149,50,0.046603407984146694,NO
150,44,0.046603407984146694,NO
151,52,0.046508900607989644,NO
152,41,0.04617471940535286,NO
153,48,0.046508900607989644,NO
154,110,0.04710393778733387,NO
155,69,0.04632030075911649,NO
156,20,0.0453361487412761,NO
157,213,0.04722550377106408,NO
158,542,0.051940843450822914,NO
159,233,0.04692232958975009,NO
160,134,0.04574907226339018,NO
161,104,0.0746831612809204,NO
162,121,0.09669932714015012,NO
163,39,0.07272405620123615,NO
164,41,0.04378241239264714,NO
165,248,0.09613503110263019,NO
166,215,0.045514799801037883,NO
167,269,0.0892418623886533,NO
168,165,0.04460675199948698,NO
169,277,0.07693341098511379,NO
170,100,0.04342660598314817,NO
171,358,0.0910600269350144,NO
172,29,0.07183482909894263,NO
173,339,0.09091049449987608,NO
174,719,0.10149319280483568,NO
175,141,0.09228595651869703,NO
176,801,0.12000795409269646,NO
177,77,0.0412193266491732,NO
178,97,0.04113279630696153,NO
179,380,0.04435056587286533,NO
180,214,0.04214112085058406,NO
181,38,0.040280795589801584,NO
182,79,0.040874013412099716,NO
183,25,0.040280795589801584,NO
184,84,0.040788021554366116,NO
185,34,0.040195999456228336,NO
186,33,0.040195999456228336,NO
187,104,0.041093929662130706,NO
188,193,0.04196417725640412,NO
189,70,0.04031837298541249,NO
190,140,0.04123251185730868,NO
191,22,0.040026805413926725,NO
192,158,0.07186417325699557,NO
193,142,0.04105898496928569,NO
194,109,0.07133865612603423,NO
195,158,0.98083454234349,YES
196,31,0.03969000792648675,NO
197,344,0.043062727509221604,NO
198,71,0.9803053118935576,YES
199,84,0.98041067503371,YES
200,79,0.9801115343876072,YES
201,881,0.9843152850737482,YES
202,64,0.03872633782119495,NO
203,199,0.04022495300797642,NO
204,261,0.9807438795117654,YES
205,155,0.07059478855167765,NO
206,42,0.03820053089820598,NO
207,405,0.11088690605783993,NO
208,248,0.04043843943678274,NO
209,541,0.11399309917527202,NO
210,28,0.0373111773393455,NO
211,452,0.11456560358722291,NO
212,474,0.041730046106048156,NO
213,379,0.04039665598074094,NO
214,83,0.0682105961023872,NO
215,393,0.10951207010928672,NO
216,458,0.04023133249879461,NO
217,248,0.10282933332853963,NO
218,28,0.03123724579693708,NO
219,69,0.06353579940372088,NO
220,116,0.06281355440041866,NO
221,100,0.09054170635853498,NO
222,46,0.06179404235575372,NO
223,226,0.03073296558196032,NO
224,79,0.062009216111438344,NO
225,93,0.07689916005291178,NO
226,2156,0.21748565589194893,NO
227,41,0.02769776218143962,NO
228,64,0.027902131540116185,NO
229,149,0.08575952278309594,NO
230,334,0.09516523546850277,NO
231,114,0.08500068323727179,NO
232,66,0.027646556889336343,NO
233,38,0.027317818980280826,NO
234,46,0.06008433573419885,NO
235,101,0.02766181102770441,NO
236,111,0.06096380223288007,NO
237,156,0.07681771147373982,NO
238,113,0.08471902369000792,NO
239,770,0.11763224834789567,NO
240,392,0.08984582795942643,NO
241,330,0.026989793998958855,NO
242,139,0.0256510310932013,NO
243,59,0.025073304986438814,NO
244,78,0.025202349761501406,NO
245,49,0.05785458867793558,NO
246,511,0.09932062599438721,NO
247,42,0.024540167381080037,NO
248,75,0.0738876065118011,NO
249,219,0.07654522732468629,NO
250,103,0.07429237957202402,NO
251,158,0.07483790188423604,NO
252,190,0.059592478275884084,NO
253,88,0.024732058879468374,NO
254,248,0.060415381595941335,NO
255,276,0.060415381595941335,NO
256,60,0.022913390836408185,NO
257,35,0.02274470659613842,NO
258,63,0.022913390836408185,NO
259,79,0.023030731774835785,NO
260,174,0.02357044456968388,NO
261,148,0.0233306908973438,NO
262,34,0.022581959934305396,NO
263,35,0.022581959934305396,NO
264,45,0.022695034284090955,NO
265,293,0.02411561002702388,NO
266,57,0.06994600417281352,NO
267,39,0.02010372434975642,NO
268,57,0.02025322788811557,NO
269,277,0.05638691958803426,NO
270,468,0.0225088168696548,NO
271,75,0.020207138328733082,NO
272,666,0.023805972891519932,NO
273,53,0.05273520553568941,NO
274,145,0.02027003818664766,NO
275,53,0.019762401092310936,NO
276,397,0.02162882416464784,NO
277,54,0.019568816349497774,NO
278,104,0.019867784499664434,NO
279,119,0.019818911058273464,NO
280,514,0.10076305601487165,NO
281,152,0.053285050910342774,NO
282,95,0.0193791237295528,NO
283,415,0.020998752991658234,NO
284,131,0.01928777729784147,NO
285,45,0.01899736786197485,NO
286,156,0.052867918807395914,NO
287,166,0.019494569723004396,NO
288,43,0.018717276601845127,NO
289,74,0.018999213882331386,NO
290,302,0.07282760631865892,NO
291,494,0.05808596473389014,NO
292,421,0.056377869677626605,NO
293,723,0.06203941068792943,NO
294,550,0.05843793166539999,NO
295,493,0.05729357140683701,NO
296,416,0.05571638837469663,NO
297,359,0.01934530607579852,NO
298,66,0.017540268926247465,NO
299,62,0.050197925406032184,NO
300,45,0.017540268926247465,NO
301,41,0.017366753677587977,NO
302,47,0.017496266856390802,NO
303,55,0.017452356163259165,NO
304,1456,0.02796936008070013,NO
305,187,0.05120486257219993,NO
306,163,0.017640195785490028,NO
307,142,0.08964318253340756,NO
308,73,0.049865667969045555,NO
309,108,0.0779888086706945,NO
310,20,0.04885501920225014,NO
311,60,0.07661965718191084,NO
312,84,0.07716451678476541,NO
313,82,0.08369809766583661,NO
314,86,0.08822675331052303,NO
315,67,0.016593129385554014,NO
316,20,0.04875742418898722,NO
317,60,0.01630082860070004,NO
318,88,0.07689916005291178,NO
319,47,0.0487176801916085,NO
320,76,0.04907466779663871,NO
321,21,0.048368433295722116,NO
322,53,0.016218105423982585,NO
323,114,0.04934058681048418,NO
324,121,0.07732068495302005,NO
325,78,0.01629949968221772,NO
326,20,0.04827153261484953,NO
327,69,0.048620115581518394,NO
328,80,0.048878322693118925,NO
329,79,0.06650300593714333,NO
330,81,0.016216687976337102,NO
331,88,0.06650300593714333,NO
332,20,0.04817477065054947,NO
333,105,0.06698830632940499,NO
334,60,0.0762244073446218,NO
335,50,0.01601282551174079,NO
336,28,0.01589411561836865,NO
337,129,0.06698830632940499,NO
338,43,0.04807814735197937,NO
339,76,0.01609312767195549,NO
340,63,0.01597203043246818,NO
341,65,0.06590794200747754,NO
342,76,0.048682538772964745,NO
343,45,0.015931322016361358,NO
344,20,0.047885316546514935,NO
345,126,7.179504802703705E-4,NO
