ID, Size, Predicted, Actual
0,227,0.9997113997113998,YES
1,276,0.9997113997113998,YES
2,460,0.9997113997113998,YES
3,138,0.3333654123760947,NO
4,355,0.9997113997113998,YES
5,23,1.443418013856813E-4,NO
6,31,1.443418013856813E-4,NO
7,109,2.886002886002886E-4,NO
8,44,1.443418013856813E-4,NO
9,72,1.443418013856813E-4,NO
10,99,2.886002886002886E-4,NO
11,103,2.886002886002886E-4,NO
12,20,1.443418013856813E-4,NO
13,135,0.3333654123760947,YES
14,1699,0.9997113997113998,YES
15,45,7.218131947451999E-5,NO
16,200,0.9997113997113998,NO
17,2583,0.9997113997113998,YES
18,55,7.218131947451999E-5,NO
19,204,0.9997113997113998,NO
20,59,7.218131947451999E-5,NO
21,102,7.218131947451999E-5,NO
22,34,9.6237128284092E-5,NO
23,83,9.6237128284092E-5,NO
24,114,0.9997113997113998,YES
25,60,7.218131947451999E-5,NO
26,512,1.443418013856813E-4,NO
27,87,9.6237128284092E-5,NO
28,130,9.6237128284092E-5,NO
29,37,7.218131947451999E-5,NO
30,101,7.218131947451999E-5,NO
31,1185,0.9997113997113998,YES
32,455,0.9997113997113998,YES
33,40,4.1249020335767024E-5,NO
34,518,0.9997113997113998,YES
35,382,0.9997113997113998,YES
36,49,4.1249020335767024E-5,NO
37,586,0.9997113997113998,YES
38,32,3.60932649967516E-5,NO
39,73,7.218131947451999E-5,NO
40,633,1.443418013856813E-4,NO
41,681,0.9997113997113998,YES
42,470,0.9997113997113998,YES
43,1015,0.9997113997113998,YES
44,278,0.9997113997113998,NO
45,31,7.218131947451999E-5,NO
46,36,9.6237128284092E-5,NO
47,58,0.9997113997113998,YES
48,172,0.9997113997113998,YES
49,86,3.60932649967516E-5,NO
50,162,0.9997113997113998,NO
51,53,4.1249020335767024E-5,NO
52,415,1.443418013856813E-4,NO
53,200,0.9997113997113998,NO
54,264,0.9997113997113998,NO
55,166,0.9997113997113998,YES
56,38,7.218131947451999E-5,NO
57,117,9.6237128284092E-5,NO
58,85,7.218131947451999E-5,NO
59,66,0.25003609065973725,NO
60,60,7.218131947451999E-5,NO
61,37,3.60932649967516E-5,NO
62,233,0.9997113997113998,NO
63,37,9.6237128284092E-5,NO
64,239,9.6237128284092E-5,NO
65,40,9.6237128284092E-5,NO
66,208,0.9997113997113998,YES
67,189,0.9997113997113998,NO
68,22,9.6237128284092E-5,NO
69,262,2.886002886002886E-4,NO
70,489,1.443418013856813E-4,NO
71,1417,2.886002886002886E-4,NO
72,1376,0.9997113997113998,YES
73,66,3.60932649967516E-5,NO
74,438,0.9997113997113998,YES
75,430,0.9997113997113998,YES
76,35,5.774672287347693E-5,NO
77,53,3.60932649967516E-5,NO
78,197,0.9997113997113998,NO
79,108,2.886002886002886E-4,NO
80,237,2.886002886002886E-4,NO
81,119,0.3333654123760947,NO
82,334,1.443418013856813E-4,NO
83,161,2.886002886002886E-4,NO
84,136,2.886002886002886E-4,NO
85,281,0.9997113997113998,NO
86,203,2.886002886002886E-4,NO
87,97,2.886002886002886E-4,NO
88,107,9.6237128284092E-5,NO
89,148,9.6237128284092E-5,NO
90,462,0.9997113997113998,NO
91,1856,0.9997113997113998,YES
92,245,0.9997113997113998,YES
93,634,0.9997113997113998,YES
94,214,0.9997113997113998,YES
95,258,0.9997113997113998,NO
96,70,2.886002886002886E-4,NO
97,93,7.218131947451999E-5,NO
98,337,9.6237128284092E-5,NO
99,149,0.9997113997113998,NO
100,585,1.443418013856813E-4,NO
101,115,5.774672287347693E-5,NO
102,192,0.9997113997113998,YES
103,704,0.9997113997113998,YES
104,591,2.886002886002886E-4,NO
105,141,0.3333654123760947,NO
106,179,0.9997113997113998,YES
107,602,0.9997113997113998,YES
108,141,2.886002886002886E-4,NO
109,42,0.3333654123760947,NO
110,42,3.208315954955244E-5,NO
111,85,3.208315954955244E-5,NO
112,69,0.3333654123760947,NO
113,471,1.443418013856813E-4,NO
114,106,3.208315954955244E-5,NO
115,250,1.443418013856813E-4,NO
116,162,1.443418013856813E-4,NO
117,24,5.774672287347693E-5,NO
118,56,5.774672287347693E-5,NO
119,51,5.774672287347693E-5,NO
120,22,5.774672287347693E-5,NO
121,24,5.774672287347693E-5,NO
122,492,0.9997113997113998,YES
123,1624,0.9997113997113998,YES
124,47,5.774672287347693E-5,NO
125,2258,0.9997113997113998,YES
126,85,4.812319538017324E-5,NO
127,50,3.60932649967516E-5,NO
128,44,3.60932649967516E-5,NO
129,52,3.60932649967516E-5,NO
130,41,3.60932649967516E-5,NO
131,48,3.60932649967516E-5,NO
132,213,2.886002886002886E-4,NO
133,543,0.9997113997113998,YES
134,233,2.886002886002886E-4,NO
135,134,0.9997113997113998,NO
136,104,1.443418013856813E-4,NO
137,121,0.9997113997113998,YES
138,39,9.6237128284092E-5,NO
139,41,2.886002886002886E-4,NO
140,248,0.9997113997113998,YES
141,215,2.886002886002886E-4,NO
142,269,5.774672287347693E-5,NO
143,165,1.443418013856813E-4,NO
144,277,0.9997113997113998,NO
145,100,4.1249020335767024E-5,NO
146,358,2.886002886002886E-4,NO
147,29,3.60932649967516E-5,NO
148,339,2.886002886002886E-4,NO
149,719,0.9997113997113998,NO
150,141,7.218131947451999E-5,NO
151,801,0.9997113997113998,YES
152,69,4.812319538017324E-5,NO
153,77,4.1249020335767024E-5,NO
154,97,5.774672287347693E-5,NO
155,380,9.6237128284092E-5,NO
156,214,4.1249020335767024E-5,NO
157,38,9.6237128284092E-5,NO
158,79,4.1249020335767024E-5,NO
159,25,4.1249020335767024E-5,NO
160,84,4.1249020335767024E-5,NO
161,34,4.1249020335767024E-5,NO
162,33,4.1249020335767024E-5,NO
163,104,4.1249020335767024E-5,NO
164,193,0.9997113997113998,YES
165,70,4.1249020335767024E-5,NO
166,140,4.1249020335767024E-5,NO
167,22,9.6237128284092E-5,NO
168,158,0.9997113997113998,YES
169,142,1.443418013856813E-4,NO
170,109,0.9997113997113998,NO
171,152,9.6237128284092E-5,YES
172,31,5.774672287347693E-5,NO
173,344,1.443418013856813E-4,NO
174,60,9.6237128284092E-5,YES
175,85,0.3333654123760947,YES
176,78,1.443418013856813E-4,YES
177,880,1.443418013856813E-4,YES
178,64,1.443418013856813E-4,NO
179,199,1.443418013856813E-4,NO
180,264,1.443418013856813E-4,YES
181,155,2.886002886002886E-4,NO
182,42,1.443418013856813E-4,NO
183,405,0.9997113997113998,YES
184,248,4.1249020335767024E-5,NO
185,541,2.886002886002886E-4,NO
186,28,0.3333654123760947,NO
187,452,0.9997113997113998,YES
188,474,1.443418013856813E-4,NO
189,379,0.9997113997113998,YES
190,83,2.886002886002886E-4,NO
191,393,1.443418013856813E-4,NO
192,439,0.9997113997113998,YES
193,248,1.443418013856813E-4,NO
194,13253,4.812319538017324E-5,NO
195,28,2.886002886002886E-4,NO
196,69,9.6237128284092E-5,NO
197,6303,0.9997113997113998,NO
198,116,9.6237128284092E-5,NO
199,100,7.218131947451999E-5,NO
200,46,9.6237128284092E-5,NO
201,226,1.443418013856813E-4,NO
202,79,9.6237128284092E-5,NO
203,93,1.443418013856813E-4,NO
204,2156,0.9997113997113998,YES
205,41,9.6237128284092E-5,NO
206,64,1.443418013856813E-4,NO
207,149,2.886002886002886E-4,NO
208,334,4.812319538017324E-5,NO
209,114,0.25003609065973725,NO
210,66,5.774672287347693E-5,NO
211,38,5.774672287347693E-5,NO
212,46,4.812319538017324E-5,NO
213,101,5.774672287347693E-5,NO
214,111,1.443418013856813E-4,NO
215,156,1.443418013856813E-4,NO
216,113,0.25003609065973725,NO
217,770,0.9997113997113998,NO
218,392,0.9997113997113998,YES
219,314,0.9997113997113998,NO
220,139,0.9997113997113998,YES
221,59,4.1249020335767024E-5,NO
222,78,1.443418013856813E-4,NO
223,49,2.886002886002886E-4,NO
224,511,0.9997113997113998,NO
225,42,1.443418013856813E-4,NO
226,75,7.218131947451999E-5,NO
227,219,9.6237128284092E-5,NO
228,103,0.2000346480337241,NO
229,158,3.208315954955244E-5,NO
230,190,2.886002886002886E-4,NO
231,88,1.443418013856813E-4,NO
232,248,2.886002886002886E-4,NO
233,276,2.886002886002886E-4,NO
234,60,7.218131947451999E-5,NO
235,35,7.218131947451999E-5,NO
236,63,7.218131947451999E-5,NO
237,79,7.218131947451999E-5,NO
238,174,7.218131947451999E-5,NO
239,148,7.218131947451999E-5,NO
240,34,7.218131947451999E-5,NO
241,35,7.218131947451999E-5,NO
242,45,7.218131947451999E-5,NO
243,293,7.218131947451999E-5,NO
244,88,0.9997113997113998,YES
245,57,1.443418013856813E-4,NO
246,39,7.218131947451999E-5,NO
247,57,2.886002886002886E-4,NO
248,277,2.886002886002886E-4,NO
249,468,2.886002886002886E-4,NO
250,75,7.218131947451999E-5,NO
251,666,5.774672287347693E-5,NO
252,53,0.9997113997113998,YES
253,145,1.443418013856813E-4,NO
254,396,0.9997113997113998,YES
255,54,3.60932649967516E-5,NO
256,104,2.886002886002886E-4,NO
257,119,9.6237128284092E-5,NO
258,514,0.9997113997113998,YES
259,152,4.1249020335767024E-5,NO
260,95,4.1249020335767024E-5,NO
261,415,9.6237128284092E-5,NO
262,131,4.1249020335767024E-5,NO
263,45,3.60932649967516E-5,NO
264,156,9.6237128284092E-5,NO
265,166,0.9997113997113998,YES
266,43,3.60932649967516E-5,NO
267,74,0.9997113997113998,YES
268,302,0.9997113997113998,NO
269,494,2.886002886002886E-4,NO
270,421,2.886002886002886E-4,NO
271,723,5.774672287347693E-5,NO
272,550,2.886002886002886E-4,NO
273,493,2.886002886002886E-4,NO
274,416,2.886002886002886E-4,NO
275,359,9.6237128284092E-5,NO
276,62,4.812319538017324E-5,NO
277,45,4.1249020335767024E-5,NO
278,41,1.443418013856813E-4,NO
279,47,2.886002886002886E-4,NO
280,55,1.443418013856813E-4,NO
281,1456,2.886002886002886E-4,NO
282,187,9.6237128284092E-5,NO
283,163,2.886002886002886E-4,NO
284,142,9.6237128284092E-5,NO
285,73,1.443418013856813E-4,NO
286,108,0.9997113997113998,YES
287,20,3.208315954955244E-5,NO
288,60,1.443418013856813E-4,NO
289,84,0.5,NO
290,82,4.1249020335767024E-5,NO
291,86,0.9997113997113998,YES
292,67,1.443418013856813E-4,NO
293,20,3.208315954955244E-5,NO
294,60,0.9997113997113998,YES
295,88,0.9997113997113998,YES
296,47,0.9997113997113998,YES
297,76,0.9997113997113998,YES
298,21,3.208315954955244E-5,NO
299,53,7.218131947451999E-5,NO
300,114,0.9997113997113998,YES
301,121,0.9997113997113998,YES
302,78,0.9997113997113998,YES
303,20,3.208315954955244E-5,NO
304,69,2.886002886002886E-4,NO
305,80,2.886002886002886E-4,NO
306,79,1.443418013856813E-4,NO
307,81,0.9997113997113998,YES
308,88,0.9997113997113998,YES
309,20,3.208315954955244E-5,NO
310,105,0.9997113997113998,YES
311,60,0.9997113997113998,YES
312,50,7.218131947451999E-5,NO
313,28,7.218131947451999E-5,NO
314,129,0.9997113997113998,YES
315,43,3.208315954955244E-5,NO
316,76,7.218131947451999E-5,NO
317,63,7.218131947451999E-5,NO
318,65,3.208315954955244E-5,NO
319,76,0.9997113997113998,YES
320,45,7.218131947451999E-5,NO
321,20,3.208315954955244E-5,NO
