ID, Size, Predicted, Actual
0,198,3.15059861373661E-4,NO
1,107,3.15059861373661E-4,NO
2,69,4.5032873998018555E-5,NO
3,70,4.5032873998018555E-5,NO
4,30,4.5032873998018555E-5,NO
5,553,1.575795776867318E-4,NO
6,685,3.15059861373661E-4,NO
7,526,1.575795776867318E-4,NO
8,1473,3.15059861373661E-4,NO
9,1077,7.880220646178092E-5,NO
10,1320,3.15059861373661E-4,NO
11,410,3.15059861373661E-4,NO
12,1296,3.15059861373661E-4,NO
13,1318,3.15059861373661E-4,NO
14,260,0.9996849401386265,NO
15,113,3.15059861373661E-4,NO
16,90,3.15059861373661E-4,NO
17,313,3.15059861373661E-4,NO
18,209,3.15059861373661E-4,NO
19,3340,3.15059861373661E-4,NO
20,68,4.5032873998018555E-5,NO
21,300,0.9996849401386265,NO
22,202,3.15059861373661E-4,NO
23,389,3.15059861373661E-4,NO
24,70,4.5032873998018555E-5,NO
25,296,0.9996849401386265,NO
26,92,3.15059861373661E-4,NO
27,192,3.15059861373661E-4,NO
28,66,4.5032873998018555E-5,NO
29,463,3.15059861373661E-4,NO
30,169,3.15059861373661E-4,NO
31,384,3.15059861373661E-4,NO
32,195,3.15059861373661E-4,NO
33,1118,3.15059861373661E-4,NO
34,78,3.15059861373661E-4,NO
35,100,3.15059861373661E-4,NO
36,104,3.15059861373661E-4,NO
37,43,4.5032873998018555E-5,NO
38,311,3.15059861373661E-4,NO
39,834,3.15059861373661E-4,NO
40,57,4.5032873998018555E-5,NO
41,259,0.9996849401386265,NO
42,399,3.15059861373661E-4,NO
43,233,3.15059861373661E-4,NO
44,74,3.15059861373661E-4,NO
45,55,4.5032873998018555E-5,NO
46,229,3.15059861373661E-4,NO
47,373,3.15059861373661E-4,NO
48,21,4.5032873998018555E-5,NO
49,926,7.880220646178092E-5,NO
50,21,4.5032873998018555E-5,NO
51,621,1.575795776867318E-4,NO
52,37,4.5032873998018555E-5,NO
53,35,4.5032873998018555E-5,NO
54,32,4.5032873998018555E-5,NO
55,83,3.15059861373661E-4,NO
56,458,3.15059861373661E-4,NO
57,54,4.5032873998018555E-5,NO
58,92,3.15059861373661E-4,NO
59,32,4.5032873998018555E-5,NO
60,536,1.575795776867318E-4,NO
61,24,4.5032873998018555E-5,NO
62,37,4.5032873998018555E-5,NO
63,34,4.5032873998018555E-5,NO
64,34,4.5032873998018555E-5,NO
65,25,4.5032873998018555E-5,NO
66,21,4.5032873998018555E-5,NO
67,76,3.15059861373661E-4,NO
68,31,4.5032873998018555E-5,NO
69,32,4.5032873998018555E-5,NO
70,186,3.15059861373661E-4,NO
71,91,3.15059861373661E-4,NO
72,356,3.15059861373661E-4,NO
73,28,4.5032873998018555E-5,NO
74,40,4.5032873998018555E-5,NO
75,21,4.5032873998018555E-5,NO
76,54,4.5032873998018555E-5,NO
77,103,3.15059861373661E-4,NO
78,76,3.15059861373661E-4,NO
79,29,4.5032873998018555E-5,NO
80,47,4.5032873998018555E-5,NO
81,132,3.15059861373661E-4,NO
82,21,4.5032873998018555E-5,NO
83,41,4.5032873998018555E-5,NO
84,43,4.5032873998018555E-5,NO
85,34,4.5032873998018555E-5,NO
86,21,4.5032873998018555E-5,NO
87,98,3.15059861373661E-4,NO
88,61,4.5032873998018555E-5,NO
89,124,3.15059861373661E-4,NO
90,89,3.15059861373661E-4,NO
91,374,3.15059861373661E-4,NO
92,133,3.15059861373661E-4,NO
93,750,3.15059861373661E-4,NO
94,164,3.15059861373661E-4,NO
95,103,3.15059861373661E-4,NO
96,361,3.15059861373661E-4,NO
97,21,4.5032873998018555E-5,NO
98,128,3.15059861373661E-4,NO
99,175,3.15059861373661E-4,NO
100,37,4.5032873998018555E-5,NO
101,60,4.5032873998018555E-5,NO
102,21,4.5032873998018555E-5,NO
103,41,4.5032873998018555E-5,NO
104,183,3.15059861373661E-4,NO
105,57,4.5032873998018555E-5,NO
106,60,4.5032873998018555E-5,NO
107,34,4.5032873998018555E-5,NO
108,21,4.5032873998018555E-5,NO
109,76,3.15059861373661E-4,NO
110,73,3.15059861373661E-4,NO
111,58,4.5032873998018555E-5,NO
112,54,4.5032873998018555E-5,NO
113,24,4.5032873998018555E-5,NO
114,21,4.5032873998018555E-5,NO
115,519,1.575795776867318E-4,NO
116,43,4.5032873998018555E-5,NO
117,33,4.5032873998018555E-5,NO
118,36,4.5032873998018555E-5,NO
119,38,4.5032873998018555E-5,NO
120,28,4.5032873998018555E-5,NO
121,34,4.5032873998018555E-5,NO
122,36,4.5032873998018555E-5,NO
123,34,4.5032873998018555E-5,NO
124,95,3.15059861373661E-4,NO
125,126,3.15059861373661E-4,NO
126,38,4.5032873998018555E-5,NO
127,1336,3.15059861373661E-4,NO
128,133,3.15059861373661E-4,NO
129,21,4.5032873998018555E-5,NO
130,228,3.15059861373661E-4,NO
131,72,3.15059861373661E-4,NO
132,42,4.5032873998018555E-5,NO
133,162,3.15059861373661E-4,NO
134,87,3.15059861373661E-4,NO
135,33,4.5032873998018555E-5,NO
136,34,4.5032873998018555E-5,NO
137,46,4.5032873998018555E-5,NO
138,21,4.5032873998018555E-5,NO
139,400,3.15059861373661E-4,NO
140,39,4.5032873998018555E-5,NO
141,225,3.15059861373661E-4,NO
142,51,4.5032873998018555E-5,NO
143,66,4.5032873998018555E-5,NO
144,184,3.15059861373661E-4,NO
145,51,4.5032873998018555E-5,NO
146,120,3.15059861373661E-4,NO
147,69,4.5032873998018555E-5,NO
148,21,4.5032873998018555E-5,NO
149,180,3.15059861373661E-4,NO
150,211,3.15059861373661E-4,NO
151,61,4.5032873998018555E-5,NO
152,21,4.5032873998018555E-5,NO
153,113,3.15059861373661E-4,NO
154,66,4.5032873998018555E-5,NO
155,72,3.15059861373661E-4,NO
156,74,3.15059861373661E-4,NO
157,33,4.5032873998018555E-5,NO
158,21,4.5032873998018555E-5,NO
159,24,4.5032873998018555E-5,NO
160,63,4.5032873998018555E-5,NO
161,58,4.5032873998018555E-5,NO
162,45,4.5032873998018555E-5,NO
163,84,3.15059861373661E-4,NO
164,1526,3.15059861373661E-4,NO
165,21,4.5032873998018555E-5,NO
166,46,4.5032873998018555E-5,NO
167,46,4.5032873998018555E-5,NO
168,51,4.5032873998018555E-5,NO
169,38,4.5032873998018555E-5,NO
170,40,4.5032873998018555E-5,NO
171,109,3.15059861373661E-4,NO
172,172,3.15059861373661E-4,NO
173,51,4.5032873998018555E-5,NO
174,60,4.5032873998018555E-5,NO
175,42,4.5032873998018555E-5,NO
176,59,4.5032873998018555E-5,NO
177,120,3.15059861373661E-4,NO
178,151,3.15059861373661E-4,NO
179,2679,3.15059861373661E-4,NO
180,243,0.9996849401386265,NO
181,21,4.5032873998018555E-5,NO
182,102,3.15059861373661E-4,NO
183,56,4.5032873998018555E-5,NO
184,65,4.5032873998018555E-5,NO
185,227,3.15059861373661E-4,NO
186,134,3.15059861373661E-4,NO
187,502,1.575795776867318E-4,NO
188,179,3.15059861373661E-4,NO
189,131,3.15059861373661E-4,NO
190,241,0.9996849401386265,NO
191,480,1.575795776867318E-4,NO
192,47,4.5032873998018555E-5,NO
193,83,3.15059861373661E-4,NO
194,115,3.15059861373661E-4,NO
195,56,4.5032873998018555E-5,NO
196,31,4.5032873998018555E-5,NO
197,100,3.15059861373661E-4,NO
198,31,4.5032873998018555E-5,NO
199,39,4.5032873998018555E-5,NO
200,97,3.15059861373661E-4,NO
201,569,1.575795776867318E-4,NO
202,21,4.5032873998018555E-5,NO
203,45,4.5032873998018555E-5,NO
204,63,4.5032873998018555E-5,NO
205,103,3.15059861373661E-4,NO
206,66,4.5032873998018555E-5,NO
207,194,3.15059861373661E-4,NO
208,40,4.5032873998018555E-5,NO
209,212,3.15059861373661E-4,NO
210,559,1.575795776867318E-4,NO
211,145,3.15059861373661E-4,NO
212,207,3.15059861373661E-4,NO
213,336,3.15059861373661E-4,NO
214,350,3.15059861373661E-4,NO
215,588,1.575795776867318E-4,NO
216,2109,3.15059861373661E-4,NO
217,1278,3.15059861373661E-4,NO
218,426,3.15059861373661E-4,NO
219,481,1.575795776867318E-4,NO
220,794,3.15059861373661E-4,NO
221,88,3.15059861373661E-4,NO
222,307,3.15059861373661E-4,NO
223,62,4.5032873998018555E-5,NO
224,212,3.15059861373661E-4,NO
225,105,3.15059861373661E-4,NO
226,345,3.15059861373661E-4,NO
227,81,3.15059861373661E-4,NO
228,257,0.9996849401386265,NO
229,408,3.15059861373661E-4,NO
230,169,3.15059861373661E-4,NO
231,106,3.15059861373661E-4,NO
232,162,3.15059861373661E-4,NO
233,245,0.9996849401386265,NO
234,322,3.15059861373661E-4,NO
235,169,3.15059861373661E-4,NO
236,166,3.15059861373661E-4,NO
237,370,3.15059861373661E-4,NO
238,202,3.15059861373661E-4,NO
239,419,3.15059861373661E-4,NO
240,254,0.9996849401386265,NO
241,349,3.15059861373661E-4,NO
242,205,3.15059861373661E-4,NO
243,437,3.15059861373661E-4,NO
244,95,3.15059861373661E-4,NO
245,53,4.5032873998018555E-5,NO
246,154,3.15059861373661E-4,NO
247,177,3.15059861373661E-4,NO
248,149,3.15059861373661E-4,NO
249,177,3.15059861373661E-4,NO
250,375,3.15059861373661E-4,NO
251,310,3.15059861373661E-4,NO
252,67,4.5032873998018555E-5,NO
253,46,4.5032873998018555E-5,NO
254,157,3.15059861373661E-4,NO
255,101,3.15059861373661E-4,NO
256,261,0.9996849401386265,NO
257,65,4.5032873998018555E-5,NO
258,160,3.15059861373661E-4,NO
259,115,3.15059861373661E-4,NO
260,74,3.15059861373661E-4,NO
261,733,3.15059861373661E-4,NO
262,186,3.15059861373661E-4,NO
263,447,3.15059861373661E-4,NO
264,59,4.5032873998018555E-5,NO
265,319,3.15059861373661E-4,NO
266,204,3.15059861373661E-4,NO
267,60,4.5032873998018555E-5,NO
268,835,3.15059861373661E-4,NO
269,1175,3.15059861373661E-4,NO
270,220,3.15059861373661E-4,NO
271,63,4.5032873998018555E-5,NO
272,194,3.15059861373661E-4,NO
273,283,0.9996849401386265,NO
274,199,3.15059861373661E-4,NO
275,124,3.15059861373661E-4,NO
276,96,3.15059861373661E-4,NO
277,82,3.15059861373661E-4,NO
278,99,3.15059861373661E-4,NO
279,128,3.15059861373661E-4,NO
280,227,3.15059861373661E-4,NO
281,53,4.5032873998018555E-5,NO
282,273,0.9996849401386265,NO
283,71,4.5032873998018555E-5,NO
284,91,3.15059861373661E-4,NO
285,205,3.15059861373661E-4,NO
286,42,4.5032873998018555E-5,NO
287,126,3.15059861373661E-4,NO
288,97,3.15059861373661E-4,NO
289,86,3.15059861373661E-4,NO
290,78,3.15059861373661E-4,NO
