ID, Size, Predicted, Actual
0,227,9.107124415296625E-5,NO
1,276,1.5935290856622717E-4,NO
2,460,0.8332979140503198,NO
3,138,0.5263140233461117,NO
4,352,0.9999362466454346,NO
5,23,3.1860427609629914E-4,NO
6,56,0.24391040422088434,NO
7,51,2.277092170249649E-5,NO
8,22,3.5420537583563456E-5,NO
9,44,3.5420537583563456E-5,NO
10,111,3.3556423877752026E-5,NO
11,71,6.375335456546789E-5,NO
12,196,0.8695447280691467,NO
13,39,1.7710896121243428E-5,NO
14,124,1.0624655950967344E-4,NO
15,38,0.4255339353475886,NO
16,22,3.5420537583563456E-5,NO
17,44,3.5420537583563456E-5,NO
18,368,0.9999362466454346,NO
19,22,3.5420537583563456E-5,NO
20,285,6.368027760176599E-4,NO
21,21,3.1878709657413815E-5,NO
22,22,3.5420537583563456E-5,NO
23,208,0.8332979140503198,NO
24,55,2.277092170249649E-5,NO
25,21,3.1878709657413815E-5,NO
26,288,0.9999362466454346,NO
27,47,1.0806797706373832E-5,NO
28,54,2.1985752032468204E-5,NO
29,105,0.806445309868419,NO
30,483,0.9999362466454346,NO
31,35,0.28572209295855205,NO
32,142,7.083605706468385E-5,NO
33,95,1.0624655950967344E-4,NO
34,164,9.107124415296625E-5,NO
35,70,2.3614249341979855E-5,NO
36,22,3.5420537583563456E-5,NO
37,26,9.107124415296625E-5,NO
38,21,3.1878709657413815E-5,NO
39,56,0.24391040422088434,NO
40,102,1.5935290856622717E-4,NO
41,107,4.250404289385664E-5,NO
42,67,5.312892452027744E-5,NO
43,39,1.7710896121243428E-5,NO
44,52,0.6896468329906084,NO
45,20,3.750394233438495E-5,NO
46,42,1.6778774974561206E-5,NO
47,36,0.34483440937132037,NO
48,30,3.1860427609629914E-4,NO
49,71,6.375335456546789E-5,NO
50,57,3.750394233438495E-5,NO
51,31,1.7710896121243428E-5,NO
52,20,3.750394233438495E-5,NO
53,90,0.5555542436218339,NO
54,52,0.6896468329906084,NO
55,108,0.6060565076846184,NO
56,20,3.750394233438495E-5,NO
57,93,0.35714936312048634,NO
58,52,0.6896468329906084,NO
59,117,0.34483440937132037,NO
60,20,3.750394233438495E-5,NO
61,31,1.7710896121243428E-5,NO
62,109,0.6060565076846184,NO
63,44,3.5420537583563456E-5,NO
64,72,0.20000765118300953,NO
65,99,0.43478622445838583,NO
66,103,0.333340417641594,NO
67,20,3.750394233438495E-5,NO
68,71,6.375335456546789E-5,NO
69,140,5.7958266883868734E-5,NO
70,1579,6.368027760176599E-4,NO
71,45,0.3333368755627464,NO
72,282,1.5935290856622717E-4,NO
73,2582,6.368027760176599E-4,NO
74,242,0.8332979140503198,NO
75,55,2.277092170249649E-5,NO
76,204,0.47619192194133525,NO
77,59,3.750394233438495E-5,NO
78,102,1.5935290856622717E-4,NO
79,34,1.8216903288268568E-5,NO
80,83,0.4347844166271364,NO
81,114,0.7142661972416686,NO
82,60,0.4347844166271364,NO
83,461,0.9090434886907315,NO
84,87,0.49999999999999994,NO
85,130,0.8823386008959963,NO
86,49,2.1985752032468204E-5,NO
87,123,0.4000051006585861,NO
88,101,0.4000025503943365,NO
89,1350,6.368027760176599E-4,NO
90,455,6.368027760176599E-4,NO
91,40,3.3556423877752026E-5,NO
92,518,6.368027760176599E-4,NO
93,371,9.107124415296625E-5,NO
94,49,2.1985752032468204E-5,NO
95,490,0.9090434886907315,NO
96,32,0.49999999999999994,NO
97,73,4.553976943994445E-5,NO
98,633,3.1860427609629914E-4,NO
99,780,0.9999362466454346,NO
100,470,2.1244797528644893E-4,NO
101,1015,3.1860427609629914E-4,NO
102,278,3.1860427609629914E-4,NO
103,31,1.7710896121243428E-5,NO
104,36,0.34483440937132037,NO
105,58,0.2325660706904002,NO
106,172,1.0624655950967344E-4,NO
107,86,2.8980813119635666E-5,NO
108,162,0.5882319848221529,NO
109,53,2.277092170249649E-5,NO
110,415,1.5935290856622717E-4,NO
111,200,6.375335456546789E-5,NO
112,264,0.5882286757748821,NO
113,166,1.0624655950967344E-4,NO
114,38,0.4255339353475886,NO
115,122,0.3703764925831627,NO
116,85,0.3225879432620131,NO
117,66,2.6565873676436092E-5,NO
118,60,0.4347844166271364,NO
119,37,1.593986297097054E-5,NO
120,233,1.274904532427972E-4,NO
121,37,1.593986297097054E-5,NO
122,239,3.1860427609629914E-4,NO
123,40,3.3556423877752026E-5,NO
124,208,0.8332979140503198,NO
125,210,1.274904532427972E-4,NO
126,388,6.368027760176599E-4,NO
127,22,3.5420537583563456E-5,NO
128,262,1.5935290856622717E-4,NO
129,306,0.9999681212903426,NO
130,1438,3.1860427609629914E-4,NO
131,1469,6.368027760176599E-4,NO
132,67,5.312892452027744E-5,NO
133,437,7.968915298142233E-5,NO
134,223,1.274904532427972E-4,NO
135,35,0.28572209295855205,NO
136,53,2.277092170249649E-5,NO
137,196,0.8695447280691467,NO
138,108,0.6060565076846184,NO
139,237,0.5882286757748821,NO
140,219,3.1860427609629914E-4,NO
141,340,0.8332979140503198,NO
142,161,3.1860427609629914E-4,NO
143,136,1.5935290856622717E-4,NO
144,376,6.368027760176599E-4,NO
145,388,6.368027760176599E-4,NO
146,153,0.454548089164829,NO
147,114,0.7142661972416686,NO
148,220,6.368027760176599E-4,NO
149,453,0.9090434886907315,NO
150,1828,6.368027760176599E-4,NO
151,246,3.1860427609629914E-4,NO
152,636,0.9999362466454346,NO
153,299,6.368027760176599E-4,NO
154,259,3.1860427609629914E-4,NO
155,90,0.5555542436218339,NO
156,93,0.35714936312048634,NO
157,441,3.1860427609629914E-4,NO
158,149,0.7692175648372233,NO
159,610,6.368027760176599E-4,NO
160,123,0.4000051006585861,NO
161,197,0.8332979140503198,NO
162,865,6.368027760176599E-4,NO
163,596,6.368027760176599E-4,NO
164,141,6.375335456546789E-5,NO
165,179,4.553976943994445E-5,NO
166,630,0.9090434886907315,NO
167,402,6.368027760176599E-4,NO
168,42,1.6778774974561206E-5,NO
169,42,1.6778774974561206E-5,NO
170,315,0.7142661972416686,NO
171,85,0.3225879432620131,NO
172,472,3.1860427609629914E-4,NO
173,106,0.4545467718933196,NO
174,250,0.7142661972416686,NO
175,162,0.5882319848221529,NO
176,236,0.9090434886907315,NO
177,73,4.553976943994445E-5,NO
178,104,0.44444601875747486,NO
179,40,3.3556423877752026E-5,NO
180,98,0.31250747175121824,NO
181,39,1.7710896121243428E-5,NO
182,38,0.4255339353475886,NO
183,67,5.312892452027744E-5,NO
184,76,2.277092170249649E-5,NO
185,42,1.6778774974561206E-5,NO
186,71,6.375335456546789E-5,NO
187,101,0.4000025503943365,NO
188,59,3.750394233438495E-5,NO
189,55,2.277092170249649E-5,NO
190,27,1.1807403493960114E-5,NO
191,89,2.4522445156737972E-5,NO
192,26,9.107124415296625E-5,NO
193,24,4.553976943994445E-5,NO
194,485,2.1244797528644893E-4,NO
195,1651,6.368027760176599E-4,NO
196,48,2.0567374764464E-5,NO
197,2479,6.368027760176599E-4,NO
198,23,3.1860427609629914E-4,NO
199,115,6.375335456546789E-5,NO
200,108,0.6060565076846184,NO
201,346,0.6666524986523686,NO
202,391,6.368027760176599E-4,NO
203,22,3.5420537583563456E-5,NO
204,83,0.4347844166271364,NO
205,51,2.277092170249649E-5,NO
206,43,0.23810318996638813,NO
207,54,2.1985752032468204E-5,NO
208,43,0.23810318996638813,NO
209,47,1.0806797706373832E-5,NO
210,33,3.5420537583563456E-5,NO
211,195,0.9090434886907315,NO
212,91,0.7142661972416686,NO
213,110,6.368027760176599E-4,NO
214,81,0.8571298450690799,NO
215,108,0.6060565076846184,NO
216,109,0.6060565076846184,NO
217,90,0.5555542436218339,NO
218,131,0.49999999999999994,NO
219,95,1.0624655950967344E-4,NO
220,132,2.6565873676436092E-5,NO
221,176,6.368027760176599E-4,NO
222,124,1.0624655950967344E-4,NO
223,103,0.333340417641594,NO
224,120,0.7142661972416686,NO
225,149,0.7692175648372233,NO
226,76,2.277092170249649E-5,NO
227,89,2.4522445156737972E-5,NO
228,20,3.750394233438495E-5,NO
229,213,6.375335456546789E-5,NO
230,542,6.368027760176599E-4,NO
231,233,1.274904532427972E-4,NO
232,134,7.083605706468385E-5,NO
233,104,0.44444601875747486,NO
234,121,3.1860427609629914E-4,NO
235,39,1.7710896121243428E-5,NO
236,41,2.5503292930759313E-5,NO
237,248,4.553976943994445E-5,NO
238,215,7.968915298142233E-5,NO
239,269,0.8332979140503198,NO
240,165,0.454548089164829,NO
241,277,7.083605706468385E-5,NO
242,100,0.46511731356831304,NO
243,358,4.553976943994445E-5,NO
244,29,0.454548089164829,NO
245,339,3.1860427609629914E-4,NO
246,719,3.1860427609629914E-4,NO
247,141,6.375335456546789E-5,NO
248,801,6.368027760176599E-4,NO
249,77,0.3448309978641163,NO
250,97,4.553976943994445E-5,NO
251,380,5.312892452027744E-5,NO
252,214,0.3703764925831627,NO
253,38,0.4255339353475886,NO
254,79,3.1878709657413815E-5,NO
255,25,3.9847751924310224E-5,NO
256,84,0.24391040422088434,NO
257,34,1.8216903288268568E-5,NO
258,33,3.5420537583563456E-5,NO
259,104,0.44444601875747486,NO
260,193,0.7407293709169835,NO
261,70,2.3614249341979855E-5,NO
262,140,5.7958266883868734E-5,NO
263,22,3.5420537583563456E-5,NO
264,158,1.274904532427972E-4,NO
265,142,7.083605706468385E-5,NO
266,109,0.6060565076846184,NO
267,158,1.274904532427972E-4,NO
268,31,1.7710896121243428E-5,NO
269,344,3.1860427609629914E-4,NO
270,71,6.375335456546789E-5,NO
271,84,0.24391040422088434,NO
272,79,3.1878709657413815E-5,NO
273,881,0.9999362466454346,NO
274,64,0.3636395252895658,NO
275,199,0.6249900380620189,NO
276,261,9.107124415296625E-5,NO
277,155,0.5882286757748821,NO
278,45,0.3333368755627464,NO
279,23,3.1860427609629914E-4,NO
280,405,6.368027760176599E-4,NO
281,248,4.553976943994445E-5,NO
282,599,0.9090434886907315,NO
283,28,2.125292478215488E-5,NO
284,452,0.9090434886907315,NO
285,482,0.9999362466454346,NO
286,434,7.968915298142233E-5,NO
287,83,0.4347844166271364,NO
288,393,3.1860427609629914E-4,NO
289,230,0.9090434886907315,NO
290,248,4.553976943994445E-5,NO
291,28,2.125292478215488E-5,NO
292,69,0.25000796993148544,NO
293,116,3.1860427609629914E-4,NO
294,100,0.46511731356831304,NO
295,46,3.750394233438495E-5,NO
296,226,9.107124415296625E-5,NO
297,86,2.8980813119635666E-5,NO
298,93,0.35714936312048634,NO
299,1935,1.274904532427972E-4,NO
300,41,2.5503292930759313E-5,NO
301,64,0.3636395252895658,NO
302,176,6.368027760176599E-4,NO
303,334,1.5935290856622717E-4,NO
304,114,0.7142661972416686,NO
305,66,2.6565873676436092E-5,NO
306,38,0.4255339353475886,NO
307,46,3.750394233438495E-5,NO
308,101,0.4000025503943365,NO
309,144,0.9090434886907315,NO
310,156,3.9847751924310224E-5,NO
311,113,1.5935290856622717E-4,NO
312,753,1.0624655950967344E-4,NO
313,397,0.9090434886907315,NO
314,327,0.9090434886907315,NO
315,139,2.1244797528644893E-4,NO
316,59,3.750394233438495E-5,NO
317,78,0.8064453098684191,NO
318,50,1.518084492288507E-5,NO
319,483,0.9999362466454346,NO
320,42,1.6778774974561206E-5,NO
321,75,0.47619192194133525,NO
322,219,3.1860427609629914E-4,NO
323,103,0.333340417641594,NO
324,158,1.274904532427972E-4,NO
325,190,1.274904532427972E-4,NO
326,88,0.7692254873179202,NO
327,248,4.553976943994445E-5,NO
328,276,1.5935290856622717E-4,NO
329,330,0.8332979140503198,NO
330,69,0.25000796993148544,NO
331,21,3.1878709657413815E-5,NO
332,39,1.7710896121243428E-5,NO
333,22,3.5420537583563456E-5,NO
334,24,4.553976943994445E-5,NO
335,62,1.8216903288268568E-5,NO
336,67,5.312892452027744E-5,NO
337,65,6.375335456546789E-5,NO
338,63,0.19608603059053914,NO
339,22,3.5420537583563456E-5,NO
340,60,0.4347844166271364,NO
341,38,0.4255339353475886,NO
342,62,1.8216903288268568E-5,NO
343,23,3.1860427609629914E-4,NO
344,79,3.1878709657413815E-5,NO
345,23,3.1860427609629914E-4,NO
346,176,6.368027760176599E-4,NO
347,149,0.7692175648372233,NO
348,23,3.1860427609629914E-4,NO
349,34,1.8216903288268568E-5,NO
350,35,0.28572209295855205,NO
351,45,0.3333368755627464,NO
352,293,3.1860427609629914E-4,NO
353,58,0.2325660706904002,NO
354,39,1.7710896121243428E-5,NO
355,57,3.750394233438495E-5,NO
356,277,7.083605706468385E-5,NO
357,468,3.1860427609629914E-4,NO
358,75,0.47619192194133525,NO
359,666,7.083605706468385E-5,NO
360,53,2.277092170249649E-5,NO
361,145,2.1244797528644893E-4,NO
362,53,2.277092170249649E-5,NO
363,398,0.9090434886907315,NO
364,119,7.083605706468385E-5,NO
365,271,0.9374825659138241,NO
366,175,2.1244797528644893E-4,NO
367,78,0.8064453098684191,NO
368,415,1.5935290856622717E-4,NO
369,131,0.49999999999999994,NO
370,45,0.3333368755627464,NO
371,156,3.9847751924310224E-5,NO
372,166,1.0624655950967344E-4,NO
373,43,0.23810318996638813,NO
374,74,0.2469175646695798,NO
375,302,3.1860427609629914E-4,NO
376,494,3.1860427609629914E-4,NO
377,421,7.968915298142233E-5,NO
378,723,3.1860427609629914E-4,NO
379,550,1.0624655950967344E-4,NO
380,493,3.1860427609629914E-4,NO
381,416,3.1860427609629914E-4,NO
382,359,1.5935290856622717E-4,NO
383,66,2.6565873676436092E-5,NO
384,62,1.8216903288268568E-5,NO
385,34,1.8216903288268568E-5,NO
386,23,3.1860427609629914E-4,NO
387,41,2.5503292930759313E-5,NO
388,50,1.518084492288507E-5,NO
389,55,2.277092170249649E-5,NO
390,1467,6.368027760176599E-4,NO
391,187,7.968915298142233E-5,NO
392,162,0.5882319848221529,NO
393,23,3.1860427609629914E-4,NO
394,142,7.083605706468385E-5,NO
395,73,4.553976943994445E-5,NO
396,108,0.6060565076846184,NO
397,20,3.750394233438495E-5,NO
398,61,0.4000051006585861,NO
399,86,2.8980813119635666E-5,NO
400,84,0.24391040422088434,NO
401,90,0.5555542436218339,NO
402,67,5.312892452027744E-5,NO
403,20,3.750394233438495E-5,NO
404,60,0.4347844166271364,NO
405,88,0.7692254873179202,NO
406,47,1.0806797706373832E-5,NO
407,76,2.277092170249649E-5,NO
408,21,3.1878709657413815E-5,NO
409,53,2.277092170249649E-5,NO
410,114,0.7142661972416686,NO
411,121,3.1860427609629914E-4,NO
412,78,0.8064453098684191,NO
413,20,3.750394233438495E-5,NO
414,69,0.25000796993148544,NO
415,80,1.0624655950967344E-4,NO
416,79,3.1878709657413815E-5,NO
417,81,0.8571298450690799,NO
418,88,0.7692254873179202,NO
419,20,3.750394233438495E-5,NO
420,105,0.806445309868419,NO
421,60,0.4347844166271364,NO
422,50,1.518084492288507E-5,NO
423,28,2.125292478215488E-5,NO
424,129,0.43478622445838583,NO
425,43,0.23810318996638813,NO
426,76,2.277092170249649E-5,NO
427,63,0.19608603059053914,NO
428,65,6.375335456546789E-5,NO
429,76,2.277092170249649E-5,NO
430,45,0.3333368755627464,NO
431,20,3.750394233438495E-5,NO
432,126,0.6666524986523686,NO
