ID, Size, Predicted, Actual
0,227,0.047057514468970954,NO
1,276,0.0474054015180099,NO
2,460,0.050350751270031684,NO
3,138,0.04611555698039726,NO
4,355,0.048555357701070154,NO
5,23,0.045086394431745315,NO
6,48,0.04532014948878376,NO
7,59,0.04532014948878376,NO
8,79,0.04556943843278003,NO
9,67,0.04532014948878376,NO
10,49,0.04532014948878376,NO
11,40,0.045086394431745315,NO
12,20,0.045086394431745315,NO
13,42,0.045086394431745315,NO
14,36,0.045086394431745315,NO
15,31,0.045086394431745315,NO
16,30,0.045086394431745315,NO
17,71,0.04532014948878376,NO
18,57,0.04532014948878376,NO
19,20,0.045086394431745315,NO
20,89,0.04556943843278003,NO
21,60,0.04532014948878376,NO
22,102,0.04583449220781441,NO
23,20,0.045086394431745315,NO
24,93,0.04556943843278003,NO
25,59,0.04532014948878376,NO
26,111,0.04583449220781441,NO
27,20,0.045086394431745315,NO
28,31,0.045086394431745315,NO
29,109,0.04583449220781441,NO
30,44,0.04532014948878376,NO
31,72,0.04532014948878376,NO
32,99,0.04556943843278003,NO
33,103,0.04583449220781441,NO
34,20,0.045086394431745315,NO
35,137,0.9808590622553729,YES
36,1699,0.09827218436779907,NO
37,45,0.04532014948878376,NO
38,200,0.04672678232774476,NO
39,2582,0.2123845361298828,NO
40,55,0.04532014948878376,NO
41,204,0.04672678232774476,NO
42,59,0.04532014948878376,NO
43,102,0.04583449220781441,NO
44,34,0.045086394431745315,NO
45,83,0.04556943843278003,NO
46,114,0.04583449220781441,NO
47,60,0.04532014948878376,NO
48,512,0.05136845375528392,NO
49,87,0.04556943843278003,NO
50,130,0.04583449220781441,NO
51,37,0.045086394431745315,NO
52,101,0.04556943843278003,NO
53,1185,0.07053672571186055,NO
54,455,0.050350751270031684,NO
55,40,0.045086394431745315,NO
56,518,0.05136845375528392,NO
57,382,0.048975319660193604,NO
58,49,0.04532014948878376,NO
59,585,0.05247131404827342,NO
60,32,0.045086394431745315,NO
61,73,0.04556943843278003,NO
62,633,0.05366364639741184,NO
63,681,0.05429481775023337,NO
64,470,0.050350751270031684,NO
65,1015,0.06396076961995285,NO
66,278,0.04777077120778465,NO
67,31,0.045086394431745315,NO
68,36,0.045086394431745315,NO
69,58,0.04532014948878376,NO
70,172,0.04641289447451033,NO
71,86,0.04556943843278003,NO
72,162,0.04641289447451033,NO
73,53,0.04532014948878376,NO
74,415,0.04941425558118579,NO
75,200,0.04672678232774476,NO
76,264,0.0474054015180099,NO
77,166,0.04641289447451033,NO
78,38,0.045086394431745315,NO
79,117,0.04583449220781441,NO
80,85,0.04556943843278003,NO
81,66,0.04532014948878376,NO
82,60,0.04532014948878376,NO
83,37,0.045086394431745315,NO
84,233,0.047057514468970954,NO
85,37,0.045086394431745315,NO
86,239,0.047057514468970954,NO
87,40,0.045086394431745315,NO
88,208,0.04672678232774476,NO
89,189,0.04641289447451033,NO
90,22,0.045086394431745315,NO
91,262,0.0474054015180099,NO
92,489,0.05084921298092113,NO
93,1418,0.08165491857827192,NO
94,1376,0.07859034586408656,NO
95,66,0.04532014948878376,NO
96,438,0.04987258591755387,NO
97,430,0.04987258591755387,NO
98,35,0.045086394431745315,NO
99,53,0.04532014948878376,NO
100,197,0.04672678232774476,NO
101,108,0.04583449220781441,NO
102,237,0.047057514468970954,NO
103,119,0.04583449220781441,NO
104,334,0.04815396882945947,NO
105,161,0.04641289447451033,NO
106,136,0.04611555698039726,NO
107,281,0.04777077120778465,NO
108,203,0.04672678232774476,NO
109,97,0.04556943843278003,NO
110,107,0.04583449220781441,NO
111,148,0.04611555698039726,NO
112,462,0.050350751270031684,NO
113,1856,0.11244312392847124,NO
114,245,0.047057514468970954,NO
115,634,0.05366364639741184,NO
116,214,0.04672678232774476,NO
117,259,0.0474054015180099,NO
118,90,0.04556943843278003,NO
119,93,0.04556943843278003,NO
120,337,0.048555357701070154,NO
121,149,0.04611555698039726,NO
122,611,0.053056011769103774,NO
123,115,0.04583449220781441,NO
124,193,0.9811165897152431,YES
125,815,0.9848613600488085,YES
126,591,0.05247131404827342,NO
127,141,0.04611555698039726,NO
128,179,0.04641289447451033,NO
129,606,0.9834405429516585,YES
130,141,0.04611555698039726,NO
131,42,0.045086394431745315,NO
132,42,0.045086394431745315,NO
133,85,0.04556943843278003,NO
134,69,0.04532014948878376,NO
135,471,0.050350751270031684,NO
136,106,0.04583449220781441,NO
137,250,0.0474054015180099,NO
138,162,0.04641289447451033,NO
139,24,0.045086394431745315,NO
140,56,0.04532014948878376,NO
141,51,0.04532014948878376,NO
142,22,0.045086394431745315,NO
143,24,0.045086394431745315,NO
144,488,0.05084921298092113,NO
145,1624,0.09413942147719312,NO
146,47,0.04532014948878376,NO
147,2307,0.16279496970494073,NO
148,85,0.04556943843278003,NO
149,50,0.04532014948878376,NO
150,44,0.04532014948878376,NO
151,52,0.04532014948878376,NO
152,41,0.045086394431745315,NO
153,48,0.04532014948878376,NO
154,110,0.04583449220781441,NO
155,69,0.04532014948878376,NO
156,20,0.045086394431745315,NO
157,213,0.04672678232774476,NO
158,542,0.05190897830957524,NO
159,233,0.047057514468970954,NO
160,134,0.04611555698039726,NO
161,104,0.04583449220781441,NO
162,121,0.04583449220781441,NO
163,39,0.045086394431745315,NO
164,41,0.045086394431745315,NO
165,248,0.0474054015180099,NO
166,215,0.04672678232774476,NO
167,269,0.0474054015180099,NO
168,165,0.04641289447451033,NO
169,277,0.04777077120778465,NO
170,100,0.04556943843278003,NO
171,358,0.048555357701070154,NO
172,29,0.045086394431745315,NO
173,339,0.048555357701070154,NO
174,719,0.055630299152578715,NO
175,141,0.04611555698039726,NO
176,801,0.057826564078111556,NO
177,77,0.04556943843278003,NO
178,97,0.04556943843278003,NO
179,380,0.048975319660193604,NO
180,214,0.04672678232774476,NO
181,38,0.045086394431745315,NO
182,79,0.04556943843278003,NO
183,25,0.045086394431745315,NO
184,84,0.04556943843278003,NO
185,34,0.045086394431745315,NO
186,33,0.045086394431745315,NO
187,104,0.04583449220781441,NO
188,193,0.04672678232774476,NO
189,70,0.04532014948878376,NO
190,140,0.04611555698039726,NO
191,22,0.045086394431745315,NO
192,158,0.04611555698039726,NO
193,142,0.04611555698039726,NO
194,109,0.04583449220781441,NO
195,158,0.9808590622553729,YES
196,31,0.045086394431745315,NO
197,344,0.048555357701070154,NO
198,71,0.9805137440510706,YES
199,84,0.9806232410381727,YES
200,79,0.9806232410381727,YES
201,881,0.9852879865794528,YES
202,64,0.04532014948878376,NO
203,199,0.04672678232774476,NO
204,261,0.9813948845429998,YES
205,155,0.04611555698039726,NO
206,42,0.045086394431745315,NO
207,405,0.04941425558118579,NO
208,248,0.0474054015180099,NO
209,541,0.05190897830957524,NO
210,28,0.045086394431745315,NO
211,452,0.050350751270031684,NO
212,474,0.050350751270031684,NO
213,379,0.048975319660193604,NO
214,83,0.04556943843278003,NO
215,393,0.048975319660193604,NO
216,458,0.050350751270031684,NO
217,248,0.0474054015180099,NO
218,28,0.045086394431745315,NO
219,69,0.04532014948878376,NO
220,116,0.04583449220781441,NO
221,100,0.04556943843278003,NO
222,46,0.04532014948878376,NO
223,226,0.047057514468970954,NO
224,79,0.04556943843278003,NO
225,93,0.04556943843278003,NO
226,2156,0.14323707037385291,NO
227,41,0.045086394431745315,NO
228,64,0.04532014948878376,NO
229,149,0.04611555698039726,NO
230,334,0.04815396882945947,NO
231,114,0.04583449220781441,NO
232,66,0.04532014948878376,NO
233,38,0.045086394431745315,NO
234,46,0.04532014948878376,NO
235,101,0.04556943843278003,NO
236,111,0.04583449220781441,NO
237,156,0.04611555698039726,NO
238,113,0.04583449220781441,NO
239,770,0.05633594059755505,NO
240,392,0.048975319660193604,NO
241,330,0.04815396882945947,NO
242,139,0.04611555698039726,NO
243,59,0.04532014948878376,NO
244,78,0.04556943843278003,NO
245,49,0.04532014948878376,NO
246,511,0.05136845375528392,NO
247,42,0.045086394431745315,NO
248,75,0.04556943843278003,NO
249,219,0.047057514468970954,NO
250,103,0.04583449220781441,NO
251,158,0.04611555698039726,NO
252,190,0.04672678232774476,NO
253,88,0.04556943843278003,NO
254,248,0.0474054015180099,NO
255,276,0.0474054015180099,NO
256,60,0.04532014948878376,NO
257,35,0.045086394431745315,NO
258,63,0.04532014948878376,NO
259,79,0.04556943843278003,NO
260,174,0.04641289447451033,NO
261,148,0.04611555698039726,NO
262,34,0.045086394431745315,NO
263,35,0.045086394431745315,NO
264,45,0.04532014948878376,NO
265,293,0.04777077120778465,NO
266,57,0.04532014948878376,NO
267,39,0.045086394431745315,NO
268,57,0.04532014948878376,NO
269,277,0.04777077120778465,NO
270,468,0.050350751270031684,NO
271,75,0.04556943843278003,NO
272,666,0.05429481775023337,NO
273,53,0.04532014948878376,NO
274,145,0.04611555698039726,NO
275,53,0.04532014948878376,NO
276,397,0.04941425558118579,NO
277,54,0.04532014948878376,NO
278,104,0.04583449220781441,NO
279,119,0.04583449220781441,NO
280,514,0.05136845375528392,NO
281,152,0.04611555698039726,NO
282,95,0.04556943843278003,NO
283,415,0.04941425558118579,NO
284,131,0.04583449220781441,NO
285,45,0.04532014948878376,NO
286,156,0.04611555698039726,NO
287,166,0.04641289447451033,NO
288,43,0.045086394431745315,NO
289,74,0.04556943843278003,NO
290,302,0.04777077120778465,NO
291,494,0.05084921298092113,NO
292,421,0.04941425558118579,NO
293,723,0.055630299152578715,NO
294,550,0.05190897830957524,NO
295,493,0.05084921298092113,NO
296,416,0.04941425558118579,NO
297,359,0.048555357701070154,NO
298,66,0.04532014948878376,NO
299,62,0.04532014948878376,NO
300,45,0.04532014948878376,NO
301,41,0.045086394431745315,NO
302,47,0.04532014948878376,NO
303,55,0.04532014948878376,NO
304,1456,0.08326556042057998,NO
305,187,0.04641289447451033,NO
306,163,0.04641289447451033,NO
307,142,0.04611555698039726,NO
308,73,0.04556943843278003,NO
309,108,0.04583449220781441,NO
310,20,0.045086394431745315,NO
311,60,0.04532014948878376,NO
312,84,0.04556943843278003,NO
313,82,0.04556943843278003,NO
314,86,0.04556943843278003,NO
315,67,0.04532014948878376,NO
316,20,0.045086394431745315,NO
317,60,0.04532014948878376,NO
318,88,0.04556943843278003,NO
319,47,0.04532014948878376,NO
320,76,0.04556943843278003,NO
321,21,0.045086394431745315,NO
322,53,0.04532014948878376,NO
323,114,0.04583449220781441,NO
324,121,0.04583449220781441,NO
325,78,0.04556943843278003,NO
326,20,0.045086394431745315,NO
327,69,0.04532014948878376,NO
328,80,0.04556943843278003,NO
329,79,0.04556943843278003,NO
330,81,0.04556943843278003,NO
331,88,0.04556943843278003,NO
332,20,0.045086394431745315,NO
333,105,0.04583449220781441,NO
334,60,0.04532014948878376,NO
335,50,0.04532014948878376,NO
336,28,0.045086394431745315,NO
337,129,0.04583449220781441,NO
338,43,0.045086394431745315,NO
339,76,0.04556943843278003,NO
340,63,0.04532014948878376,NO
341,65,0.04532014948878376,NO
342,76,0.04556943843278003,NO
343,45,0.04532014948878376,NO
344,20,0.045086394431745315,NO
345,126,0.04583449220781441,NO
