ID, Size, Predicted, Actual
0,227,6.0510710395740045E-5,NO
1,276,1.2100677637947725E-4,NO
2,460,2.4195499637067507E-4,NO
3,138,4.840974003969598E-5,NO
4,352,2.4195499637067507E-4,NO
5,23,2.4195499637067507E-4,NO
6,56,0.25003025535519785,NO
7,51,8.067769261799112E-5,NO
8,22,8.067769261799112E-5,NO
9,44,8.067769261799112E-5,NO
10,111,8.067769261799112E-5,NO
11,71,2.4195499637067507E-4,NO
12,196,0.9997580450036293,NO
13,39,8.067769261799112E-5,NO
14,124,2.4195499637067507E-4,NO
15,38,1.2100677637947725E-4,NO
16,22,8.067769261799112E-5,NO
17,44,8.067769261799112E-5,NO
18,368,0.9997580450036293,NO
19,22,8.067769261799112E-5,NO
20,285,2.4195499637067507E-4,NO
21,21,8.067769261799112E-5,NO
22,22,8.067769261799112E-5,NO
23,208,2.4195499637067507E-4,NO
24,55,6.0510710395740045E-5,NO
25,21,8.067769261799112E-5,NO
26,288,2.4195499637067507E-4,NO
27,47,4.840974003969598E-5,NO
28,54,2.4195499637067507E-4,NO
29,105,2.4195499637067507E-4,NO
30,483,2.4195499637067507E-4,NO
31,35,0.25003025535519785,NO
32,142,2.4195499637067507E-4,NO
33,95,0.33336022589753933,NO
34,164,2.4195499637067507E-4,NO
35,70,8.067769261799112E-5,NO
36,22,8.067769261799112E-5,NO
37,26,2.4195499637067507E-4,NO
38,21,8.067769261799112E-5,NO
39,56,0.25003025535519785,NO
40,102,2.4195499637067507E-4,NO
41,107,2.4195499637067507E-4,NO
42,67,2.689545735725236E-5,NO
43,39,8.067769261799112E-5,NO
44,52,2.4195499637067507E-4,NO
45,20,4.0342101016620945E-5,NO
46,42,6.0510710395740045E-5,NO
47,36,2.4195499637067507E-4,NO
48,30,2.4195499637067507E-4,NO
49,71,2.4195499637067507E-4,NO
50,57,2.4195499637067507E-4,NO
51,31,6.0510710395740045E-5,NO
52,20,4.0342101016620945E-5,NO
53,90,2.4195499637067507E-4,NO
54,52,2.4195499637067507E-4,NO
55,108,2.4195499637067507E-4,NO
56,20,4.0342101016620945E-5,NO
57,93,2.4195499637067507E-4,NO
58,52,2.4195499637067507E-4,NO
59,117,2.4195499637067507E-4,NO
60,20,4.0342101016620945E-5,NO
61,31,8.64528399757932E-6,NO
62,109,0.18183218537508528,NO
63,44,1.613762163732309E-5,NO
64,72,7.119667369140514E-6,NO
65,99,2.2005589419712606E-5,NO
66,103,1.5129050803352599E-5,NO
67,20,4.0342101016620945E-5,NO
68,71,2.4195499637067507E-4,NO
69,140,2.4195499637067507E-4,NO
70,1579,2.4195499637067507E-4,NO
71,45,0.06061250687694847,NO
72,282,2.4195499637067507E-4,NO
73,2582,0.9997580450036293,NO
74,242,2.4195499637067507E-4,NO
75,55,1.1526978894101645E-5,NO
76,204,3.4579342300909435E-5,NO
77,59,2.2005589419712606E-5,NO
78,102,1.2100677637947725E-4,NO
79,34,7.808656676791891E-6,NO
80,83,0.047629476790428,NO
81,114,8.067769261799112E-5,NO
82,60,0.06251323791945294,NO
83,461,2.4195499637067507E-4,NO
84,87,3.4579342300909435E-5,NO
85,130,0.5,NO
86,49,2.4195499637067507E-4,NO
87,123,2.4195499637067507E-4,NO
88,101,0.038470132578578876,NO
89,1350,2.4195499637067507E-4,NO
90,455,2.4195499637067507E-4,NO
91,40,1.613762163732309E-5,NO
92,518,2.4195499637067507E-4,NO
93,371,2.4195499637067507E-4,NO
94,49,1.1003036838167334E-5,NO
95,490,2.4195499637067507E-4,NO
96,32,1.4239131982514346E-5,NO
97,73,2.2005589419712606E-5,NO
98,633,2.4195499637067507E-4,NO
99,780,0.9997580450036293,NO
100,470,2.4195499637067507E-4,NO
101,1015,2.4195499637067507E-4,NO
102,278,2.4195499637067507E-4,NO
103,31,8.64528399757932E-6,NO
104,36,1.4239131982514346E-5,NO
105,58,0.041675912290964845,NO
106,172,4.840974003969598E-5,NO
107,86,1.3448090371167295E-5,NO
108,162,0.09092709548225249,NO
109,53,1.1003036838167334E-5,NO
110,415,1.2100677637947725E-4,NO
111,200,3.02571860816944E-5,NO
112,264,6.0510710395740045E-5,NO
113,166,4.0342101016620945E-5,NO
114,38,0.043487870336262696,NO
115,122,2.4195499637067507E-4,NO
116,85,1.2100677637947725E-4,NO
117,66,2.4195499637067507E-4,NO
118,60,0.06251323791945294,NO
119,37,7.564639847496861E-6,NO
120,233,8.067769261799112E-5,NO
121,37,7.564639847496861E-6,NO
122,239,2.4195499637067507E-4,NO
123,40,1.613762163732309E-5,NO
124,208,0.5,NO
125,210,2.4195499637067507E-4,NO
126,388,2.4195499637067507E-4,NO
127,22,1.7290269036586207E-5,NO
128,262,1.2100677637947725E-4,NO
129,306,0.9997580450036293,NO
130,1438,0.9997580450036293,NO
131,1469,2.4195499637067507E-4,NO
132,67,2.4195499637067507E-4,NO
133,437,0.9997580450036293,NO
134,223,2.4195499637067507E-4,NO
135,35,1.2103313887342355E-5,NO
136,53,1.1003036838167334E-5,NO
137,196,2.4195499637067507E-4,NO
138,108,0.18183218537508528,NO
139,237,6.0510710395740045E-5,NO
140,219,1.2100677637947725E-4,NO
141,340,2.4195499637067507E-4,NO
142,161,2.4195499637067507E-4,NO
143,136,8.067769261799112E-5,NO
144,376,0.9997580450036293,NO
145,388,2.4195499637067507E-4,NO
146,153,2.4195499637067507E-4,NO
147,114,0.9997580450036293,NO
148,220,2.4195499637067507E-4,NO
149,453,2.4195499637067507E-4,NO
150,1828,2.4195499637067507E-4,NO
151,246,2.4195499637067507E-4,NO
152,636,2.4195499637067507E-4,NO
153,299,2.4195499637067507E-4,NO
154,259,2.4195499637067507E-4,NO
155,90,0.047629476790428,NO
156,93,0.10001936483346242,NO
157,441,2.4195499637067507E-4,NO
158,149,6.0510710395740045E-5,NO
159,610,2.4195499637067507E-4,NO
160,123,2.4195499637067507E-4,NO
161,197,2.4195499637067507E-4,NO
162,865,2.4195499637067507E-4,NO
163,596,2.4195499637067507E-4,NO
164,141,2.4195499637067507E-4,NO
165,179,2.4195499637067507E-4,NO
166,630,2.4195499637067507E-4,NO
167,402,2.4195499637067507E-4,NO
168,42,8.068941032178936E-6,NO
169,42,8.068941032178936E-6,NO
170,315,2.4195499637067507E-4,NO
171,85,1.4239131982514346E-5,NO
172,472,2.4195499637067507E-4,NO
173,106,1.2100677637947725E-4,NO
174,250,8.067769261799112E-5,NO
175,162,0.09092709548225249,NO
176,236,0.9997580450036293,NO
177,73,1.2100677637947725E-4,NO
178,104,1.2100677637947725E-4,NO
179,40,1.2100677637947725E-4,NO
180,98,2.4195499637067507E-4,NO
181,39,8.067769261799112E-5,NO
182,38,1.2100677637947725E-4,NO
183,67,1.2100677637947725E-4,NO
184,76,1.2100677637947725E-4,NO
185,42,6.0510710395740045E-5,NO
186,71,2.4195499637067507E-4,NO
187,101,2.4195499637067507E-4,NO
188,59,1.2100677637947725E-4,NO
189,55,6.0510710395740045E-5,NO
190,27,4.840974003969598E-5,NO
191,89,2.4195499637067507E-4,NO
192,26,2.4195499637067507E-4,NO
193,24,2.689545735725236E-5,NO
194,485,2.4195499637067507E-4,NO
195,1651,0.9997580450036293,NO
196,48,2.4195499637067507E-4,NO
197,2479,0.9997580450036293,NO
198,23,4.0342101016620945E-5,NO
199,115,0.9997580450036293,NO
200,108,2.4195499637067507E-4,NO
201,346,2.4195499637067507E-4,NO
202,391,2.4195499637067507E-4,NO
203,22,8.067769261799112E-5,NO
204,83,2.4195499637067507E-4,NO
205,51,2.4195499637067507E-4,NO
206,43,2.4195499637067507E-4,NO
207,54,2.4195499637067507E-4,NO
208,43,2.4195499637067507E-4,NO
209,47,2.4195499637067507E-4,NO
210,33,1.2100677637947725E-4,NO
211,195,2.4195499637067507E-4,NO
212,91,2.4195499637067507E-4,NO
213,110,2.4195499637067507E-4,NO
214,81,0.5,NO
215,108,0.9997580450036293,NO
216,109,2.4195499637067507E-4,NO
217,90,0.5,NO
218,131,2.4195499637067507E-4,NO
219,95,2.4195499637067507E-4,NO
220,132,2.4195499637067507E-4,NO
221,176,2.4195499637067507E-4,NO
222,124,2.4195499637067507E-4,NO
223,103,2.4195499637067507E-4,NO
224,120,0.5,NO
225,149,2.4195499637067507E-4,NO
226,76,1.2100677637947725E-4,NO
227,89,1.2100677637947725E-4,NO
228,20,4.0342101016620945E-5,NO
229,213,4.0342101016620945E-5,NO
230,542,2.4195499637067507E-4,NO
231,233,8.067769261799112E-5,NO
232,134,3.4579342300909435E-5,NO
233,104,1.1526978894101645E-5,NO
234,121,1.2100677637947725E-4,NO
235,39,8.068941032178936E-6,NO
236,41,1.3448090371167295E-5,NO
237,248,2.2005589419712606E-5,NO
238,215,6.0510710395740045E-5,NO
239,269,2.4195499637067507E-4,NO
240,165,2.689545735725236E-5,NO
241,277,3.4579342300909435E-5,NO
242,100,0.1052732160375075,NO
243,358,2.2005589419712606E-5,NO
244,29,2.4206041828040277E-5,NO
245,339,2.4195499637067507E-4,NO
246,719,2.4195499637067507E-4,NO
247,141,3.4579342300909435E-5,NO
248,801,2.4195499637067507E-4,NO
249,77,7.564639847496861E-6,NO
250,97,1.8620240201098593E-5,NO
251,380,2.4206041828040277E-5,NO
252,214,1.7290269036586207E-5,NO
253,38,0.043487870336262696,NO
254,79,1.7290269036586207E-5,NO
255,25,1.7290269036586207E-5,NO
256,84,0.04000890808214801,NO
257,34,7.808656676791891E-6,NO
258,33,1.5129050803352599E-5,NO
259,104,1.1526978894101645E-5,NO
260,193,0.25003025535519785,NO
261,70,1.1526978894101645E-5,NO
262,140,2.689545735725236E-5,NO
263,22,1.7290269036586207E-5,NO
264,158,1.2100677637947725E-4,NO
265,142,4.840974003969598E-5,NO
266,109,0.18183218537508528,NO
267,158,1.2100677637947725E-4,NO
268,31,8.64528399757932E-6,NO
269,344,2.4195499637067507E-4,NO
270,71,3.4579342300909435E-5,NO
271,84,0.04000890808214801,NO
272,79,1.7290269036586207E-5,NO
273,881,1.2100677637947725E-4,NO
274,64,8.965473959780885E-6,NO
275,199,0.25003025535519785,NO
276,261,4.0342101016620945E-5,NO
277,155,4.840974003969598E-5,NO
278,45,2.4195499637067507E-4,NO
279,23,4.0342101016620945E-5,NO
280,405,2.4195499637067507E-4,NO
281,248,2.2005589419712606E-5,NO
282,599,2.4195499637067507E-4,NO
283,28,1.008613559800698E-5,NO
284,452,2.4195499637067507E-4,NO
285,482,0.9997580450036293,NO
286,434,0.9997580450036293,NO
287,83,0.047629476790428,NO
288,393,2.4195499637067507E-4,NO
289,230,0.9997580450036293,NO
290,248,2.2005589419712606E-5,NO
291,28,1.008613559800698E-5,NO
292,69,0.041675912290964845,NO
293,116,2.4195499637067507E-4,NO
294,100,0.1052732160375075,NO
295,46,1.7290269036586207E-5,NO
296,226,4.0342101016620945E-5,NO
297,86,2.4195499637067507E-4,NO
298,93,0.10001936483346242,NO
299,1935,0.9997580450036293,NO
300,41,1.3448090371167295E-5,NO
301,64,8.965473959780885E-6,NO
302,176,2.4195499637067507E-4,NO
303,334,1.2100677637947725E-4,NO
304,114,8.067769261799112E-5,NO
305,66,1.3448090371167295E-5,NO
306,38,0.043487870336262696,NO
307,46,2.4195499637067507E-4,NO
308,101,0.038470132578578876,NO
309,144,2.4195499637067507E-4,NO
310,156,2.0171864283697098E-5,NO
311,113,8.067769261799112E-5,NO
312,753,2.4195499637067507E-4,NO
313,397,2.4195499637067507E-4,NO
314,327,0.9997580450036293,NO
315,139,8.067769261799112E-5,NO
316,59,2.2005589419712606E-5,NO
317,78,0.22223716414297626,NO
318,50,2.4195499637067507E-4,NO
319,483,2.4195499637067507E-4,NO
320,42,8.068941032178936E-6,NO
321,75,3.02571860816944E-5,NO
322,219,2.4195499637067507E-4,NO
323,103,1.5129050803352599E-5,NO
324,158,1.2100677637947725E-4,NO
325,190,6.0510710395740045E-5,NO
326,88,0.25001008593214186,NO
327,248,2.2005589419712606E-5,NO
328,276,1.2100677637947725E-4,NO
329,330,0.9997580450036293,NO
330,69,6.0510710395740045E-5,NO
331,21,8.067769261799112E-5,NO
332,39,8.067769261799112E-5,NO
333,22,8.067769261799112E-5,NO
334,24,8.067769261799112E-5,NO
335,62,1.2100677637947725E-4,NO
336,67,2.4195499637067507E-4,NO
337,65,2.4195499637067507E-4,NO
338,63,0.33336022589753933,NO
339,22,8.067769261799112E-5,NO
340,60,0.06251323791945294,NO
341,38,2.4195499637067507E-4,NO
342,62,2.4195499637067507E-4,NO
343,23,4.0342101016620945E-5,NO
344,79,2.4195499637067507E-4,NO
345,23,4.0342101016620945E-5,NO
346,176,0.9997580450036293,NO
347,149,2.4195499637067507E-4,NO
348,23,4.0342101016620945E-5,NO
349,34,7.808656676791891E-6,NO
350,35,1.2103313887342355E-5,NO
351,45,0.06061250687694847,NO
352,293,2.4195499637067507E-4,NO
353,58,1.2100677637947725E-4,NO
354,39,8.068941032178936E-6,NO
355,57,1.7290269036586207E-5,NO
356,277,3.4579342300909435E-5,NO
357,468,0.9997580450036293,NO
358,75,3.02571860816944E-5,NO
359,666,2.689545735725236E-5,NO
360,53,1.1003036838167334E-5,NO
361,145,1.2100677637947725E-4,NO
362,53,1.1003036838167334E-5,NO
363,398,2.4195499637067507E-4,NO
364,119,3.4579342300909435E-5,NO
365,271,2.4195499637067507E-4,NO
366,175,2.4195499637067507E-4,NO
367,78,2.4195499637067507E-4,NO
368,415,1.2100677637947725E-4,NO
369,131,0.10001936483346242,NO
370,45,0.06061250687694847,NO
371,156,2.0171864283697098E-5,NO
372,166,4.0342101016620945E-5,NO
373,43,9.68269798696709E-6,NO
374,74,0.018522835266904552,NO
375,302,2.4195499637067507E-4,NO
376,494,2.4195499637067507E-4,NO
377,421,4.0342101016620945E-5,NO
378,723,2.4195499637067507E-4,NO
379,550,4.840974003969598E-5,NO
380,493,2.4195499637067507E-4,NO
381,416,2.4195499637067507E-4,NO
382,359,1.2100677637947725E-4,NO
383,66,2.4195499637067507E-4,NO
384,62,2.4195499637067507E-4,NO
385,34,2.4195499637067507E-4,NO
386,23,4.0342101016620945E-5,NO
387,41,1.3448090371167295E-5,NO
388,50,2.4195499637067507E-4,NO
389,55,2.4195499637067507E-4,NO
390,1467,0.9997580450036293,NO
391,187,2.4195499637067507E-4,NO
392,162,0.9997580450036293,NO
393,23,4.0342101016620945E-5,NO
394,142,4.840974003969598E-5,NO
395,73,2.2005589419712606E-5,NO
396,108,0.18183218537508528,NO
397,20,4.0342101016620945E-5,NO
398,61,1.2100677637947725E-4,NO
399,86,2.4195499637067507E-4,NO
400,84,8.067769261799112E-5,NO
401,90,0.5,NO
402,67,1.2100677637947725E-4,NO
403,20,4.840974003969598E-5,NO
404,60,0.06251323791945294,NO
405,88,0.25001008593214186,NO
406,47,4.940198892407408E-6,NO
407,76,1.0524654001999684E-5,NO
408,21,1.2740314176147585E-5,NO
409,53,1.1003036838167334E-5,NO
410,114,8.067769261799112E-5,NO
411,121,1.2100677637947725E-4,NO
412,78,0.22223716414297626,NO
413,20,4.0342101016620945E-5,NO
414,69,0.041675912290964845,NO
415,80,8.067769261799112E-5,NO
416,79,1.7290269036586207E-5,NO
417,81,0.25003025535519785,NO
418,88,0.25001008593214186,NO
419,20,4.0342101016620945E-5,NO
420,105,0.18183218537508528,NO
421,60,0.06251323791945294,NO
422,50,7.119667369140514E-6,NO
423,28,1.008613559800698E-5,NO
424,129,2.2005589419712606E-5,NO
425,43,9.68269798696709E-6,NO
426,76,1.0524654001999684E-5,NO
427,63,0.029418465569288604,NO
428,65,3.02571860816944E-5,NO
429,76,1.0524654001999684E-5,NO
430,45,0.06061250687694847,NO
431,20,4.0342101016620945E-5,NO
432,126,0.2000290458440238,NO
