ID, Size, Predicted, Actual
0,227,0.0,NO
1,276,0.0,NO
2,460,0.18999999999999997,NO
3,138,0.002,NO
4,355,0.0,NO
5,23,0.0,NO
6,48,0.0,NO
7,59,0.0,NO
8,79,0.095,NO
9,67,0.21,NO
10,49,0.0,NO
11,40,0.01,NO
12,20,0.02,NO
13,42,0.014940476190476192,NO
14,36,0.04013888888888889,NO
15,31,0.006666666666666665,NO
16,30,0.02666666666666666,NO
17,71,0.0,NO
18,57,0.02366666666666667,NO
19,20,0.02,NO
20,89,0.1731666666666667,NO
21,60,0.0,NO
22,102,0.0,NO
23,20,0.02,NO
24,93,0.32683333333333325,NO
25,59,0.0,NO
26,111,0.0,NO
27,20,0.02,NO
28,31,0.0,NO
29,109,0.23999070374070375,NO
30,44,0.0,NO
31,72,0.0,NO
32,99,0.0,NO
33,103,0.0,NO
34,20,0.0,NO
35,137,1.0,YES
36,1699,0.16,NO
37,45,0.07054378483909049,NO
38,200,0.0,NO
39,2582,0.11,NO
40,55,0.0,NO
41,204,0.0,NO
42,59,0.0,NO
43,102,0.0,NO
44,34,0.0,NO
45,83,0.060689611650420666,NO
46,114,0.0,NO
47,60,0.0,NO
48,512,0.56,NO
49,87,0.0,NO
50,130,0.6329761904761905,NO
51,37,0.0,NO
52,101,0.04597657388758195,NO
53,1185,0.0,NO
54,455,0.32333333333333336,NO
55,40,0.0,NO
56,518,0.26,NO
57,382,0.0,NO
58,49,0.0,NO
59,585,0.38,NO
60,32,0.04,NO
61,73,0.0,NO
62,633,0.99,NO
63,681,0.0,NO
64,470,0.07,NO
65,1015,0.0,NO
66,278,0.0,NO
67,31,0.0,NO
68,36,0.0,NO
69,58,0.04458263857504939,NO
70,172,0.0,NO
71,86,0.0,NO
72,162,0.10460514485514488,NO
73,53,0.0,NO
74,415,0.38766666666666666,NO
75,200,0.0,NO
76,264,0.04,NO
77,166,0.0,NO
78,38,0.04955582808096211,NO
79,117,0.0,NO
80,85,0.0,NO
81,66,0.0,NO
82,60,0.06993593450752893,NO
83,37,0.0,NO
84,233,0.0,NO
85,37,0.0,NO
86,239,0.0,NO
87,40,0.0,NO
88,208,0.64,NO
89,189,0.0,NO
90,22,0.0,NO
91,262,0.22,NO
92,489,0.0,NO
93,1418,0.38,NO
94,1376,0.0,NO
95,66,0.0,NO
96,438,0.0,NO
97,430,0.0,NO
98,35,0.0,NO
99,53,0.0,NO
100,197,0.10716666666666665,NO
101,108,0.21867608634055996,NO
102,237,0.0,NO
103,119,0.0,NO
104,334,0.0,NO
105,161,0.10460514485514488,NO
106,136,0.020702380952380948,NO
107,281,0.49,NO
108,203,0.0,NO
109,97,0.0,NO
110,107,0.0,NO
111,148,0.0,NO
112,462,0.20083333333333342,NO
113,1856,0.2733333333333333,NO
114,245,0.0,NO
115,634,0.99,NO
116,214,0.0,NO
117,259,0.04,NO
118,90,0.01,NO
119,93,0.11393537018537024,NO
120,337,0.0,NO
121,149,0.016576089979179223,NO
122,611,0.33,NO
123,115,0.0,NO
124,193,0.95,YES
125,815,0.99,YES
126,591,0.02,NO
127,141,0.0,NO
128,179,0.0,NO
129,606,0.99,YES
130,141,0.0,NO
131,42,0.0,NO
132,42,0.0,NO
133,85,0.0,NO
134,69,0.042525201381130855,NO
135,471,0.07,NO
136,106,0.10283553039485241,NO
137,250,0.0,NO
138,162,0.10460514485514488,NO
139,24,0.04,NO
140,56,0.0,NO
141,51,0.0,NO
142,22,0.0,NO
143,24,0.04,NO
144,488,0.46,NO
145,1624,0.16,NO
146,47,0.0,NO
147,2307,0.5816666666666667,NO
148,85,0.0,NO
149,50,0.0,NO
150,44,0.0,NO
151,52,0.0,NO
152,41,0.0,NO
153,48,0.0,NO
154,110,0.0,NO
155,69,0.02,NO
156,20,0.02,NO
157,213,0.0,NO
158,542,0.37,NO
159,233,0.0,NO
160,134,0.0,NO
161,104,0.0,NO
162,121,0.0,NO
163,39,0.0,NO
164,41,0.0,NO
165,248,0.0,NO
166,215,0.0,NO
167,269,0.990909090909091,NO
168,165,0.0,NO
169,277,0.0,NO
170,100,0.10882054749981163,NO
171,358,0.0,NO
172,29,0.0,NO
173,339,0.03933333333333334,NO
174,719,0.72,NO
175,141,0.0,NO
176,801,0.0,NO
177,77,0.0,NO
178,97,0.0,NO
179,380,0.0,NO
180,214,0.0,NO
181,38,0.04955582808096211,NO
182,79,0.0,NO
183,25,0.0,NO
184,84,0.03974942467821704,NO
185,34,0.0,NO
186,33,0.0,NO
187,104,0.0,NO
188,193,0.300095238095238,NO
189,70,0.0,NO
190,140,0.0,NO
191,22,0.0,NO
192,158,0.0,NO
193,142,0.0,NO
194,109,0.23999070374070375,NO
195,158,0.98,YES
196,31,0.0,NO
197,344,0.2523030303030304,NO
198,71,1.0,YES
199,84,0.98,YES
200,79,0.98,YES
201,881,1.0,YES
202,64,0.0,NO
203,199,0.29666666666666663,NO
204,261,0.9,YES
205,155,0.0,NO
206,42,0.0,NO
207,405,0.8225,NO
208,248,0.0,NO
209,541,0.19,NO
210,28,0.0,NO
211,452,0.06,NO
212,474,0.57,NO
213,379,0.254,NO
214,83,0.060689611650420666,NO
215,393,0.01,NO
216,458,0.45,NO
217,248,0.0,NO
218,28,0.0,NO
219,69,0.042525201381130855,NO
220,116,0.0,NO
221,100,0.10882054749981163,NO
222,46,0.0,NO
223,226,0.0,NO
224,79,0.0,NO
225,93,0.11393537018537024,NO
226,2156,0.0,NO
227,41,0.0,NO
228,64,0.0,NO
229,149,0.016576089979179223,NO
230,334,0.0,NO
231,114,0.0,NO
232,66,0.0,NO
233,38,0.04955582808096211,NO
234,46,0.0,NO
235,101,0.04597657388758195,NO
236,111,0.0,NO
237,156,0.0,NO
238,113,0.0,NO
239,770,0.0,NO
240,392,0.01,NO
241,330,0.72,NO
242,139,0.0,NO
243,59,0.0,NO
244,78,0.2650177877677876,NO
245,49,0.0,NO
246,511,0.0,NO
247,42,0.0,NO
248,75,0.0,NO
249,219,0.0,NO
250,103,0.0,NO
251,158,0.0,NO
252,190,0.0,NO
253,88,0.32227799080004954,NO
254,248,0.0,NO
255,276,0.0,NO
256,60,0.06993593450752893,NO
257,35,0.0,NO
258,63,0.02690686342593191,NO
259,79,0.0,NO
260,174,0.0,NO
261,148,0.05321307912726048,NO
262,34,0.0,NO
263,35,0.0,NO
264,45,0.07054378483909049,NO
265,293,0.0,NO
266,57,0.0,NO
267,39,0.0,NO
268,57,0.0,NO
269,277,0.0,NO
270,468,0.18999999999999997,NO
271,75,0.0,NO
272,666,0.0,NO
273,53,0.0,NO
274,145,0.0,NO
275,53,0.0,NO
276,397,0.05,NO
277,54,0.0,NO
278,104,0.0,NO
279,119,0.0,NO
280,514,0.0,NO
281,152,0.0,NO
282,95,0.007357142857142857,NO
283,415,0.38766666666666666,NO
284,131,0.10713943409531651,NO
285,45,0.07054378483909049,NO
286,156,0.0,NO
287,166,0.0,NO
288,43,0.0,NO
289,74,0.019741860138547753,NO
290,302,0.05,NO
291,494,0.0,NO
292,421,0.0,NO
293,723,0.12,NO
294,550,0.01,NO
295,493,0.0,NO
296,416,0.38766666666666666,NO
297,359,0.0,NO
298,66,0.023333333333333334,NO
299,62,0.0,NO
300,45,0.07054378483909049,NO
301,41,0.0,NO
302,47,0.0,NO
303,55,0.0,NO
304,1456,0.15,NO
305,187,0.0,NO
306,163,0.0,NO
307,142,0.0,NO
308,73,0.0,NO
309,108,0.21867608634055996,NO
310,20,0.0,NO
311,60,0.06993593450752893,NO
312,84,0.03974942467821704,NO
313,82,0.0,NO
314,86,0.0,NO
315,67,0.0,NO
316,20,0.0,NO
317,60,0.0,NO
318,88,0.32227799080004954,NO
319,47,0.0,NO
320,76,0.0,NO
321,21,0.0,NO
322,53,0.0,NO
323,114,0.0,NO
324,121,0.0,NO
325,78,0.2650177877677876,NO
326,20,0.0,NO
327,69,0.042525201381130855,NO
328,80,0.0385,NO
329,79,0.0,NO
330,81,0.3268690476190476,NO
331,88,0.32227799080004954,NO
332,20,0.0,NO
333,105,0.18223495656390395,NO
334,60,0.06993593450752893,NO
335,50,0.0,NO
336,28,0.0,NO
337,129,0.0,NO
338,43,0.0,NO
339,76,0.0,NO
340,63,0.02690686342593191,NO
341,65,0.0,NO
342,76,0.0,NO
343,45,0.07054378483909049,NO
344,20,0.0,NO
345,126,0.005,NO
