ID, Size, Predicted, Actual
0,237,0.27484826637667703,NO
1,272,0.2764200452083145,NO
2,470,0.2904905625165821,NO
3,299,0.2780990306430381,NO
4,23,0.26602048477426943,NO
5,56,0.266767151897313,NO
6,51,0.266767151897313,NO
7,22,0.26602048477426943,NO
8,67,0.266767151897313,NO
9,23,0.26602048477426943,NO
10,44,0.266767151897313,NO
11,111,0.2685628327208061,NO
12,74,0.2676144023646824,NO
13,196,0.2720221815305126,NO
14,39,0.26602048477426943,NO
15,124,0.2696131073358114,NO
16,38,0.26602048477426943,NO
17,22,0.26602048477426943,NO
18,44,0.266767151897313,NO
19,368,0.2817831294406983,NO
20,22,0.26602048477426943,NO
21,285,0.2764200452083145,NO
22,21,0.26602048477426943,NO
23,22,0.26602048477426943,NO
24,208,0.27338264196835,NO
25,55,0.266767151897313,NO
26,21,0.26602048477426943,NO
27,288,0.2780990306430381,NO
28,109,0.2685628327208061,NO
29,142,0.2696131073358114,NO
30,47,0.266767151897313,NO
31,54,0.266767151897313,NO
32,105,0.2685628327208061,NO
33,528,0.2955356136141317,NO
34,284,0.2764200452083145,NO
35,32,0.26602048477426943,NO
36,35,0.26602048477426943,NO
37,144,0.2696131073358114,NO
38,95,0.2676144023646824,NO
39,164,0.27076595768631756,NO
40,70,0.2676144023646824,NO
41,120,0.2685628327208061,NO
42,38,0.26602048477426943,NO
43,22,0.26602048477426943,NO
44,26,0.26602048477426943,NO
45,21,0.26602048477426943,NO
46,56,0.266767151897313,NO
47,102,0.2685628327208061,NO
48,107,0.2685628327208061,NO
49,67,0.266767151897313,NO
50,39,0.26602048477426943,NO
51,52,0.266767151897313,NO
52,20,0.26602048477426943,NO
53,42,0.266767151897313,NO
54,36,0.26602048477426943,NO
55,30,0.26602048477426943,NO
56,71,0.2676144023646824,NO
57,57,0.266767151897313,NO
58,31,0.26602048477426943,NO
59,20,0.26602048477426943,NO
60,90,0.2676144023646824,NO
61,52,0.266767151897313,NO
62,108,0.2685628327208061,NO
63,20,0.26602048477426943,NO
64,93,0.2676144023646824,NO
65,52,0.266767151897313,NO
66,121,0.2685628327208061,NO
67,20,0.26602048477426943,NO
68,31,0.26602048477426943,NO
69,109,0.2685628327208061,NO
70,44,0.266767151897313,NO
71,72,0.2676144023646824,NO
72,99,0.2685628327208061,NO
73,103,0.2685628327208061,NO
74,20,0.26602048477426943,NO
75,71,0.2676144023646824,NO
76,155,0.27076595768631756,NO
77,1468,0.4714011056424496,NO
78,45,0.266767151897313,NO
79,302,0.2780990306430381,NO
80,3423,0.9651443458834956,NO
81,320,0.27988633507756927,NO
82,241,0.27484826637667703,NO
83,57,0.266767151897313,NO
84,276,0.2764200452083145,NO
85,59,0.266767151897313,NO
86,107,0.2685628327208061,NO
87,35,0.26602048477426943,NO
88,93,0.2676144023646824,NO
89,122,0.2685628327208061,NO
90,49,0.266767151897313,NO
91,60,0.266767151897313,NO
92,456,0.2904905625165821,NO
93,87,0.2676144023646824,NO
94,130,0.2696131073358114,NO
95,49,0.266767151897313,NO
96,122,0.2685628327208061,NO
97,99,0.2685628327208061,NO
98,1787,0.5623299607466192,NO
99,464,0.2904905625165821,NO
100,154,0.27076595768631756,NO
101,40,0.26602048477426943,NO
102,516,0.2955356136141317,NO
103,193,0.2720221815305126,NO
104,391,0.2837906413187117,NO
105,49,0.266767151897313,NO
106,594,0.3040007074598863,NO
107,32,0.26602048477426943,NO
108,73,0.2676144023646824,NO
109,633,0.30706804460659276,NO
110,694,0.3135809566883363,NO
111,442,0.28814299855026276,NO
112,1162,0.39690353148219093,NO
113,278,0.2764200452083145,NO
114,31,0.26602048477426943,NO
115,73,0.2676144023646824,NO
116,59,0.266767151897313,NO
117,172,0.27076595768631756,NO
118,87,0.2676144023646824,NO
119,166,0.27076595768631756,NO
120,53,0.266767151897313,NO
121,420,0.28591015287544125,NO
122,219,0.27338264196835,NO
123,264,0.2764200452083145,NO
124,172,0.27076595768631756,NO
125,38,0.26602048477426943,NO
126,126,0.2696131073358114,NO
127,85,0.2676144023646824,NO
128,67,0.266767151897313,NO
129,50,0.266767151897313,NO
130,37,0.26602048477426943,NO
131,286,0.2764200452083145,NO
132,37,0.26602048477426943,NO
133,239,0.27484826637667703,NO
134,41,0.266767151897313,NO
135,240,0.27484826637667703,NO
136,109,0.2685628327208061,NO
137,215,0.27338264196835,NO
138,387,0.2837906413187117,NO
139,22,0.26602048477426943,NO
140,100,0.2685628327208061,NO
141,72,0.2676144023646824,NO
142,351,0.2817831294406983,NO
143,232,0.27338264196835,NO
144,162,0.27076595768631756,NO
145,42,0.266767151897313,NO
146,458,0.2904905625165821,NO
147,262,0.2764200452083145,NO
148,139,0.2696131073358114,NO
149,69,0.2676144023646824,NO
150,67,0.266767151897313,NO
151,197,0.2720221815305126,NO
152,930,0.34945887222934013,NO
153,156,0.27076595768631756,NO
154,303,0.2780990306430381,NO
155,25,0.26602048477426943,NO
156,304,0.2780990306430381,NO
157,414,0.28591015287544125,NO
158,1587,0.5027921600471571,NO
159,1653,0.5192535093315043,NO
160,83,0.2676144023646824,NO
161,444,0.28814299855026276,NO
162,274,0.2764200452083145,NO
163,47,0.266767151897313,NO
164,35,0.26602048477426943,NO
165,208,0.27338264196835,NO
166,111,0.2685628327208061,NO
167,227,0.27338264196835,NO
168,351,0.2817831294406983,NO
169,161,0.27076595768631756,NO
170,136,0.2696131073358114,NO
171,422,0.28591015287544125,NO
172,439,0.28814299855026276,NO
173,153,0.27076595768631756,NO
174,112,0.2685628327208061,NO
175,224,0.27338264196835,NO
176,458,0.2904905625165821,NO
177,2193,0.7000016003647972,NO
178,277,0.2764200452083145,NO
179,738,0.3206092800954449,NO
180,270,0.2764200452083145,NO
181,257,0.27484826637667703,NO
182,88,0.2676144023646824,NO
183,459,0.2904905625165821,NO
184,156,0.27076595768631756,NO
185,654,0.9979002575637304,NO
186,119,0.2685628327208061,NO
187,32,0.26602048477426943,NO
188,197,0.2720221815305126,NO
189,1105,0.379747469557826,NO
190,628,0.9978686711403985,NO
191,138,0.2696131073358114,NO
192,204,0.2720221815305126,NO
193,550,0.2982360911629214,NO
194,399,0.28591015287544125,NO
195,42,0.266767151897313,NO
196,42,0.266767151897313,NO
197,312,0.2780990306430381,NO
198,85,0.2676144023646824,NO
199,478,0.2904905625165821,NO
200,105,0.2685628327208061,NO
201,252,0.27484826637667703,NO
202,163,0.27076595768631756,NO
203,348,0.2817831294406983,NO
204,77,0.2676144023646824,NO
205,98,0.2685628327208061,NO
206,45,0.266767151897313,NO
207,102,0.2685628327208061,NO
208,44,0.266767151897313,NO
209,51,0.266767151897313,NO
210,73,0.2676144023646824,NO
211,55,0.266767151897313,NO
212,57,0.266767151897313,NO
213,103,0.2685628327208061,NO
214,121,0.2685628327208061,NO
215,46,0.266767151897313,NO
216,75,0.2676144023646824,NO
217,226,0.27338264196835,NO
218,136,0.2696131073358114,NO
219,70,0.2676144023646824,NO
220,160,0.27076595768631756,NO
221,27,0.26602048477426943,NO
222,82,0.2676144023646824,NO
223,96,0.2685628327208061,NO
224,106,0.2685628327208061,NO
225,165,0.27076595768631756,NO
226,72,0.2676144023646824,NO
227,26,0.26602048477426943,NO
228,24,0.26602048477426943,NO
229,810,0.33214742341271536,NO
230,1804,0.5712265342874182,NO
231,48,0.266767151897313,NO
232,2747,0.8669318875628096,NO
233,69,0.2676144023646824,NO
234,23,0.26602048477426943,NO
235,97,0.2685628327208061,NO
236,144,0.2696131073358114,NO
237,326,0.27988633507756927,NO
238,563,0.301057260774486,NO
239,22,0.26602048477426943,NO
240,83,0.2676144023646824,NO
241,51,0.266767151897313,NO
242,43,0.266767151897313,NO
243,54,0.266767151897313,NO
244,43,0.266767151897313,NO
245,47,0.266767151897313,NO
246,33,0.26602048477426943,NO
247,224,0.27338264196835,NO
248,595,0.3040007074598863,NO
249,345,0.2817831294406983,NO
250,237,0.27484826637667703,NO
251,137,0.2696131073358114,NO
252,90,0.2676144023646824,NO
253,126,0.2696131073358114,NO
254,47,0.266767151897313,NO
255,69,0.2676144023646824,NO
256,40,0.26602048477426943,NO
257,130,0.2696131073358114,NO
258,213,0.27338264196835,NO
259,115,0.2685628327208061,NO
260,167,0.27076595768631756,NO
261,283,0.2764200452083145,NO
262,91,0.2676144023646824,NO
263,312,0.2780990306430381,NO
264,32,0.26602048477426943,NO
265,337,0.27988633507756927,NO
266,807,0.33214742341271536,NO
267,77,0.2676144023646824,NO
268,87,0.2676144023646824,NO
269,387,0.2837906413187117,NO
270,107,0.2685628327208061,NO
271,141,0.2696131073358114,NO
272,814,0.33214742341271536,NO
273,38,0.26602048477426943,NO
274,47,0.266767151897313,NO
275,23,0.26602048477426943,NO
276,23,0.26602048477426943,NO
277,101,0.2685628327208061,NO
278,91,0.2676144023646824,NO
279,272,0.2764200452083145,NO
280,23,0.26602048477426943,NO
281,80,0.2676144023646824,NO
282,97,0.2685628327208061,NO
283,382,0.2837906413187117,NO
284,239,0.27484826637667703,NO
285,44,0.266767151897313,NO
286,76,0.2676144023646824,NO
287,28,0.26602048477426943,NO
288,89,0.2676144023646824,NO
289,37,0.26602048477426943,NO
290,36,0.26602048477426943,NO
291,105,0.2685628327208061,NO
292,193,0.2720221815305126,NO
293,70,0.2676144023646824,NO
294,140,0.2696131073358114,NO
295,25,0.26602048477426943,NO
296,160,0.27076595768631756,NO
297,23,0.26602048477426943,NO
298,139,0.2696131073358114,NO
299,111,0.2685628327208061,NO
300,158,0.27076595768631756,NO
301,34,0.26602048477426943,NO
302,357,0.2817831294406983,NO
303,70,0.2676144023646824,NO
304,88,0.2676144023646824,NO
305,79,0.2676144023646824,NO
306,934,0.34945887222934013,NO
307,67,0.266767151897313,NO
308,216,0.27338264196835,NO
309,265,0.2764200452083145,NO
310,155,0.27076595768631756,NO
311,23,0.26602048477426943,NO
312,45,0.266767151897313,NO
313,23,0.26602048477426943,NO
314,404,0.28591015287544125,NO
315,246,0.27484826637667703,NO
316,576,0.301057260774486,NO
317,28,0.26602048477426943,NO
318,467,0.2904905625165821,NO
319,508,0.2955356136141317,NO
320,526,0.2955356136141317,NO
321,82,0.2676144023646824,NO
322,532,0.2955356136141317,NO
323,266,0.2764200452083145,NO
324,274,0.2764200452083145,NO
325,28,0.26602048477426943,NO
326,69,0.2676144023646824,NO
327,139,0.2696131073358114,NO
328,103,0.2685628327208061,NO
329,46,0.266767151897313,NO
330,220,0.27338264196835,NO
331,89,0.2676144023646824,NO
332,98,0.2685628327208061,NO
333,2186,0.7000016003647972,NO
334,41,0.266767151897313,NO
335,85,0.2676144023646824,NO
336,169,0.27076595768631756,NO
337,346,0.2817831294406983,NO
338,131,0.2696131073358114,NO
339,66,0.266767151897313,NO
340,106,0.2685628327208061,NO
341,46,0.266767151897313,NO
342,157,0.27076595768631756,NO
343,185,0.2720221815305126,NO
344,126,0.2696131073358114,NO
345,66,0.266767151897313,NO
346,67,0.266767151897313,NO
347,289,0.2780990306430381,NO
348,94,0.2676144023646824,NO
349,44,0.266767151897313,NO
350,95,0.2676144023646824,NO
351,44,0.266767151897313,NO
352,23,0.26602048477426943,NO
353,23,0.26602048477426943,NO
354,763,0.3243209063708681,NO
355,398,0.28591015287544125,NO
356,333,0.27988633507756927,NO
357,138,0.2696131073358114,NO
358,59,0.266767151897313,NO
359,78,0.2676144023646824,NO
360,53,0.266767151897313,NO
361,521,0.2955356136141317,NO
362,23,0.26602048477426943,NO
363,45,0.266767151897313,NO
364,79,0.2676144023646824,NO
365,222,0.27338264196835,NO
366,107,0.2685628327208061,NO
367,168,0.27076595768631756,NO
368,192,0.2720221815305126,NO
369,91,0.2676144023646824,NO
370,252,0.27484826637667703,NO
371,282,0.2764200452083145,NO
372,23,0.26602048477426943,NO
373,342,0.2817831294406983,NO
374,69,0.2676144023646824,NO
375,21,0.26602048477426943,NO
376,39,0.26602048477426943,NO
377,22,0.26602048477426943,NO
378,217,0.27338264196835,NO
379,22,0.26602048477426943,NO
380,76,0.2676144023646824,NO
381,111,0.2685628327208061,NO
382,81,0.2676144023646824,NO
383,106,0.2685628327208061,NO
384,112,0.2685628327208061,NO
385,87,0.2676144023646824,NO
386,132,0.2696131073358114,NO
387,97,0.2685628327208061,NO
388,133,0.2696131073358114,NO
389,177,0.27076595768631756,NO
390,148,0.2696131073358114,NO
391,104,0.2685628327208061,NO
392,120,0.2685628327208061,NO
393,137,0.2696131073358114,NO
394,76,0.2676144023646824,NO
395,89,0.2676144023646824,NO
396,23,0.26602048477426943,NO
397,24,0.26602048477426943,NO
398,62,0.266767151897313,NO
399,67,0.266767151897313,NO
400,66,0.266767151897313,NO
401,63,0.266767151897313,NO
402,22,0.26602048477426943,NO
403,60,0.266767151897313,NO
404,38,0.26602048477426943,NO
405,63,0.266767151897313,NO
406,23,0.26602048477426943,NO
407,79,0.2676144023646824,NO
408,23,0.26602048477426943,NO
409,176,0.27076595768631756,NO
410,149,0.2696131073358114,NO
411,23,0.26602048477426943,NO
412,37,0.26602048477426943,NO
413,43,0.266767151897313,NO
414,49,0.266767151897313,NO
415,418,0.28591015287544125,NO
416,23,0.26602048477426943,NO
417,58,0.266767151897313,NO
418,23,0.26602048477426943,NO
419,80,0.2676144023646824,NO
420,23,0.26602048477426943,NO
421,91,0.2676144023646824,NO
422,23,0.26602048477426943,NO
423,23,0.26602048477426943,NO
424,25,0.26602048477426943,NO
425,48,0.266767151897313,NO
426,52,0.266767151897313,NO
427,53,0.266767151897313,NO
428,57,0.266767151897313,NO
429,24,0.26602048477426943,NO
430,26,0.26602048477426943,NO
431,60,0.266767151897313,NO
432,334,0.27988633507756927,NO
433,42,0.266767151897313,NO
434,60,0.266767151897313,NO
435,294,0.2780990306430381,NO
436,77,0.2676144023646824,NO
437,677,0.3135809566883363,NO
438,56,0.266767151897313,NO
439,163,0.27076595768631756,NO
440,56,0.266767151897313,NO
441,133,0.2696131073358114,NO
442,536,0.2982360911629214,NO
443,121,0.2685628327208061,NO
444,77,0.2676144023646824,NO
445,175,0.27076595768631756,NO
446,81,0.2676144023646824,NO
447,432,0.28814299855026276,NO
448,129,0.2696131073358114,NO
449,48,0.266767151897313,NO
450,164,0.27076595768631756,NO
451,172,0.27076595768631756,NO
452,43,0.266767151897313,NO
453,73,0.2676144023646824,NO
454,302,0.2780990306430381,NO
455,551,0.2982360911629214,NO
456,424,0.28814299855026276,NO
457,732,0.3206092800954449,NO
458,562,0.301057260774486,NO
459,493,0.29295427588244743,NO
460,416,0.28591015287544125,NO
461,359,0.2817831294406983,NO
462,23,0.26602048477426943,NO
463,23,0.26602048477426943,NO
464,694,0.3135809566883363,NO
465,177,0.27076595768631756,NO
466,116,0.2685628327208061,NO
467,20,0.26602048477426943,NO
468,69,0.2676144023646824,NO
469,62,0.266767151897313,NO
470,34,0.26602048477426943,NO
471,23,0.26602048477426943,NO
472,41,0.266767151897313,NO
473,50,0.266767151897313,NO
474,55,0.266767151897313,NO
475,1468,0.4714011056424496,NO
476,187,0.2720221815305126,NO
477,162,0.27076595768631756,NO
478,23,0.26602048477426943,NO
479,143,0.2696131073358114,NO
480,74,0.2676144023646824,NO
481,109,0.2685628327208061,NO
482,144,0.2696131073358114,NO
483,75,0.2676144023646824,NO
484,112,0.2685628327208061,NO
485,33,0.26602048477426943,NO
486,92,0.2676144023646824,NO
487,108,0.2685628327208061,NO
488,612,0.3040007074598863,NO
489,20,0.26602048477426943,NO
490,20,0.26602048477426943,NO
491,199,0.2720221815305126,NO
492,56,0.266767151897313,NO
493,200,0.2720221815305126,NO
494,60,0.266767151897313,NO
495,75,0.2676144023646824,NO
496,150,0.2696131073358114,NO
497,40,0.26602048477426943,NO
498,20,0.26602048477426943,NO
499,60,0.266767151897313,NO
500,88,0.2676144023646824,NO
501,67,0.266767151897313,NO
502,76,0.2676144023646824,NO
503,21,0.26602048477426943,NO
504,53,0.266767151897313,NO
505,114,0.2685628327208061,NO
506,121,0.2685628327208061,NO
507,78,0.2676144023646824,NO
508,20,0.26602048477426943,NO
509,69,0.2676144023646824,NO
510,80,0.2676144023646824,NO
511,79,0.2676144023646824,NO
512,81,0.2676144023646824,NO
513,88,0.2676144023646824,NO
514,20,0.26602048477426943,NO
515,105,0.2685628327208061,NO
516,60,0.266767151897313,NO
517,50,0.266767151897313,NO
518,28,0.26602048477426943,NO
519,129,0.2696131073358114,NO
520,43,0.266767151897313,NO
521,76,0.2676144023646824,NO
522,63,0.266767151897313,NO
523,65,0.266767151897313,NO
524,76,0.2676144023646824,NO
525,45,0.266767151897313,NO
526,20,0.26602048477426943,NO
527,212,0.27338264196835,NO
528,95,0.2676144023646824,NO
529,34,0.26602048477426943,NO
530,35,0.26602048477426943,NO
531,34,0.26602048477426943,NO
532,32,0.26602048477426943,NO
533,188,0.2720221815305126,NO
534,53,0.266767151897313,NO
535,30,0.26602048477426943,NO
536,101,0.2685628327208061,NO
537,125,0.2696131073358114,NO
538,179,0.2720221815305126,NO
539,123,0.2696131073358114,NO
540,88,0.2676144023646824,NO
541,88,0.2676144023646824,NO
542,171,0.27076595768631756,NO
543,31,0.26602048477426943,NO
544,30,0.26602048477426943,NO
545,31,0.26602048477426943,NO
546,77,0.2676144023646824,NO
547,77,0.2676144023646824,NO
548,86,0.2676144023646824,NO
549,92,0.2676144023646824,NO
550,61,0.266767151897313,NO
551,64,0.266767151897313,NO
552,64,0.266767151897313,NO
553,103,0.2685628327208061,NO
554,46,0.266767151897313,NO
555,48,0.266767151897313,NO
556,48,0.266767151897313,NO
557,49,0.266767151897313,NO
558,49,0.266767151897313,NO
559,130,0.2696131073358114,NO
560,82,0.2676144023646824,NO
561,25,0.26602048477426943,NO
562,193,0.2720221815305126,NO
563,114,0.2685628327208061,NO
564,114,0.2685628327208061,NO
565,132,0.2696131073358114,NO
566,79,0.2676144023646824,NO
567,79,0.2676144023646824,NO
568,34,0.26602048477426943,NO
569,49,0.266767151897313,NO
570,44,0.266767151897313,NO
571,58,0.266767151897313,NO
572,92,0.2676144023646824,NO
573,92,0.2676144023646824,NO
574,109,0.2685628327208061,NO
575,80,0.2676144023646824,NO
576,22,0.26602048477426943,NO
577,22,0.26602048477426943,NO
578,205,0.27338264196835,NO
579,73,0.2676144023646824,NO
580,52,0.266767151897313,NO
581,85,0.2676144023646824,NO
582,69,0.2676144023646824,NO
583,21,0.26602048477426943,NO
584,104,0.2685628327208061,NO
585,82,0.2676144023646824,NO
586,125,0.2696131073358114,NO
587,180,0.2720221815305126,NO
588,95,0.2676144023646824,NO
589,214,0.27338264196835,NO
590,40,0.26602048477426943,NO
591,37,0.26602048477426943,NO
592,22,0.26602048477426943,NO
593,26,0.26602048477426943,NO
594,77,0.2676144023646824,NO
595,116,0.2685628327208061,NO
596,274,0.2764200452083145,NO
597,29,0.26602048477426943,NO
598,99,0.2685628327208061,NO
599,262,0.2764200452083145,NO
600,95,0.2676144023646824,NO
601,46,0.266767151897313,NO
602,22,0.26602048477426943,NO
603,74,0.2676144023646824,NO
604,69,0.2676144023646824,NO
605,76,0.2676144023646824,NO
606,175,0.27076595768631756,NO
607,78,0.2676144023646824,NO
608,69,0.2676144023646824,NO
609,100,0.2685628327208061,NO
610,83,0.2676144023646824,NO
611,22,0.26602048477426943,NO
612,82,0.2676144023646824,NO
613,62,0.266767151897313,NO
614,68,0.266767151897313,NO
615,59,0.266767151897313,NO
616,112,0.2685628327208061,NO
617,68,0.266767151897313,NO
618,54,0.266767151897313,NO
619,94,0.2676144023646824,NO
620,80,0.2676144023646824,NO
621,22,0.26602048477426943,NO
622,21,0.26602048477426943,NO
623,76,0.2676144023646824,NO
624,63,0.266767151897313,NO
625,43,0.266767151897313,NO
626,86,0.2676144023646824,NO
627,67,0.266767151897313,NO
628,80,0.2676144023646824,NO
629,97,0.2685628327208061,NO
630,76,0.2676144023646824,NO
631,65,0.266767151897313,NO
632,22,0.26602048477426943,NO
633,47,0.266767151897313,NO
634,35,0.26602048477426943,NO
635,31,0.26602048477426943,NO
636,35,0.26602048477426943,NO
637,41,0.266767151897313,NO
638,36,0.26602048477426943,NO
639,59,0.266767151897313,NO
640,39,0.26602048477426943,NO
641,41,0.266767151897313,NO
642,36,0.26602048477426943,NO
643,33,0.26602048477426943,NO
644,52,0.266767151897313,NO
645,21,0.26602048477426943,NO
646,27,0.26602048477426943,NO
647,26,0.26602048477426943,NO
648,29,0.26602048477426943,NO
649,33,0.26602048477426943,NO
650,28,0.26602048477426943,NO
651,28,0.26602048477426943,NO
652,33,0.26602048477426943,NO
653,232,0.27338264196835,NO
654,24,0.26602048477426943,NO
655,27,0.26602048477426943,NO
656,37,0.26602048477426943,NO
657,41,0.266767151897313,NO
658,18,0.26602048477426943,NO
659,21,0.26602048477426943,NO
660,43,0.266767151897313,NO
661,45,0.266767151897313,NO
662,46,0.266767151897313,NO
663,42,0.266767151897313,NO
664,28,0.26602048477426943,NO
665,51,0.266767151897313,NO
666,50,0.266767151897313,NO
667,31,0.26602048477426943,NO
668,18,0.26602048477426943,NO
669,23,0.26602048477426943,NO
670,29,0.26602048477426943,NO
671,22,0.26602048477426943,NO
672,192,0.2720221815305126,NO
673,39,0.26602048477426943,NO
674,40,0.26602048477426943,NO
675,90,0.2676144023646824,NO
676,33,0.26602048477426943,NO
677,33,0.26602048477426943,NO
678,37,0.26602048477426943,NO
679,39,0.26602048477426943,NO
680,58,0.266767151897313,NO
681,22,0.26602048477426943,NO
682,22,0.26602048477426943,NO
683,58,0.266767151897313,NO
684,22,0.26602048477426943,NO
685,82,0.2676144023646824,NO
686,64,0.266767151897313,NO
687,65,0.266767151897313,NO
688,21,0.26602048477426943,NO
689,22,0.26602048477426943,NO
690,107,0.2685628327208061,NO
691,127,0.2696131073358114,NO
692,47,0.266767151897313,NO
693,133,0.2696131073358114,NO
694,22,0.26602048477426943,NO
695,21,0.26602048477426943,NO
696,109,0.2685628327208061,NO
697,23,0.26602048477426943,NO
698,39,0.26602048477426943,NO
699,40,0.26602048477426943,NO
700,31,0.26602048477426943,NO
701,31,0.26602048477426943,NO
702,31,0.26602048477426943,NO
703,31,0.26602048477426943,NO
704,42,0.266767151897313,NO
705,31,0.26602048477426943,NO
706,31,0.26602048477426943,NO
707,22,0.26602048477426943,NO
708,125,0.2696131073358114,NO
709,163,0.27076595768631756,NO
710,21,0.26602048477426943,NO
711,185,0.2720221815305126,NO
712,29,0.26602048477426943,NO
713,93,0.2676144023646824,NO
714,61,0.266767151897313,NO
715,71,0.2676144023646824,NO
716,22,0.26602048477426943,NO
717,142,0.2696131073358114,NO
718,78,0.2676144023646824,NO
719,122,0.2685628327208061,NO
720,237,0.27484826637667703,NO
721,153,0.27076595768631756,NO
722,59,0.266767151897313,NO
723,35,0.26602048477426943,NO
724,42,0.266767151897313,NO
725,45,0.266767151897313,NO
726,100,0.2685628327208061,NO
727,78,0.2676144023646824,NO
728,62,0.266767151897313,NO
729,25,0.26602048477426943,NO
730,95,0.2676144023646824,NO
731,22,0.26602048477426943,NO
732,22,0.26602048477426943,NO
733,117,0.2685628327208061,NO
734,23,0.26602048477426943,NO
735,90,0.2676144023646824,NO
736,22,0.26602048477426943,NO
737,36,0.26602048477426943,NO
738,135,0.2696131073358114,NO
739,67,0.266767151897313,NO
740,162,0.27076595768631756,NO
741,122,0.2685628327208061,NO
742,76,0.2676144023646824,NO
743,22,0.26602048477426943,NO
744,82,0.2676144023646824,NO
745,352,0.2817831294406983,NO
746,308,0.2780990306430381,NO
747,266,0.2764200452083145,NO
748,38,0.26602048477426943,NO
749,89,0.2676144023646824,NO
750,18,0.26602048477426943,NO
751,57,0.266767151897313,NO
752,86,0.2676144023646824,NO
753,69,0.2676144023646824,NO
754,25,0.26602048477426943,NO
755,31,0.26602048477426943,NO
756,21,0.26602048477426943,NO
757,158,0.27076595768631756,NO
758,21,0.26602048477426943,NO
759,38,0.26602048477426943,NO
760,51,0.266767151897313,NO
761,23,0.26602048477426943,NO
762,126,0.2696131073358114,NO
763,38,0.26602048477426943,NO
764,55,0.266767151897313,NO
765,22,0.26602048477426943,NO
766,47,0.266767151897313,NO
767,37,0.26602048477426943,NO
768,24,0.26602048477426943,NO
769,41,0.266767151897313,NO
770,38,0.26602048477426943,NO
771,48,0.266767151897313,NO
772,22,0.26602048477426943,NO
773,60,0.266767151897313,NO
774,35,0.26602048477426943,NO
775,42,0.266767151897313,NO
776,67,0.266767151897313,NO
777,33,0.26602048477426943,NO
778,76,0.2676144023646824,NO
779,91,0.2676144023646824,NO
780,38,0.26602048477426943,NO
781,97,0.2685628327208061,NO
782,28,0.26602048477426943,NO
783,36,0.26602048477426943,NO
784,23,0.26602048477426943,NO
785,35,0.26602048477426943,NO
786,21,0.26602048477426943,NO
787,161,0.27076595768631756,NO
788,22,0.26602048477426943,NO
789,72,0.2676144023646824,NO
790,33,0.26602048477426943,NO
791,32,0.26602048477426943,NO
792,187,0.2720221815305126,NO
793,28,0.26602048477426943,NO
794,39,0.26602048477426943,NO
795,21,0.26602048477426943,NO
796,31,0.26602048477426943,NO
797,21,0.26602048477426943,NO
798,22,0.26602048477426943,NO
799,27,0.26602048477426943,NO
800,62,0.266767151897313,NO
801,95,0.2676144023646824,NO
802,22,0.26602048477426943,NO
803,208,0.27338264196835,NO
804,54,0.266767151897313,NO
805,21,0.26602048477426943,NO
806,57,0.266767151897313,NO
807,37,0.26602048477426943,NO
808,36,0.26602048477426943,NO
809,28,0.26602048477426943,NO
810,57,0.266767151897313,NO
811,94,0.2676144023646824,NO
812,35,0.26602048477426943,NO
813,44,0.266767151897313,NO
814,31,0.26602048477426943,NO
815,31,0.26602048477426943,NO
816,22,0.26602048477426943,NO
817,41,0.266767151897313,NO
818,185,0.2720221815305126,NO
819,48,0.266767151897313,NO
820,46,0.266767151897313,NO
821,34,0.26602048477426943,NO
822,80,0.2676144023646824,NO
823,55,0.266767151897313,NO
824,59,0.266767151897313,NO
825,88,0.2676144023646824,NO
826,21,0.26602048477426943,NO
827,40,0.26602048477426943,NO
828,235,0.27484826637667703,NO
829,22,0.26602048477426943,NO
830,202,0.2720221815305126,NO
831,108,0.2685628327208061,NO
832,32,0.26602048477426943,NO
833,556,0.2982360911629214,NO
834,768,0.3243209063708681,NO
835,531,0.2955356136141317,NO
836,1078,0.37432981792490255,NO
837,347,0.2817831294406983,NO
838,724,0.3170298553041249,NO
839,409,0.28591015287544125,NO
840,1383,0.4493073135820662,NO
841,1336,0.4353054349766609,NO
842,291,0.2780990306430381,NO
843,113,0.2685628327208061,NO
844,89,0.2676144023646824,NO
845,292,0.2780990306430381,NO
846,218,0.27338264196835,NO
847,3601,0.9780768114291886,NO
848,72,0.2676144023646824,NO
849,231,0.27338264196835,NO
850,70,0.2676144023646824,NO
851,63,0.266767151897313,NO
852,110,0.2685628327208061,NO
853,158,0.27076595768631756,NO
854,227,0.27338264196835,NO
855,343,0.2817831294406983,NO
856,1157,0.3910337123477215,NO
857,73,0.2676144023646824,NO
858,72,0.2676144023646824,NO
859,981,0.3589682647260838,NO
860,765,0.3243209063708681,NO
861,62,0.266767151897313,NO
862,409,0.28591015287544125,NO
863,234,0.27484826637667703,NO
864,74,0.2676144023646824,NO
865,58,0.266767151897313,NO
866,21,0.26602048477426943,NO
867,931,0.34945887222934013,NO
868,21,0.26602048477426943,NO
869,77,0.2676144023646824,NO
870,85,0.2676144023646824,NO
871,427,0.28814299855026276,NO
872,198,0.2720221815305126,NO
873,79,0.2676144023646824,NO
874,52,0.266767151897313,NO
875,217,0.27338264196835,NO
876,279,0.2764200452083145,NO
877,22,0.26602048477426943,NO
878,25,0.26602048477426943,NO
879,42,0.266767151897313,NO
880,67,0.266767151897313,NO
881,23,0.26602048477426943,NO
882,637,0.30706804460659276,NO
883,23,0.26602048477426943,NO
884,37,0.26602048477426943,NO
885,35,0.26602048477426943,NO
886,35,0.26602048477426943,NO
887,84,0.2676144023646824,NO
888,449,0.28814299855026276,NO
889,58,0.266767151897313,NO
890,92,0.2676144023646824,NO
891,32,0.26602048477426943,NO
892,521,0.2955356136141317,NO
893,24,0.26602048477426943,NO
894,42,0.266767151897313,NO
895,42,0.266767151897313,NO
896,36,0.26602048477426943,NO
897,21,0.26602048477426943,NO
898,94,0.2676144023646824,NO
899,388,0.2837906413187117,NO
900,21,0.26602048477426943,NO
901,53,0.266767151897313,NO
902,21,0.26602048477426943,NO
903,105,0.2685628327208061,NO
904,76,0.2676144023646824,NO
905,29,0.26602048477426943,NO
906,48,0.266767151897313,NO
907,137,0.2696131073358114,NO
908,21,0.26602048477426943,NO
909,42,0.266767151897313,NO
910,21,0.26602048477426943,NO
911,646,0.3102609092078542,NO
912,132,0.2696131073358114,NO
913,90,0.2676144023646824,NO
914,499,0.29295427588244743,NO
915,268,0.2764200452083145,NO
916,135,0.2696131073358114,NO
917,240,0.27484826637667703,NO
918,383,0.2837906413187117,NO
919,21,0.26602048477426943,NO
920,768,0.3243209063708681,NO
921,21,0.26602048477426943,NO
922,83,0.2676144023646824,NO
923,886,0.3405225352303279,NO
924,287,0.2780990306430381,NO
925,63,0.266767151897313,NO
926,129,0.2696131073358114,NO
927,71,0.2676144023646824,NO
928,21,0.26602048477426943,NO
929,400,0.28591015287544125,NO
930,961,0.3541412373989582,NO
931,76,0.2676144023646824,NO
932,21,0.26602048477426943,NO
933,21,0.26602048477426943,NO
934,123,0.2696131073358114,NO
935,151,0.27076595768631756,NO
936,21,0.26602048477426943,NO
937,131,0.2696131073358114,NO
938,189,0.2720221815305126,NO
939,37,0.26602048477426943,NO
940,61,0.266767151897313,NO
941,21,0.26602048477426943,NO
942,81,0.2676144023646824,NO
943,74,0.2676144023646824,NO
944,58,0.266767151897313,NO
945,51,0.266767151897313,NO
946,26,0.26602048477426943,NO
947,21,0.26602048477426943,NO
948,54,0.266767151897313,NO
949,43,0.266767151897313,NO
950,33,0.26602048477426943,NO
951,36,0.26602048477426943,NO
952,37,0.26602048477426943,NO
953,28,0.26602048477426943,NO
954,34,0.26602048477426943,NO
955,36,0.26602048477426943,NO
956,34,0.26602048477426943,NO
957,99,0.2685628327208061,NO
958,52,0.266767151897313,NO
959,128,0.2696131073358114,NO
960,38,0.26602048477426943,NO
961,525,0.2955356136141317,NO
962,1361,0.442232445925311,NO
963,129,0.2696131073358114,NO
964,21,0.26602048477426943,NO
965,114,0.2685628327208061,NO
966,72,0.2676144023646824,NO
967,70,0.2676144023646824,NO
968,42,0.266767151897313,NO
969,99,0.2685628327208061,NO
970,163,0.27076595768631756,NO
971,46,0.266767151897313,NO
972,85,0.2676144023646824,NO
973,247,0.27484826637667703,NO
974,36,0.26602048477426943,NO
975,37,0.26602048477426943,NO
976,49,0.266767151897313,NO
977,21,0.26602048477426943,NO
978,39,0.26602048477426943,NO
979,227,0.27338264196835,NO
980,55,0.266767151897313,NO
981,175,0.27076595768631756,NO
982,102,0.2685628327208061,NO
983,64,0.266767151897313,NO
984,67,0.266767151897313,NO
985,180,0.2720221815305126,NO
986,127,0.2696131073358114,NO
987,51,0.266767151897313,NO
988,120,0.2685628327208061,NO
989,21,0.26602048477426943,NO
990,138,0.2696131073358114,NO
991,181,0.2720221815305126,NO
992,61,0.266767151897313,NO
993,21,0.26602048477426943,NO
994,114,0.2685628327208061,NO
995,66,0.266767151897313,NO
996,72,0.2676144023646824,NO
997,75,0.2676144023646824,NO
998,33,0.26602048477426943,NO
999,21,0.26602048477426943,NO
1000,46,0.266767151897313,NO
1001,46,0.266767151897313,NO
1002,51,0.266767151897313,NO
1003,38,0.26602048477426943,NO
1004,40,0.26602048477426943,NO
1005,21,0.26602048477426943,NO
1006,781,0.3281664027024808,NO
1007,1323,0.42852761078317964,NO
1008,21,0.26602048477426943,NO
1009,2645,0.8404124532184447,NO
1010,246,0.27484826637667703,NO
1011,21,0.26602048477426943,NO
1012,100,0.2685628327208061,NO
1013,57,0.266767151897313,NO
1014,68,0.266767151897313,NO
1015,372,0.2837906413187117,NO
1016,147,0.2696131073358114,NO
1017,45,0.266767151897313,NO
1018,116,0.2685628327208061,NO
1019,40,0.26602048477426943,NO
1020,97,0.2685628327208061,NO
1021,758,0.3243209063708681,NO
1022,21,0.26602048477426943,NO
1023,55,0.266767151897313,NO
1024,199,0.2720221815305126,NO
1025,64,0.266767151897313,NO
1026,103,0.2685628327208061,NO
1027,71,0.2676144023646824,NO
1028,245,0.27484826637667703,NO
1029,21,0.26602048477426943,NO
1030,343,0.2817831294406983,NO
1031,244,0.27484826637667703,NO
1032,142,0.2696131073358114,NO
1033,22,0.26602048477426943,NO
1034,266,0.2764200452083145,NO
1035,126,0.2696131073358114,NO
1036,170,0.27076595768631756,NO
1037,648,0.3102609092078542,NO
1038,150,0.2696131073358114,NO
1039,65,0.266767151897313,NO
1040,119,0.2685628327208061,NO
1041,42,0.266767151897313,NO
1042,54,0.266767151897313,NO
1043,32,0.26602048477426943,NO
1044,30,0.26602048477426943,NO
1045,40,0.26602048477426943,NO
1046,30,0.26602048477426943,NO
1047,34,0.26602048477426943,NO
1048,58,0.266767151897313,NO
1049,34,0.26602048477426943,NO
1050,34,0.26602048477426943,NO
1051,30,0.26602048477426943,NO
1052,30,0.26602048477426943,NO
1053,49,0.266767151897313,NO
1054,34,0.26602048477426943,NO
1055,38,0.26602048477426943,NO
1056,30,0.26602048477426943,NO
1057,34,0.26602048477426943,NO
1058,31,0.26602048477426943,NO
1059,42,0.266767151897313,NO
1060,30,0.26602048477426943,NO
1061,29,0.26602048477426943,NO
1062,30,0.26602048477426943,NO
1063,31,0.26602048477426943,NO
1064,32,0.26602048477426943,NO
1065,31,0.26602048477426943,NO
1066,30,0.26602048477426943,NO
1067,34,0.26602048477426943,NO
1068,30,0.26602048477426943,NO
1069,37,0.26602048477426943,NO
1070,38,0.26602048477426943,NO
1071,31,0.26602048477426943,NO
1072,32,0.26602048477426943,NO
1073,31,0.26602048477426943,NO
1074,34,0.26602048477426943,NO
1075,30,0.26602048477426943,NO
1076,122,0.2685628327208061,NO
1077,30,0.26602048477426943,NO
1078,30,0.26602048477426943,NO
1079,30,0.26602048477426943,NO
1080,45,0.266767151897313,NO
1081,38,0.26602048477426943,NO
1082,30,0.26602048477426943,NO
1083,43,0.266767151897313,NO
1084,31,0.26602048477426943,NO
1085,21,0.26602048477426943,NO
1086,21,0.26602048477426943,NO
1087,110,0.2685628327208061,NO
1088,59,0.266767151897313,NO
1089,22,0.26602048477426943,NO
1090,354,0.2817831294406983,NO
1091,38,0.26602048477426943,NO
1092,22,0.26602048477426943,NO
1093,69,0.2676144023646824,NO
1094,324,0.27988633507756927,NO
1095,100,0.2685628327208061,NO
1096,18,0.26602048477426943,NO
1097,51,0.266767151897313,NO
1098,247,0.27484826637667703,NO
1099,33,0.26602048477426943,NO
1100,34,0.26602048477426943,NO
1101,34,0.26602048477426943,NO
1102,18,0.26602048477426943,NO
1103,37,0.26602048477426943,NO
1104,18,0.26602048477426943,NO
1105,49,0.266767151897313,NO
1106,138,0.2696131073358114,NO
1107,109,0.2685628327208061,NO
1108,79,0.2676144023646824,NO
1109,68,0.266767151897313,NO
1110,73,0.2676144023646824,NO
1111,18,0.26602048477426943,NO
1112,53,0.266767151897313,NO
1113,44,0.266767151897313,NO
1114,22,0.26602048477426943,NO
1115,18,0.26602048477426943,NO
1116,85,0.2676144023646824,NO
1117,131,0.2696131073358114,NO
1118,53,0.266767151897313,NO
1119,57,0.266767151897313,NO
1120,64,0.266767151897313,NO
1121,18,0.26602048477426943,NO
1122,75,0.2676144023646824,NO
1123,66,0.266767151897313,NO
1124,74,0.2676144023646824,NO
1125,33,0.26602048477426943,NO
1126,54,0.266767151897313,NO
1127,53,0.266767151897313,NO
1128,23,0.26602048477426943,NO
1129,39,0.26602048477426943,NO
1130,50,0.266767151897313,NO
1131,31,0.26602048477426943,NO
1132,39,0.26602048477426943,NO
1133,39,0.26602048477426943,NO
1134,22,0.26602048477426943,NO
1135,27,0.26602048477426943,NO
1136,28,0.26602048477426943,NO
1137,30,0.26602048477426943,NO
1138,34,0.26602048477426943,NO
1139,41,0.266767151897313,NO
1140,59,0.266767151897313,NO
1141,31,0.26602048477426943,NO
1142,51,0.266767151897313,NO
1143,72,0.2676144023646824,NO
1144,23,0.26602048477426943,NO
1145,507,0.2955356136141317,NO
1146,48,0.266767151897313,NO
1147,77,0.2676144023646824,NO
1148,43,0.266767151897313,NO
1149,38,0.26602048477426943,NO
1150,47,0.266767151897313,NO
1151,22,0.26602048477426943,NO
1152,22,0.26602048477426943,NO
1153,86,0.2676144023646824,NO
1154,43,0.266767151897313,NO
1155,518,0.2955356136141317,NO
1156,37,0.26602048477426943,NO
1157,23,0.26602048477426943,NO
1158,97,0.2685628327208061,NO
1159,107,0.2685628327208061,NO
1160,177,0.27076595768631756,NO
1161,688,0.3135809566883363,NO
1162,23,0.26602048477426943,NO
1163,152,0.27076595768631756,NO
1164,139,0.2696131073358114,NO
1165,140,0.2696131073358114,NO
1166,129,0.2696131073358114,NO
1167,1046,0.36906140453425473,NO
1168,46,0.266767151897313,NO
1169,271,0.2764200452083145,NO
1170,112,0.2685628327208061,NO
1171,95,0.2676144023646824,NO
1172,107,0.2685628327208061,NO
1173,143,0.2696131073358114,NO
1174,22,0.26602048477426943,NO
1175,22,0.26602048477426943,NO
1176,22,0.26602048477426943,NO
1177,44,0.266767151897313,NO
1178,77,0.2676144023646824,NO
1179,168,0.27076595768631756,NO
1180,236,0.27484826637667703,NO
1181,131,0.2696131073358114,NO
1182,154,0.27076595768631756,NO
1183,232,0.27338264196835,NO
1184,142,0.2696131073358114,NO
1185,23,0.26602048477426943,NO
1186,110,0.2685628327208061,NO
1187,21,0.26602048477426943,NO
1188,22,0.26602048477426943,NO
1189,22,0.26602048477426943,NO
1190,22,0.26602048477426943,NO
1191,42,0.266767151897313,NO
1192,46,0.266767151897313,NO
1193,18,0.26602048477426943,NO
1194,39,0.26602048477426943,NO
1195,22,0.26602048477426943,NO
1196,38,0.26602048477426943,NO
1197,25,0.26602048477426943,NO
1198,104,0.2685628327208061,NO
1199,22,0.26602048477426943,NO
1200,92,0.2676144023646824,NO
1201,22,0.26602048477426943,NO
1202,17,0.26602048477426943,NO
1203,58,0.266767151897313,NO
1204,31,0.26602048477426943,NO
1205,27,0.26602048477426943,NO
1206,36,0.26602048477426943,NO
1207,58,0.266767151897313,NO
1208,31,0.26602048477426943,NO
1209,22,0.26602048477426943,NO
1210,68,0.266767151897313,NO
1211,17,0.26602048477426943,NO
1212,31,0.26602048477426943,NO
1213,28,0.26602048477426943,NO
1214,31,0.26602048477426943,NO
1215,36,0.26602048477426943,NO
1216,17,0.26602048477426943,NO
1217,17,0.26602048477426943,NO
1218,144,0.2696131073358114,NO
1219,123,0.2696131073358114,NO
1220,44,0.266767151897313,NO
1221,70,0.2676144023646824,NO
1222,208,0.27338264196835,NO
1223,106,0.2685628327208061,NO
1224,36,0.26602048477426943,NO
1225,338,0.27988633507756927,NO
1226,292,0.2780990306430381,NO
1227,22,0.26602048477426943,NO
1228,56,0.266767151897313,NO
1229,56,0.266767151897313,NO
1230,36,0.26602048477426943,NO
1231,145,0.2696131073358114,NO
1232,37,0.26602048477426943,NO
1233,662,0.3102609092078542,NO
1234,22,0.26602048477426943,NO
1235,475,0.2904905625165821,NO
1236,22,0.26602048477426943,NO
1237,22,0.26602048477426943,NO
1238,58,0.266767151897313,NO
1239,164,0.27076595768631756,NO
1240,77,0.2676144023646824,NO
1241,348,0.2817831294406983,NO
1242,45,0.266767151897313,NO
1243,139,0.2696131073358114,NO
1244,119,0.2685628327208061,NO
1245,113,0.2685628327208061,NO
1246,163,0.27076595768631756,NO
1247,117,0.2685628327208061,NO
1248,18,0.26602048477426943,NO
1249,22,0.26602048477426943,NO
1250,48,0.266767151897313,NO
1251,266,0.2764200452083145,NO
1252,22,0.26602048477426943,NO
1253,18,0.26602048477426943,NO
1254,209,0.27338264196835,NO
1255,43,0.266767151897313,NO
1256,187,0.2720221815305126,NO
1257,41,0.266767151897313,NO
1258,188,0.2720221815305126,NO
1259,30,0.26602048477426943,NO
1260,66,0.266767151897313,NO
1261,57,0.266767151897313,NO
