ID, Size, Predicted, Actual
0,237,0.555552202940591,NO
1,272,0.9999456902595207,NO
2,470,1.357522331926281E-4,NO
3,299,5.425670046752645E-4,NO
4,23,5.430974047931625E-5,NO
5,56,0.2325648957715825,NO
6,51,1.8104557831555184E-5,NO
7,22,1.939769036429384E-5,NO
8,67,3.194833507495152E-5,NO
9,23,5.430974047931625E-5,NO
10,44,2.5863252694146735E-5,NO
11,111,2.715634509371253E-5,NO
12,74,0.2439058316874896,NO
13,196,2.714307717184202E-4,NO
14,39,1.2931960809643617E-5,NO
15,124,6.788533218175873E-5,NO
16,38,0.3773610042322908,NO
17,22,1.939769036429384E-5,NO
18,44,2.5863252694146735E-5,NO
19,368,0.9090505130172815,NO
20,22,1.939769036429384E-5,NO
21,285,2.714307717184202E-4,NO
22,21,2.1725312066998727E-5,NO
23,22,1.939769036429384E-5,NO
24,208,0.7142690883389834,NO
25,55,1.6973061378304398E-5,NO
26,21,2.1725312066998727E-5,NO
27,288,5.425670046752645E-4,NO
28,109,0.5555538791974916,NO
29,142,4.525893639979362E-5,NO
30,47,8.760433638522767E-6,NO
31,54,1.7520560301633867E-5,NO
32,105,0.7812452262454621,NO
33,528,0.9090505130172815,NO
34,284,0.9999456902595207,NO
35,32,0.4878052011552715,NO
36,35,0.2631646651909663,NO
37,144,0.8333031607090668,NO
38,95,6.788533218175873E-5,NO
39,164,6.788533218175873E-5,NO
40,70,1.8728829544562078E-5,NO
41,120,0.6666545973984632,NO
42,38,0.3773610042322908,NO
43,22,1.939769036429384E-5,NO
44,26,6.034342781348379E-5,NO
45,21,2.1725312066998727E-5,NO
46,56,0.2325648957715825,NO
47,102,9.050968005588081E-5,NO
48,107,3.394497045647471E-5,NO
49,67,3.194833507495152E-5,NO
50,39,1.2931960809643617E-5,NO
51,52,0.6249957567346555,NO
52,20,1.939769036429384E-5,NO
53,42,1.263122513251276E-5,NO
54,36,0.3225868621343006,NO
55,30,1.8098659803359677E-4,NO
56,71,3.6207804610525316E-5,NO
57,57,2.8585544700864076E-5,NO
58,31,1.3578541290409416E-5,NO
59,20,1.939769036429384E-5,NO
60,90,0.5172410563934428,NO
61,52,0.6249957567346555,NO
62,108,0.5263150372010038,NO
63,20,1.939769036429384E-5,NO
64,93,0.3225868621343006,NO
65,52,0.6249957567346555,NO
66,121,1.357522331926281E-4,NO
67,20,1.939769036429384E-5,NO
68,31,1.3578541290409416E-5,NO
69,109,0.5555538791974916,NO
70,44,2.5863252694146735E-5,NO
71,72,0.1960849048403784,NO
72,99,0.41667043841540535,NO
73,103,0.30303678677759105,NO
74,20,1.939769036429384E-5,NO
75,71,3.6207804610525316E-5,NO
76,155,0.555552202940591,NO
77,1468,5.425670046752645E-4,NO
78,45,0.30769552158180363,NO
79,302,1.8098659803359677E-4,NO
80,3423,5.425670046752645E-4,NO
81,320,0.5882296561761633,NO
82,241,5.425670046752645E-4,NO
83,57,2.8585544700864076E-5,NO
84,276,9.050968005588081E-5,NO
85,59,2.715634509371253E-5,NO
86,107,3.394497045647471E-5,NO
87,35,0.2631646651909663,NO
88,93,0.3225868621343006,NO
89,122,5.425670046752645E-4,NO
90,49,1.7520560301633867E-5,NO
91,60,0.3921591597820698,NO
92,456,2.714307717184202E-4,NO
93,87,0.4761917077739378,NO
94,130,0.8571317726623578,NO
95,49,1.7520560301633867E-5,NO
96,122,5.425670046752645E-4,NO
97,99,0.41667043841540535,NO
98,1787,5.425670046752645E-4,NO
99,464,5.425670046752645E-4,NO
100,154,0.9523692520354579,NO
101,40,2.468770834481637E-5,NO
102,516,0.9999456902595207,NO
103,193,0.7142774009898439,NO
104,391,2.714307717184202E-4,NO
105,49,1.7520560301633867E-5,NO
106,594,2.714307717184202E-4,NO
107,32,0.4878052011552715,NO
108,73,3.194833507495152E-5,NO
109,633,1.8098659803359677E-4,NO
110,694,0.9999456902595207,NO
111,442,5.425670046752645E-4,NO
112,1162,5.425670046752645E-4,NO
113,278,1.8098659803359677E-4,NO
114,31,1.3578541290409416E-5,NO
115,73,3.194833507495152E-5,NO
116,59,2.715634509371253E-5,NO
117,172,7.758173201868161E-5,NO
118,87,0.4761917077739378,NO
119,166,6.788533218175873E-5,NO
120,53,1.6458743115644087E-5,NO
121,420,0.8333031607090668,NO
122,219,1.357522331926281E-4,NO
123,264,0.5555522029405909,NO
124,172,7.758173201868161E-5,NO
125,38,0.3773610042322908,NO
126,126,0.6249915137573859,NO
127,85,0.30303678677759105,NO
128,67,3.194833507495152E-5,NO
129,50,1.206985090057922E-5,NO
130,37,1.2931960809643617E-5,NO
131,286,0.9999456902595207,NO
132,37,1.2931960809643617E-5,NO
133,239,1.8098659803359677E-4,NO
134,41,1.939769036429384E-5,NO
135,240,1.357522331926281E-4,NO
136,109,0.5555538791974916,NO
137,215,6.034342781348379E-5,NO
138,387,0.9999728436549062,NO
139,22,1.939769036429384E-5,NO
140,100,0.44444578553898895,NO
141,72,0.1960849048403784,NO
142,351,5.425670046752645E-4,NO
143,232,7.758173201868161E-5,NO
144,162,0.5405393503130994,NO
145,42,1.263122513251276E-5,NO
146,458,0.8333031607090668,NO
147,262,1.0860768404836304E-4,NO
148,139,1.357522331926281E-4,NO
149,69,0.2325648957715825,NO
150,67,3.194833507495152E-5,NO
151,197,0.7692082735081123,NO
152,930,5.425670046752645E-4,NO
153,156,3.017353468125381E-5,NO
154,303,1.8098659803359677E-4,NO
155,25,3.194833507495152E-5,NO
156,304,5.425670046752645E-4,NO
157,414,9.050968005588081E-5,NO
158,1587,5.425670046752645E-4,NO
159,1653,5.425670046752645E-4,NO
160,83,0.408165301249166,NO
161,444,9.050968005588081E-5,NO
162,274,0.7692082735081123,NO
163,47,8.760433638522767E-6,NO
164,35,0.2631646651909663,NO
165,208,0.7142690883389834,NO
166,111,2.715634509371253E-5,NO
167,227,6.788533218175873E-5,NO
168,351,5.425670046752645E-4,NO
169,161,1.8098659803359677E-4,NO
170,136,1.0860768404836304E-4,NO
171,422,0.5882296561761633,NO
172,439,2.714307717184202E-4,NO
173,153,0.4347856888322281,NO
174,112,1.0860768404836304E-4,NO
175,224,1.357522331926281E-4,NO
176,458,0.8333031607090668,NO
177,2193,5.425670046752645E-4,NO
178,277,4.937297887822742E-5,NO
179,738,0.9999456902595207,NO
180,270,0.7692082735081123,NO
181,257,1.357522331926281E-4,NO
182,88,0.7352903588392714,NO
183,459,0.8333031607090668,NO
184,156,3.017353468125381E-5,NO
185,654,0.9999728436549062,NO
186,119,5.430974047931625E-5,NO
187,32,0.4878052011552715,NO
188,197,0.7692082735081123,NO
189,1105,5.425670046752645E-4,NO
190,628,0.9999456902595207,NO
191,138,0.5,NO
192,204,0.4545476988825768,NO
193,550,7.758173201868161E-5,NO
194,399,5.425670046752645E-4,NO
195,42,1.263122513251276E-5,NO
196,42,1.263122513251276E-5,NO
197,312,5.425670046752645E-4,NO
198,85,0.30303678677759105,NO
199,478,5.425670046752645E-4,NO
200,105,0.7812452262454621,NO
201,252,1.357522331926281E-4,NO
202,163,4.525893639979362E-5,NO
203,348,5.425670046752645E-4,NO
204,77,0.3389860154500524,NO
205,98,0.30303678677759105,NO
206,45,0.30769552158180363,NO
207,102,9.050968005588081E-5,NO
208,44,2.5863252694146735E-5,NO
209,51,1.8104557831555184E-5,NO
210,73,3.194833507495152E-5,NO
211,55,1.6973061378304398E-5,NO
212,57,2.8585544700864076E-5,NO
213,103,0.30303678677759105,NO
214,121,1.357522331926281E-4,NO
215,46,2.8585544700864076E-5,NO
216,75,0.4347856888322281,NO
217,226,6.788533218175873E-5,NO
218,136,1.0860768404836304E-4,NO
219,70,1.8728829544562078E-5,NO
220,160,0.6666606318140562,NO
221,27,9.875375898406519E-6,NO
222,82,4.1777770648650224E-5,NO
223,96,0.5,NO
224,106,0.44444578553898895,NO
225,165,0.4347856888322281,NO
226,72,0.1960849048403784,NO
227,26,6.034342781348379E-5,NO
228,24,3.394497045647471E-5,NO
229,810,1.357522331926281E-4,NO
230,1804,5.425670046752645E-4,NO
231,48,1.6973061378304398E-5,NO
232,2747,5.425670046752645E-4,NO
233,69,0.2325648957715825,NO
234,23,5.430974047931625E-5,NO
235,97,3.6207804610525316E-5,NO
236,144,0.8333031607090668,NO
237,326,0.9090505130172815,NO
238,563,0.9999728436549062,NO
239,22,1.939769036429384E-5,NO
240,83,0.408165301249166,NO
241,51,1.8104557831555184E-5,NO
242,43,0.2173979781346713,NO
243,54,1.7520560301633867E-5,NO
244,43,0.2173979781346713,NO
245,47,8.760433638522767E-6,NO
246,33,2.715634509371253E-5,NO
247,224,1.357522331926281E-4,NO
248,595,2.714307717184202E-4,NO
249,345,0.8333031607090668,NO
250,237,0.555552202940591,NO
251,137,0.8571317726623578,NO
252,90,0.5172410563934428,NO
253,126,0.6249915137573859,NO
254,47,8.760433638522767E-6,NO
255,69,0.2325648957715825,NO
256,40,2.468770834481637E-5,NO
257,130,0.8571317726623578,NO
258,213,4.937297887822742E-5,NO
259,115,4.937297887822742E-5,NO
260,167,0.6666545973984632,NO
261,283,5.425670046752645E-4,NO
262,91,0.6666545973984632,NO
263,312,5.425670046752645E-4,NO
264,32,0.4878052011552715,NO
265,337,1.357522331926281E-4,NO
266,807,1.357522331926281E-4,NO
267,77,0.3389860154500524,NO
268,87,0.4761917077739378,NO
269,387,0.9999728436549062,NO
270,107,3.394497045647471E-5,NO
271,141,4.525893639979362E-5,NO
272,814,1.357522331926281E-4,NO
273,38,0.3773610042322908,NO
274,47,8.760433638522767E-6,NO
275,23,5.430974047931625E-5,NO
276,23,5.430974047931625E-5,NO
277,101,0.3773610042322908,NO
278,91,0.6666545973984632,NO
279,272,0.9999456902595207,NO
280,23,5.430974047931625E-5,NO
281,80,7.758173201868161E-5,NO
282,97,3.6207804610525316E-5,NO
283,382,9.050968005588081E-5,NO
284,239,1.8098659803359677E-4,NO
285,44,2.5863252694146735E-5,NO
286,76,1.6458743115644087E-5,NO
287,28,1.6458743115644087E-5,NO
288,89,1.939769036429384E-5,NO
289,37,1.2931960809643617E-5,NO
290,36,0.3225868621343006,NO
291,105,0.7812452262454621,NO
292,193,0.7142774009898439,NO
293,70,1.8728829544562078E-5,NO
294,140,4.1777770648650224E-5,NO
295,25,3.194833507495152E-5,NO
296,160,0.6666606318140562,NO
297,23,5.430974047931625E-5,NO
298,139,1.357522331926281E-4,NO
299,111,2.715634509371253E-5,NO
300,158,6.788533218175873E-5,NO
301,34,1.3926699318150084E-5,NO
302,357,0.9999456902595207,NO
303,70,1.8728829544562078E-5,NO
304,88,0.7352903588392714,NO
305,79,2.263049243191448E-5,NO
306,934,5.425670046752645E-4,NO
307,67,3.194833507495152E-5,NO
308,216,6.034342781348379E-5,NO
309,265,0.7692232702388286,NO
310,155,0.555552202940591,NO
311,23,5.430974047931625E-5,NO
312,45,0.30769552158180363,NO
313,23,5.430974047931625E-5,NO
314,404,2.714307717184202E-4,NO
315,246,5.425670046752645E-4,NO
316,576,0.9999456902595207,NO
317,28,1.6458743115644087E-5,NO
318,467,0.9999728436549062,NO
319,508,0.9999456902595207,NO
320,526,5.425670046752645E-4,NO
321,82,4.1777770648650224E-5,NO
322,532,5.425670046752645E-4,NO
323,266,0.9523575522951815,NO
324,274,0.7692082735081123,NO
325,28,1.6458743115644087E-5,NO
326,69,0.2325648957715825,NO
327,139,1.357522331926281E-4,NO
328,103,0.30303678677759105,NO
329,46,2.8585544700864076E-5,NO
330,220,2.714307717184202E-4,NO
331,89,1.939769036429384E-5,NO
332,98,0.30303678677759105,NO
333,2186,5.425670046752645E-4,NO
334,41,1.939769036429384E-5,NO
335,85,0.30303678677759105,NO
336,169,1.8098659803359677E-4,NO
337,346,0.6249915137573858,NO
338,131,0.4545476988825768,NO
339,66,2.0116094436617965E-5,NO
340,106,0.44444578553898895,NO
341,46,2.8585544700864076E-5,NO
342,157,0.6249915137573859,NO
343,185,0.8333182463383788,NO
344,126,0.6249915137573859,NO
345,66,2.0116094436617965E-5,NO
346,67,3.194833507495152E-5,NO
347,289,0.9999456902595207,NO
348,94,0.6249971711244271,NO
349,44,2.5863252694146735E-5,NO
350,95,6.788533218175873E-5,NO
351,44,2.5863252694146735E-5,NO
352,23,5.430974047931625E-5,NO
353,23,5.430974047931625E-5,NO
354,763,5.425670046752645E-4,NO
355,398,5.425670046752645E-4,NO
356,333,1.0860768404836304E-4,NO
357,138,0.5,NO
358,59,2.715634509371253E-5,NO
359,78,0.7692262697854749,NO
360,53,1.6458743115644087E-5,NO
361,521,5.425670046752645E-4,NO
362,23,5.430974047931625E-5,NO
363,45,0.30769552158180363,NO
364,79,2.263049243191448E-5,NO
365,222,4.525893639979362E-5,NO
366,107,3.394497045647471E-5,NO
367,168,0.5,NO
368,192,0.9090707100568088,NO
369,91,0.6666545973984632,NO
370,252,1.357522331926281E-4,NO
371,282,1.0860768404836304E-4,NO
372,23,5.430974047931625E-5,NO
373,342,0.9374851485712938,NO
374,69,0.2325648957715825,NO
375,21,2.1725312066998727E-5,NO
376,39,1.2931960809643617E-5,NO
377,22,1.939769036429384E-5,NO
378,217,1.357522331926281E-4,NO
379,22,1.939769036429384E-5,NO
380,76,1.6458743115644087E-5,NO
381,111,2.715634509371253E-5,NO
382,81,0.8108016857337617,NO
383,106,0.44444578553898895,NO
384,112,1.0860768404836304E-4,NO
385,87,0.4761917077739378,NO
386,132,2.1725312066998727E-5,NO
387,97,3.6207804610525316E-5,NO
388,133,0.7692082735081123,NO
389,177,0.7142690883389834,NO
390,148,0.5555544379722721,NO
391,104,0.4166685525837152,NO
392,120,0.6666545973984632,NO
393,137,0.8571317726623578,NO
394,76,1.6458743115644087E-5,NO
395,89,1.939769036429384E-5,NO
396,23,5.430974047931625E-5,NO
397,24,3.394497045647471E-5,NO
398,62,1.4293180928794396E-5,NO
399,67,3.194833507495152E-5,NO
400,66,2.0116094436617965E-5,NO
401,63,0.18868562612812276,NO
402,22,1.939769036429384E-5,NO
403,60,0.3921591597820698,NO
404,38,0.3773610042322908,NO
405,63,0.18868562612812276,NO
406,23,5.430974047931625E-5,NO
407,79,2.263049243191448E-5,NO
408,23,5.430974047931625E-5,NO
409,176,1.357522331926281E-4,NO
410,149,0.6896480683750004,NO
411,23,5.430974047931625E-5,NO
412,37,1.2931960809643617E-5,NO
413,43,0.2173979781346713,NO
414,49,1.7520560301633867E-5,NO
415,418,0.8333031607090668,NO
416,23,5.430974047931625E-5,NO
417,58,0.22222892769494476,NO
418,23,5.430974047931625E-5,NO
419,80,7.758173201868161E-5,NO
420,23,5.430974047931625E-5,NO
421,91,0.6666545973984632,NO
422,23,5.430974047931625E-5,NO
423,23,5.430974047931625E-5,NO
424,25,3.194833507495152E-5,NO
425,48,1.6973061378304398E-5,NO
426,52,0.6249957567346555,NO
427,53,1.6458743115644087E-5,NO
428,57,2.8585544700864076E-5,NO
429,24,3.394497045647471E-5,NO
430,26,6.034342781348379E-5,NO
431,60,0.3921591597820698,NO
432,334,1.0860768404836304E-4,NO
433,42,1.263122513251276E-5,NO
434,60,0.3921591597820698,NO
435,294,9.050968005588081E-5,NO
436,77,0.3389860154500524,NO
437,677,1.0860768404836304E-4,NO
438,56,0.2325648957715825,NO
439,163,4.525893639979362E-5,NO
440,56,0.2325648957715825,NO
441,133,0.7692082735081123,NO
442,536,5.425670046752645E-4,NO
443,121,1.357522331926281E-4,NO
444,77,0.3389860154500524,NO
445,175,1.357522331926281E-4,NO
446,81,0.8108016857337617,NO
447,432,2.714307717184202E-4,NO
448,129,0.41667043841540535,NO
449,48,1.6973061378304398E-5,NO
450,164,6.788533218175873E-5,NO
451,172,7.758173201868161E-5,NO
452,43,0.2173979781346713,NO
453,73,3.194833507495152E-5,NO
454,302,1.8098659803359677E-4,NO
455,551,7.758173201868161E-5,NO
456,424,0.555552202940591,NO
457,732,1.8098659803359677E-4,NO
458,562,0.9999728436549062,NO
459,493,1.8098659803359677E-4,NO
460,416,1.8098659803359677E-4,NO
461,359,1.0860768404836304E-4,NO
462,23,5.430974047931625E-5,NO
463,23,5.430974047931625E-5,NO
464,694,0.9999456902595207,NO
465,177,0.7142690883389834,NO
466,116,1.8098659803359677E-4,NO
467,20,1.939769036429384E-5,NO
468,69,0.2325648957715825,NO
469,62,1.4293180928794396E-5,NO
470,34,1.3926699318150084E-5,NO
471,23,5.430974047931625E-5,NO
472,41,1.939769036429384E-5,NO
473,50,1.206985090057922E-5,NO
474,55,1.6973061378304398E-5,NO
475,1468,5.425670046752645E-4,NO
476,187,6.034342781348379E-5,NO
477,162,0.5405393503130994,NO
478,23,5.430974047931625E-5,NO
479,143,7.758173201868161E-5,NO
480,74,0.2439058316874896,NO
481,109,0.5555538791974916,NO
482,144,0.8333031607090668,NO
483,75,0.4347856888322281,NO
484,112,1.0860768404836304E-4,NO
485,33,2.715634509371253E-5,NO
486,92,0.6060588604076049,NO
487,108,0.5263150372010038,NO
488,612,5.425670046752645E-4,NO
489,20,1.939769036429384E-5,NO
490,20,1.939769036429384E-5,NO
491,199,0.5882296561761633,NO
492,56,0.2325648957715825,NO
493,200,4.937297887822742E-5,NO
494,60,0.3921591597820698,NO
495,75,0.4347856888322281,NO
496,150,3.879387570540975E-5,NO
497,40,2.468770834481637E-5,NO
498,20,1.939769036429384E-5,NO
499,60,0.3921591597820698,NO
500,88,0.7352903588392714,NO
501,67,3.194833507495152E-5,NO
502,76,1.6458743115644087E-5,NO
503,21,2.1725312066998727E-5,NO
504,53,1.6458743115644087E-5,NO
505,114,0.555552202940591,NO
506,121,1.357522331926281E-4,NO
507,78,0.7692262697854749,NO
508,20,1.939769036429384E-5,NO
509,69,0.2325648957715825,NO
510,80,7.758173201868161E-5,NO
511,79,2.263049243191448E-5,NO
512,81,0.8108016857337617,NO
513,88,0.7352903588392714,NO
514,20,1.939769036429384E-5,NO
515,105,0.7812452262454621,NO
516,60,0.3921591597820698,NO
517,50,1.206985090057922E-5,NO
518,28,1.6458743115644087E-5,NO
519,129,0.41667043841540535,NO
520,43,0.2173979781346713,NO
521,76,1.6458743115644087E-5,NO
522,63,0.18868562612812276,NO
523,65,4.525893639979362E-5,NO
524,76,1.6458743115644087E-5,NO
525,45,0.30769552158180363,NO
526,20,1.939769036429384E-5,NO
527,212,1.357522331926281E-4,NO
528,95,6.788533218175873E-5,NO
529,34,1.3926699318150084E-5,NO
530,35,0.2631646651909663,NO
531,34,1.3926699318150084E-5,NO
532,32,0.4878052011552715,NO
533,188,6.034342781348379E-5,NO
534,53,1.6458743115644087E-5,NO
535,30,1.8098659803359677E-4,NO
536,101,0.3773610042322908,NO
537,125,9.050968005588081E-5,NO
538,179,3.6207804610525316E-5,NO
539,123,0.3703755856541132,NO
540,88,0.7352903588392714,NO
541,88,0.7352903588392714,NO
542,171,7.758173201868161E-5,NO
543,31,1.3578541290409416E-5,NO
544,30,1.8098659803359677E-4,NO
545,31,1.3578541290409416E-5,NO
546,77,0.3389860154500524,NO
547,77,0.3389860154500524,NO
548,86,2.1725312066998727E-5,NO
549,92,0.6060588604076049,NO
550,61,0.3846202053287812,NO
551,64,0.3508800349285515,NO
552,64,0.3508800349285515,NO
553,103,0.30303678677759105,NO
554,46,2.8585544700864076E-5,NO
555,48,1.6973061378304398E-5,NO
556,48,1.6973061378304398E-5,NO
557,49,1.7520560301633867E-5,NO
558,49,1.7520560301633867E-5,NO
559,130,0.8571317726623578,NO
560,82,4.1777770648650224E-5,NO
561,25,3.194833507495152E-5,NO
562,193,0.7142774009898439,NO
563,114,0.555552202940591,NO
564,114,0.555552202940591,NO
565,132,2.1725312066998727E-5,NO
566,79,2.263049243191448E-5,NO
567,79,2.263049243191448E-5,NO
568,34,1.3926699318150084E-5,NO
569,49,1.7520560301633867E-5,NO
570,44,2.5863252694146735E-5,NO
571,58,0.22222892769494476,NO
572,92,0.6060588604076049,NO
573,92,0.6060588604076049,NO
574,109,0.5555538791974916,NO
575,80,7.758173201868161E-5,NO
576,22,1.939769036429384E-5,NO
577,22,1.939769036429384E-5,NO
578,205,2.714307717184202E-4,NO
579,73,3.194833507495152E-5,NO
580,52,0.6249957567346555,NO
581,85,0.30303678677759105,NO
582,69,0.2325648957715825,NO
583,21,2.1725312066998727E-5,NO
584,104,0.4166685525837152,NO
585,82,4.1777770648650224E-5,NO
586,125,9.050968005588081E-5,NO
587,180,4.525893639979362E-5,NO
588,95,6.788533218175873E-5,NO
589,214,0.3571483993401041,NO
590,40,2.468770834481637E-5,NO
591,37,1.2931960809643617E-5,NO
592,22,1.939769036429384E-5,NO
593,26,6.034342781348379E-5,NO
594,77,0.3389860154500524,NO
595,116,1.8098659803359677E-4,NO
596,274,0.7692082735081123,NO
597,29,0.4347856888322281,NO
598,99,0.41667043841540535,NO
599,262,1.0860768404836304E-4,NO
600,95,6.788533218175873E-5,NO
601,46,2.8585544700864076E-5,NO
602,22,1.939769036429384E-5,NO
603,74,0.2439058316874896,NO
604,69,0.2325648957715825,NO
605,76,1.6458743115644087E-5,NO
606,175,1.357522331926281E-4,NO
607,78,0.7692262697854749,NO
608,69,0.2325648957715825,NO
609,100,0.44444578553898895,NO
610,83,0.408165301249166,NO
611,22,1.939769036429384E-5,NO
612,82,4.1777770648650224E-5,NO
613,62,1.4293180928794396E-5,NO
614,68,0.8974303623885707,NO
615,59,2.715634509371253E-5,NO
616,112,1.0860768404836304E-4,NO
617,68,0.8974303623885707,NO
618,54,1.7520560301633867E-5,NO
619,94,0.6249971711244271,NO
620,80,7.758173201868161E-5,NO
621,22,1.939769036429384E-5,NO
622,21,2.1725312066998727E-5,NO
623,76,1.6458743115644087E-5,NO
624,63,0.18868562612812276,NO
625,43,0.2173979781346713,NO
626,86,2.1725312066998727E-5,NO
627,67,3.194833507495152E-5,NO
628,80,7.758173201868161E-5,NO
629,97,3.6207804610525316E-5,NO
630,76,1.6458743115644087E-5,NO
631,65,4.525893639979362E-5,NO
632,22,1.939769036429384E-5,NO
633,47,8.760433638522767E-6,NO
634,35,0.2631646651909663,NO
635,31,1.3578541290409416E-5,NO
636,35,0.2631646651909663,NO
637,41,1.939769036429384E-5,NO
638,36,0.3225868621343006,NO
639,59,2.715634509371253E-5,NO
640,39,1.2931960809643617E-5,NO
641,41,1.939769036429384E-5,NO
642,36,0.3225868621343006,NO
643,33,2.715634509371253E-5,NO
644,52,0.6249957567346555,NO
645,21,2.1725312066998727E-5,NO
646,27,9.875375898406519E-6,NO
647,26,6.034342781348379E-5,NO
648,29,0.4347856888322281,NO
649,33,2.715634509371253E-5,NO
650,28,1.6458743115644087E-5,NO
651,28,1.6458743115644087E-5,NO
652,33,2.715634509371253E-5,NO
653,232,7.758173201868161E-5,NO
654,24,3.394497045647471E-5,NO
655,27,9.875375898406519E-6,NO
656,37,1.2931960809643617E-5,NO
657,41,1.939769036429384E-5,NO
658,18,1.939769036429384E-5,NO
659,21,2.1725312066998727E-5,NO
660,43,0.2173979781346713,NO
661,45,0.30769552158180363,NO
662,46,2.8585544700864076E-5,NO
663,42,1.263122513251276E-5,NO
664,28,1.6458743115644087E-5,NO
665,51,1.8104557831555184E-5,NO
666,50,1.206985090057922E-5,NO
667,31,1.3578541290409416E-5,NO
668,18,1.939769036429384E-5,NO
669,23,5.430974047931625E-5,NO
670,29,0.4347856888322281,NO
671,22,1.939769036429384E-5,NO
672,192,0.9090707100568088,NO
673,39,1.2931960809643617E-5,NO
674,40,2.468770834481637E-5,NO
675,90,0.5172410563934428,NO
676,33,2.715634509371253E-5,NO
677,33,2.715634509371253E-5,NO
678,37,1.2931960809643617E-5,NO
679,39,1.2931960809643617E-5,NO
680,58,0.22222892769494476,NO
681,22,1.939769036429384E-5,NO
682,22,1.939769036429384E-5,NO
683,58,0.22222892769494476,NO
684,22,1.939769036429384E-5,NO
685,82,4.1777770648650224E-5,NO
686,64,0.3508800349285515,NO
687,65,4.525893639979362E-5,NO
688,21,2.1725312066998727E-5,NO
689,22,1.939769036429384E-5,NO
690,107,3.394497045647471E-5,NO
691,127,0.6249915137573859,NO
692,47,8.760433638522767E-6,NO
693,133,0.7692082735081123,NO
694,22,1.939769036429384E-5,NO
695,21,2.1725312066998727E-5,NO
696,109,0.5555538791974916,NO
697,23,5.430974047931625E-5,NO
698,39,1.2931960809643617E-5,NO
699,40,2.468770834481637E-5,NO
700,31,1.3578541290409416E-5,NO
701,31,1.3578541290409416E-5,NO
702,31,1.3578541290409416E-5,NO
703,31,1.3578541290409416E-5,NO
704,42,1.263122513251276E-5,NO
705,31,1.3578541290409416E-5,NO
706,31,1.3578541290409416E-5,NO
707,22,1.939769036429384E-5,NO
708,125,9.050968005588081E-5,NO
709,163,4.525893639979362E-5,NO
710,21,2.1725312066998727E-5,NO
711,185,0.8333182463383788,NO
712,29,0.4347856888322281,NO
713,93,0.3225868621343006,NO
714,61,0.3846202053287812,NO
715,71,3.6207804610525316E-5,NO
716,22,1.939769036429384E-5,NO
717,142,4.525893639979362E-5,NO
718,78,0.7692262697854749,NO
719,122,5.425670046752645E-4,NO
720,237,0.555552202940591,NO
721,153,0.4347856888322281,NO
722,59,2.715634509371253E-5,NO
723,35,0.2631646651909663,NO
724,42,1.263122513251276E-5,NO
725,45,0.30769552158180363,NO
726,100,0.44444578553898895,NO
727,78,0.7692262697854749,NO
728,62,1.4293180928794396E-5,NO
729,25,3.194833507495152E-5,NO
730,95,6.788533218175873E-5,NO
731,22,1.939769036429384E-5,NO
732,22,1.939769036429384E-5,NO
733,117,0.3333393681859439,NO
734,23,5.430974047931625E-5,NO
735,90,0.5172410563934428,NO
736,22,1.939769036429384E-5,NO
737,36,0.3225868621343006,NO
738,135,0.5,NO
739,67,3.194833507495152E-5,NO
740,162,0.5405393503130994,NO
741,122,5.425670046752645E-4,NO
742,76,1.6458743115644087E-5,NO
743,22,1.939769036429384E-5,NO
744,82,4.1777770648650224E-5,NO
745,352,0.9090505130172815,NO
746,308,0.9999728436549062,NO
747,266,0.9523575522951815,NO
748,38,0.3773610042322908,NO
749,89,1.939769036429384E-5,NO
750,18,1.939769036429384E-5,NO
751,57,2.8585544700864076E-5,NO
752,86,2.1725312066998727E-5,NO
753,69,0.2325648957715825,NO
754,25,3.194833507495152E-5,NO
755,31,1.3578541290409416E-5,NO
756,21,2.1725312066998727E-5,NO
757,158,6.788533218175873E-5,NO
758,21,2.1725312066998727E-5,NO
759,38,0.3773610042322908,NO
760,51,1.8104557831555184E-5,NO
761,23,5.430974047931625E-5,NO
762,126,0.6249915137573859,NO
763,38,0.3773610042322908,NO
764,55,1.6973061378304398E-5,NO
765,22,1.939769036429384E-5,NO
766,47,8.760433638522767E-6,NO
767,37,1.2931960809643617E-5,NO
768,24,3.394497045647471E-5,NO
769,41,1.939769036429384E-5,NO
770,38,0.3773610042322908,NO
771,48,1.6973061378304398E-5,NO
772,22,1.939769036429384E-5,NO
773,60,0.3921591597820698,NO
774,35,0.2631646651909663,NO
775,42,1.263122513251276E-5,NO
776,67,3.194833507495152E-5,NO
777,33,2.715634509371253E-5,NO
778,76,1.6458743115644087E-5,NO
779,91,0.6666545973984632,NO
780,38,0.3773610042322908,NO
781,97,3.6207804610525316E-5,NO
782,28,1.6458743115644087E-5,NO
783,36,0.3225868621343006,NO
784,23,5.430974047931625E-5,NO
785,35,0.2631646651909663,NO
786,21,2.1725312066998727E-5,NO
787,161,1.8098659803359677E-4,NO
788,22,1.939769036429384E-5,NO
789,72,0.1960849048403784,NO
790,33,2.715634509371253E-5,NO
791,32,0.4878052011552715,NO
792,187,6.034342781348379E-5,NO
793,28,1.6458743115644087E-5,NO
794,39,1.2931960809643617E-5,NO
795,21,2.1725312066998727E-5,NO
796,31,1.3578541290409416E-5,NO
797,21,2.1725312066998727E-5,NO
798,22,1.939769036429384E-5,NO
799,27,9.875375898406519E-6,NO
800,62,1.4293180928794396E-5,NO
801,95,6.788533218175873E-5,NO
802,22,1.939769036429384E-5,NO
803,208,0.7142690883389834,NO
804,54,1.7520560301633867E-5,NO
805,21,2.1725312066998727E-5,NO
806,57,2.8585544700864076E-5,NO
807,37,1.2931960809643617E-5,NO
808,36,0.3225868621343006,NO
809,28,1.6458743115644087E-5,NO
810,57,2.8585544700864076E-5,NO
811,94,0.6249971711244271,NO
812,35,0.2631646651909663,NO
813,44,2.5863252694146735E-5,NO
814,31,1.3578541290409416E-5,NO
815,31,1.3578541290409416E-5,NO
816,22,1.939769036429384E-5,NO
817,41,1.939769036429384E-5,NO
818,185,0.8333182463383788,NO
819,48,1.6973061378304398E-5,NO
820,46,2.8585544700864076E-5,NO
821,34,1.3926699318150084E-5,NO
822,80,7.758173201868161E-5,NO
823,55,1.6973061378304398E-5,NO
824,59,2.715634509371253E-5,NO
825,88,0.7352903588392714,NO
826,21,2.1725312066998727E-5,NO
827,40,2.468770834481637E-5,NO
828,235,0.8333031607090668,NO
829,22,1.939769036429384E-5,NO
830,202,6.788533218175873E-5,NO
831,108,0.5263150372010038,NO
832,32,0.4878052011552715,NO
833,556,5.425670046752645E-4,NO
834,768,5.425670046752645E-4,NO
835,531,5.425670046752645E-4,NO
836,1078,5.425670046752645E-4,NO
837,347,5.425670046752645E-4,NO
838,724,1.8098659803359677E-4,NO
839,409,0.8333031607090668,NO
840,1383,0.9999456902595207,NO
841,1336,5.425670046752645E-4,NO
842,291,1.8098659803359677E-4,NO
843,113,1.0860768404836304E-4,NO
844,89,1.939769036429384E-5,NO
845,292,1.8098659803359677E-4,NO
846,218,1.357522331926281E-4,NO
847,3601,5.425670046752645E-4,NO
848,72,0.1960849048403784,NO
849,231,0.9999456902595207,NO
850,70,1.8728829544562078E-5,NO
851,63,0.18868562612812276,NO
852,110,2.714307717184202E-4,NO
853,158,6.788533218175873E-5,NO
854,227,6.788533218175873E-5,NO
855,343,0.9374851485712938,NO
856,1157,5.425670046752645E-4,NO
857,73,3.194833507495152E-5,NO
858,72,0.1960849048403784,NO
859,981,0.9999456902595207,NO
860,765,5.425670046752645E-4,NO
861,62,1.4293180928794396E-5,NO
862,409,0.8333031607090668,NO
863,234,0.9090505130172815,NO
864,74,0.2439058316874896,NO
865,58,0.22222892769494476,NO
866,21,2.1725312066998727E-5,NO
867,931,5.425670046752645E-4,NO
868,21,2.1725312066998727E-5,NO
869,77,0.3389860154500524,NO
870,85,0.30303678677759105,NO
871,427,0.9999456902595207,NO
872,198,1.8098659803359677E-4,NO
873,79,2.263049243191448E-5,NO
874,52,0.6249957567346555,NO
875,217,1.357522331926281E-4,NO
876,279,1.357522331926281E-4,NO
877,22,1.939769036429384E-5,NO
878,25,3.194833507495152E-5,NO
879,42,1.263122513251276E-5,NO
880,67,3.194833507495152E-5,NO
881,23,5.430974047931625E-5,NO
882,637,0.9999456902595207,NO
883,23,5.430974047931625E-5,NO
884,37,1.2931960809643617E-5,NO
885,35,0.2631646651909663,NO
886,35,0.2631646651909663,NO
887,84,0.22727946045032077,NO
888,449,2.714307717184202E-4,NO
889,58,0.22222892769494476,NO
890,92,0.6060588604076049,NO
891,32,0.4878052011552715,NO
892,521,5.425670046752645E-4,NO
893,24,3.394497045647471E-5,NO
894,42,1.263122513251276E-5,NO
895,42,1.263122513251276E-5,NO
896,36,0.3225868621343006,NO
897,21,2.1725312066998727E-5,NO
898,94,0.6249971711244271,NO
899,388,2.714307717184202E-4,NO
900,21,2.1725312066998727E-5,NO
901,53,1.6458743115644087E-5,NO
902,21,2.1725312066998727E-5,NO
903,105,0.7812452262454621,NO
904,76,1.6458743115644087E-5,NO
905,29,0.4347856888322281,NO
906,48,1.6973061378304398E-5,NO
907,137,0.8571317726623578,NO
908,21,2.1725312066998727E-5,NO
909,42,1.263122513251276E-5,NO
910,21,2.1725312066998727E-5,NO
911,646,0.9999456902595207,NO
912,132,2.1725312066998727E-5,NO
913,90,0.5172410563934428,NO
914,499,5.425670046752645E-4,NO
915,268,0.9999456902595207,NO
916,135,0.5,NO
917,240,1.357522331926281E-4,NO
918,383,0.9999456902595207,NO
919,21,2.1725312066998727E-5,NO
920,768,5.425670046752645E-4,NO
921,21,2.1725312066998727E-5,NO
922,83,0.408165301249166,NO
923,886,5.425670046752645E-4,NO
924,287,0.9999456902595207,NO
925,63,0.18868562612812276,NO
926,129,0.41667043841540535,NO
927,71,3.6207804610525316E-5,NO
928,21,2.1725312066998727E-5,NO
929,400,5.425670046752645E-4,NO
930,961,5.425670046752645E-4,NO
931,76,1.6458743115644087E-5,NO
932,21,2.1725312066998727E-5,NO
933,21,2.1725312066998727E-5,NO
934,123,0.3703755856541132,NO
935,151,3.879387570540975E-5,NO
936,21,2.1725312066998727E-5,NO
937,131,0.4545476988825768,NO
938,189,6.034342781348379E-5,NO
939,37,1.2931960809643617E-5,NO
940,61,0.3846202053287812,NO
941,21,2.1725312066998727E-5,NO
942,81,0.8108016857337617,NO
943,74,0.2439058316874896,NO
944,58,0.22222892769494476,NO
945,51,1.8104557831555184E-5,NO
946,26,6.034342781348379E-5,NO
947,21,2.1725312066998727E-5,NO
948,54,1.7520560301633867E-5,NO
949,43,0.2173979781346713,NO
950,33,2.715634509371253E-5,NO
951,36,0.3225868621343006,NO
952,37,1.2931960809643617E-5,NO
953,28,1.6458743115644087E-5,NO
954,34,1.3926699318150084E-5,NO
955,36,0.3225868621343006,NO
956,34,1.3926699318150084E-5,NO
957,99,0.41667043841540535,NO
958,52,0.6249957567346555,NO
959,128,6.788533218175873E-5,NO
960,38,0.3773610042322908,NO
961,525,5.425670046752645E-4,NO
962,1361,0.9999456902595207,NO
963,129,0.41667043841540535,NO
964,21,2.1725312066998727E-5,NO
965,114,0.555552202940591,NO
966,72,0.1960849048403784,NO
967,70,1.8728829544562078E-5,NO
968,42,1.263122513251276E-5,NO
969,99,0.41667043841540535,NO
970,163,4.525893639979362E-5,NO
971,46,2.8585544700864076E-5,NO
972,85,0.30303678677759105,NO
973,247,2.8585544700864076E-5,NO
974,36,0.3225868621343006,NO
975,37,1.2931960809643617E-5,NO
976,49,1.7520560301633867E-5,NO
977,21,2.1725312066998727E-5,NO
978,39,1.2931960809643617E-5,NO
979,227,6.788533218175873E-5,NO
980,55,1.6973061378304398E-5,NO
981,175,1.357522331926281E-4,NO
982,102,9.050968005588081E-5,NO
983,64,0.3508800349285515,NO
984,67,3.194833507495152E-5,NO
985,180,4.525893639979362E-5,NO
986,127,0.6249915137573859,NO
987,51,1.8104557831555184E-5,NO
988,120,0.6666545973984632,NO
989,21,2.1725312066998727E-5,NO
990,138,0.5,NO
991,181,4.525893639979362E-5,NO
992,61,0.3846202053287812,NO
993,21,2.1725312066998727E-5,NO
994,114,0.555552202940591,NO
995,66,2.0116094436617965E-5,NO
996,72,0.1960849048403784,NO
997,75,0.4347856888322281,NO
998,33,2.715634509371253E-5,NO
999,21,2.1725312066998727E-5,NO
1000,46,2.8585544700864076E-5,NO
1001,46,2.8585544700864076E-5,NO
1002,51,1.8104557831555184E-5,NO
1003,38,0.3773610042322908,NO
1004,40,2.468770834481637E-5,NO
1005,21,2.1725312066998727E-5,NO
1006,781,0.9999456902595207,NO
1007,1323,5.425670046752645E-4,NO
1008,21,2.1725312066998727E-5,NO
1009,2645,5.425670046752645E-4,NO
1010,246,5.425670046752645E-4,NO
1011,21,2.1725312066998727E-5,NO
1012,100,0.44444578553898895,NO
1013,57,2.8585544700864076E-5,NO
1014,68,0.8974303623885707,NO
1015,372,1.8098659803359677E-4,NO
1016,147,3.879387570540975E-5,NO
1017,45,0.30769552158180363,NO
1018,116,1.8098659803359677E-4,NO
1019,40,2.468770834481637E-5,NO
1020,97,3.6207804610525316E-5,NO
1021,758,5.425670046752645E-4,NO
1022,21,2.1725312066998727E-5,NO
1023,55,1.6973061378304398E-5,NO
1024,199,0.5882296561761633,NO
1025,64,0.3508800349285515,NO
1026,103,0.30303678677759105,NO
1027,71,3.6207804610525316E-5,NO
1028,245,2.714307717184202E-4,NO
1029,21,2.1725312066998727E-5,NO
1030,343,0.9374851485712938,NO
1031,244,7.758173201868161E-5,NO
1032,142,4.525893639979362E-5,NO
1033,22,1.939769036429384E-5,NO
1034,266,0.9523575522951815,NO
1035,126,0.6249915137573859,NO
1036,170,1.8098659803359677E-4,NO
1037,648,0.9999456902595207,NO
1038,150,3.879387570540975E-5,NO
1039,65,4.525893639979362E-5,NO
1040,119,5.430974047931625E-5,NO
1041,42,1.263122513251276E-5,NO
1042,54,1.7520560301633867E-5,NO
1043,32,0.4878052011552715,NO
1044,30,1.8098659803359677E-4,NO
1045,40,2.468770834481637E-5,NO
1046,30,1.8098659803359677E-4,NO
1047,34,1.3926699318150084E-5,NO
1048,58,0.22222892769494476,NO
1049,34,1.3926699318150084E-5,NO
1050,34,1.3926699318150084E-5,NO
1051,30,1.8098659803359677E-4,NO
1052,30,1.8098659803359677E-4,NO
1053,49,1.7520560301633867E-5,NO
1054,34,1.3926699318150084E-5,NO
1055,38,0.3773610042322908,NO
1056,30,1.8098659803359677E-4,NO
1057,34,1.3926699318150084E-5,NO
1058,31,1.3578541290409416E-5,NO
1059,42,1.263122513251276E-5,NO
1060,30,1.8098659803359677E-4,NO
1061,29,0.4347856888322281,NO
1062,30,1.8098659803359677E-4,NO
1063,31,1.3578541290409416E-5,NO
1064,32,0.4878052011552715,NO
1065,31,1.3578541290409416E-5,NO
1066,30,1.8098659803359677E-4,NO
1067,34,1.3926699318150084E-5,NO
1068,30,1.8098659803359677E-4,NO
1069,37,1.2931960809643617E-5,NO
1070,38,0.3773610042322908,NO
1071,31,1.3578541290409416E-5,NO
1072,32,0.4878052011552715,NO
1073,31,1.3578541290409416E-5,NO
1074,34,1.3926699318150084E-5,NO
1075,30,1.8098659803359677E-4,NO
1076,122,5.425670046752645E-4,NO
1077,30,1.8098659803359677E-4,NO
1078,30,1.8098659803359677E-4,NO
1079,30,1.8098659803359677E-4,NO
1080,45,0.30769552158180363,NO
1081,38,0.3773610042322908,NO
1082,30,1.8098659803359677E-4,NO
1083,43,0.2173979781346713,NO
1084,31,1.3578541290409416E-5,NO
1085,21,2.1725312066998727E-5,NO
1086,21,2.1725312066998727E-5,NO
1087,110,2.714307717184202E-4,NO
1088,59,2.715634509371253E-5,NO
1089,22,1.939769036429384E-5,NO
1090,354,0.9523575522951815,NO
1091,38,0.3773610042322908,NO
1092,22,1.939769036429384E-5,NO
1093,69,0.2325648957715825,NO
1094,324,0.5882296561761633,NO
1095,100,0.44444578553898895,NO
1096,18,1.939769036429384E-5,NO
1097,51,1.8104557831555184E-5,NO
1098,247,2.8585544700864076E-5,NO
1099,33,2.715634509371253E-5,NO
1100,34,1.3926699318150084E-5,NO
1101,34,1.3926699318150084E-5,NO
1102,18,1.939769036429384E-5,NO
1103,37,1.2931960809643617E-5,NO
1104,18,1.939769036429384E-5,NO
1105,49,1.7520560301633867E-5,NO
1106,138,0.5,NO
1107,109,0.5555538791974916,NO
1108,79,2.263049243191448E-5,NO
1109,68,0.8974303623885707,NO
1110,73,3.194833507495152E-5,NO
1111,18,1.939769036429384E-5,NO
1112,53,1.6458743115644087E-5,NO
1113,44,2.5863252694146735E-5,NO
1114,22,1.939769036429384E-5,NO
1115,18,1.939769036429384E-5,NO
1116,85,0.30303678677759105,NO
1117,131,0.4545476988825768,NO
1118,53,1.6458743115644087E-5,NO
1119,57,2.8585544700864076E-5,NO
1120,64,0.3508800349285515,NO
1121,18,1.939769036429384E-5,NO
1122,75,0.4347856888322281,NO
1123,66,2.0116094436617965E-5,NO
1124,74,0.2439058316874896,NO
1125,33,2.715634509371253E-5,NO
1126,54,1.7520560301633867E-5,NO
1127,53,1.6458743115644087E-5,NO
1128,23,5.430974047931625E-5,NO
1129,39,1.2931960809643617E-5,NO
1130,50,1.206985090057922E-5,NO
1131,31,1.3578541290409416E-5,NO
1132,39,1.2931960809643617E-5,NO
1133,39,1.2931960809643617E-5,NO
1134,22,1.939769036429384E-5,NO
1135,27,9.875375898406519E-6,NO
1136,28,1.6458743115644087E-5,NO
1137,30,1.8098659803359677E-4,NO
1138,34,1.3926699318150084E-5,NO
1139,41,1.939769036429384E-5,NO
1140,59,2.715634509371253E-5,NO
1141,31,1.3578541290409416E-5,NO
1142,51,1.8104557831555184E-5,NO
1143,72,0.1960849048403784,NO
1144,23,5.430974047931625E-5,NO
1145,507,0.9999456902595207,NO
1146,48,1.6973061378304398E-5,NO
1147,77,0.3389860154500524,NO
1148,43,0.2173979781346713,NO
1149,38,0.3773610042322908,NO
1150,47,8.760433638522767E-6,NO
1151,22,1.939769036429384E-5,NO
1152,22,1.939769036429384E-5,NO
1153,86,2.1725312066998727E-5,NO
1154,43,0.2173979781346713,NO
1155,518,2.714307717184202E-4,NO
1156,37,1.2931960809643617E-5,NO
1157,23,5.430974047931625E-5,NO
1158,97,3.6207804610525316E-5,NO
1159,107,3.394497045647471E-5,NO
1160,177,0.7142690883389834,NO
1161,688,5.425670046752645E-4,NO
1162,23,5.430974047931625E-5,NO
1163,152,0.41667043841540535,NO
1164,139,1.357522331926281E-4,NO
1165,140,4.1777770648650224E-5,NO
1166,129,0.41667043841540535,NO
1167,1046,5.425670046752645E-4,NO
1168,46,2.8585544700864076E-5,NO
1169,271,0.9090774428465417,NO
1170,112,1.0860768404836304E-4,NO
1171,95,6.788533218175873E-5,NO
1172,107,3.394497045647471E-5,NO
1173,143,7.758173201868161E-5,NO
1174,22,1.939769036429384E-5,NO
1175,22,1.939769036429384E-5,NO
1176,22,1.939769036429384E-5,NO
1177,44,2.5863252694146735E-5,NO
1178,77,0.3389860154500524,NO
1179,168,0.5,NO
1180,236,0.8333031607090668,NO
1181,131,0.4545476988825768,NO
1182,154,0.9523692520354579,NO
1183,232,7.758173201868161E-5,NO
1184,142,4.525893639979362E-5,NO
1185,23,5.430974047931625E-5,NO
1186,110,2.714307717184202E-4,NO
1187,21,2.1725312066998727E-5,NO
1188,22,1.939769036429384E-5,NO
1189,22,1.939769036429384E-5,NO
1190,22,1.939769036429384E-5,NO
1191,42,1.263122513251276E-5,NO
1192,46,2.8585544700864076E-5,NO
1193,18,1.939769036429384E-5,NO
1194,39,1.2931960809643617E-5,NO
1195,22,1.939769036429384E-5,NO
1196,38,0.3773610042322908,NO
1197,25,3.194833507495152E-5,NO
1198,104,0.4166685525837152,NO
1199,22,1.939769036429384E-5,NO
1200,92,0.6060588604076049,NO
1201,22,1.939769036429384E-5,NO
1202,17,1.939769036429384E-5,NO
1203,58,0.22222892769494476,NO
1204,31,1.3578541290409416E-5,NO
1205,27,9.875375898406519E-6,NO
1206,36,0.3225868621343006,NO
1207,58,0.22222892769494476,NO
1208,31,1.3578541290409416E-5,NO
1209,22,1.939769036429384E-5,NO
1210,68,0.8974303623885707,NO
1211,17,1.939769036429384E-5,NO
1212,31,1.3578541290409416E-5,NO
1213,28,1.6458743115644087E-5,NO
1214,31,1.3578541290409416E-5,NO
1215,36,0.3225868621343006,NO
1216,17,1.939769036429384E-5,NO
1217,17,1.939769036429384E-5,NO
1218,144,0.8333031607090668,NO
1219,123,0.3703755856541132,NO
1220,44,2.5863252694146735E-5,NO
1221,70,1.8728829544562078E-5,NO
1222,208,0.7142690883389834,NO
1223,106,0.44444578553898895,NO
1224,36,0.3225868621343006,NO
1225,338,1.8098659803359677E-4,NO
1226,292,1.8098659803359677E-4,NO
1227,22,1.939769036429384E-5,NO
1228,56,0.2325648957715825,NO
1229,56,0.2325648957715825,NO
1230,36,0.3225868621343006,NO
1231,145,1.357522331926281E-4,NO
1232,37,1.2931960809643617E-5,NO
1233,662,0.9090505130172815,NO
1234,22,1.939769036429384E-5,NO
1235,475,6.788533218175873E-5,NO
1236,22,1.939769036429384E-5,NO
1237,22,1.939769036429384E-5,NO
1238,58,0.22222892769494476,NO
1239,164,6.788533218175873E-5,NO
1240,77,0.3389860154500524,NO
1241,348,5.425670046752645E-4,NO
1242,45,0.30769552158180363,NO
1243,139,1.357522331926281E-4,NO
1244,119,5.430974047931625E-5,NO
1245,113,1.0860768404836304E-4,NO
1246,163,4.525893639979362E-5,NO
1247,117,0.3333393681859439,NO
1248,18,1.939769036429384E-5,NO
1249,22,1.939769036429384E-5,NO
1250,48,1.6973061378304398E-5,NO
1251,266,0.9523575522951815,NO
1252,22,1.939769036429384E-5,NO
1253,18,1.939769036429384E-5,NO
1254,209,1.8098659803359677E-4,NO
1255,43,0.2173979781346713,NO
1256,187,6.034342781348379E-5,NO
1257,41,1.939769036429384E-5,NO
1258,188,6.034342781348379E-5,NO
1259,30,1.8098659803359677E-4,NO
1260,66,2.0116094436617965E-5,NO
1261,57,2.8585544700864076E-5,NO
