ID, Size, Predicted, Actual
0,237,0.01,NO
1,272,0.2054642857142857,NO
2,470,0.075,NO
3,299,0.08100000000000002,NO
4,23,0.0,NO
5,56,0.0,NO
6,51,0.0,NO
7,22,0.0,NO
8,67,0.0,NO
9,23,0.0,NO
10,44,0.0,NO
11,111,0.0,NO
12,74,0.03728571428571429,NO
13,196,0.02,NO
14,39,0.0,NO
15,124,0.04,NO
16,38,0.0,NO
17,22,0.0,NO
18,44,0.0,NO
19,368,0.02,NO
20,22,0.0,NO
21,285,0.0,NO
22,21,0.0,NO
23,22,0.0,NO
24,208,0.0,NO
25,55,0.0,NO
26,21,0.0,NO
27,288,0.05,NO
28,109,0.008333333333333333,NO
29,142,0.05,NO
30,47,0.0,NO
31,54,0.0,NO
32,105,0.0,NO
33,528,0.12,NO
34,284,0.10883333333333337,NO
35,32,0.0,NO
36,35,0.0,NO
37,144,0.01,NO
38,95,0.006,NO
39,164,0.01,NO
40,70,0.0,NO
41,120,0.03,NO
42,38,0.0,NO
43,22,0.0,NO
44,26,0.0,NO
45,21,0.0,NO
46,56,0.0,NO
47,102,0.0,NO
48,107,0.0,NO
49,67,0.0,NO
50,39,0.0,NO
51,52,0.0,NO
52,20,0.0,NO
53,42,0.0,NO
54,36,0.0,NO
55,30,0.0,NO
56,71,0.0,NO
57,57,0.0,NO
58,31,0.0,NO
59,20,0.0,NO
60,90,0.0,NO
61,52,0.0,NO
62,108,0.0,NO
63,20,0.0,NO
64,93,0.0,NO
65,52,0.0,NO
66,121,0.02,NO
67,20,0.0,NO
68,31,0.0,NO
69,109,0.008333333333333333,NO
70,44,0.0,NO
71,72,0.0,NO
72,99,0.0,NO
73,103,0.0,NO
74,20,0.0,NO
75,71,0.0,NO
76,155,0.18166666666666664,NO
77,1468,0.29,NO
78,45,0.0,NO
79,302,0.455,NO
80,3423,0.15,NO
81,320,0.20985714285714288,NO
82,241,0.04733333333333333,NO
83,57,0.0,NO
84,276,0.0,NO
85,59,0.0,NO
86,107,0.175,NO
87,35,0.0,NO
88,93,0.0,NO
89,122,0.03,NO
90,49,0.0,NO
91,60,0.0,NO
92,456,0.0,NO
93,87,0.0,NO
94,130,0.04,NO
95,49,0.0,NO
96,122,0.03,NO
97,99,0.2,NO
98,1787,0.34,NO
99,464,0.16,NO
100,154,0.17,NO
101,40,0.0,NO
102,516,0.12,NO
103,193,0.53,NO
104,391,0.03,NO
105,49,0.0,NO
106,594,0.07,NO
107,32,0.0,NO
108,73,0.0,NO
109,633,0.12333333333333334,NO
110,694,0.36,NO
111,442,0.05,NO
112,1162,0.35,NO
113,278,0.013333333333333332,NO
114,31,0.0,NO
115,73,0.0115,NO
116,59,0.0,NO
117,172,0.04,NO
118,87,0.01,NO
119,166,0.37,NO
120,53,0.0,NO
121,420,0.0,NO
122,219,0.01,NO
123,264,0.28,NO
124,172,0.42,NO
125,38,0.0,NO
126,126,0.15716666666666668,NO
127,85,0.03,NO
128,67,0.0,NO
129,50,0.0,NO
130,37,0.0,NO
131,286,0.11,NO
132,37,0.0,NO
133,239,0.01,NO
134,41,0.0,NO
135,240,0.05,NO
136,109,0.0880357142857143,NO
137,215,0.02,NO
138,387,0.57,NO
139,22,0.0,NO
140,100,0.2056587301587301,NO
141,72,0.03069047619047619,NO
142,351,0.06,NO
143,232,0.1875,NO
144,162,0.33,NO
145,42,0.0,NO
146,458,0.14,NO
147,262,0.29,NO
148,139,0.0,NO
149,69,0.28,NO
150,67,0.0,NO
151,197,0.0375,NO
152,930,0.1806666666666667,NO
153,156,0.0,NO
154,303,0.36357142857142855,NO
155,25,0.0,NO
156,304,0.3535714285714286,NO
157,414,0.065,NO
158,1587,0.17,NO
159,1653,0.08,NO
160,83,0.28,NO
161,444,0.03,NO
162,274,0.1074891774891775,NO
163,47,0.0,NO
164,35,0.0,NO
165,208,0.0,NO
166,111,0.0025,NO
167,227,0.0,NO
168,351,0.44,NO
169,161,0.02,NO
170,136,0.03,NO
171,422,0.07,NO
172,439,0.01,NO
173,153,0.41833333333333333,NO
174,112,0.05,NO
175,224,0.06333333333333334,NO
176,458,0.175,NO
177,2193,0.2,NO
178,277,0.01,NO
179,738,0.06,NO
180,270,0.46,NO
181,257,0.05,NO
182,88,0.008666666666666666,NO
183,459,0.04,NO
184,156,0.125,NO
185,654,0.56,NO
186,119,0.115,NO
187,32,0.33,NO
188,197,0.0,NO
189,1105,0.41,NO
190,628,0.12,NO
191,138,0.04,NO
192,204,0.16,NO
193,550,0.2533333333333333,NO
194,399,0.01,NO
195,42,0.0,NO
196,42,0.0,NO
197,312,0.86,NO
198,85,0.0,NO
199,478,0.0,NO
200,105,0.0,NO
201,252,0.06666666666666667,NO
202,163,0.45,NO
203,348,0.561,NO
204,77,0.03,NO
205,98,0.34085714285714286,NO
206,45,0.04814285714285714,NO
207,102,0.04366666666666667,NO
208,44,0.0,NO
209,51,0.0,NO
210,73,0.0,NO
211,55,0.0,NO
212,57,0.0,NO
213,103,0.04366666666666667,NO
214,121,0.04,NO
215,46,0.0,NO
216,75,0.0,NO
217,226,0.01,NO
218,136,0.02,NO
219,70,0.0,NO
220,160,0.07,NO
221,27,0.0,NO
222,82,0.07666666666666667,NO
223,96,0.24616666666666667,NO
224,106,0.016190476190476186,NO
225,165,0.01,NO
226,72,0.0,NO
227,26,0.0,NO
228,24,0.0,NO
229,810,0.41,NO
230,1804,0.19,NO
231,48,0.0,NO
232,2747,0.03,NO
233,69,0.0,NO
234,23,0.0,NO
235,97,0.024999999999999998,NO
236,144,0.14583333333333337,NO
237,326,0.5011904761904762,NO
238,563,0.5946666666666666,NO
239,22,0.0,NO
240,83,0.09095238095238095,NO
241,51,0.0,NO
242,43,0.0,NO
243,54,0.0,NO
244,43,0.0,NO
245,47,0.0,NO
246,33,0.06,NO
247,224,0.21,NO
248,595,0.14,NO
249,345,0.39183333333333337,NO
250,237,0.0,NO
251,137,0.19783333333333333,NO
252,90,0.14,NO
253,126,0.14909523809523806,NO
254,47,0.0,NO
255,69,0.02083333333333333,NO
256,40,0.0,NO
257,130,0.3325,NO
258,213,0.0,NO
259,115,0.02,NO
260,167,0.014166666666666666,NO
261,283,0.23,NO
262,91,0.01,NO
263,312,0.14166666666666666,NO
264,32,0.29,NO
265,337,0.0,NO
266,807,0.09,NO
267,77,0.018500000000000003,NO
268,87,0.09,NO
269,387,0.14,NO
270,107,0.4016666666666666,NO
271,141,0.22416666666666665,NO
272,814,0.02,NO
273,38,0.01,NO
274,47,0.05,NO
275,23,0.0,NO
276,23,0.0,NO
277,101,0.19989682539682535,NO
278,91,0.01,NO
279,272,0.03,NO
280,23,0.0,NO
281,80,0.0,NO
282,97,0.0,NO
283,382,0.0,NO
284,239,0.0,NO
285,44,0.0,NO
286,76,0.0,NO
287,28,0.0,NO
288,89,0.03,NO
289,37,0.01,NO
290,36,0.18,NO
291,105,0.0,NO
292,193,0.02,NO
293,70,0.0,NO
294,140,0.0,NO
295,25,0.0,NO
296,160,0.11833333333333332,NO
297,23,0.0,NO
298,139,0.042666666666666665,NO
299,111,0.02,NO
300,158,0.10833333333333334,NO
301,34,0.0,NO
302,357,0.1547777777777778,NO
303,70,0.02,NO
304,88,0.275,NO
305,79,0.13,NO
306,934,0.215,NO
307,67,0.01,NO
308,216,0.0,NO
309,265,0.3925,NO
310,155,0.01,NO
311,23,0.0,NO
312,45,0.006666666666666665,NO
313,23,0.0,NO
314,404,0.02,NO
315,246,0.0,NO
316,576,0.44,NO
317,28,0.0,NO
318,467,0.19,NO
319,508,0.01,NO
320,526,0.15,NO
321,82,0.0,NO
322,532,0.16,NO
323,266,0.2925,NO
324,274,0.5283333333333333,NO
325,28,0.0,NO
326,69,0.01,NO
327,139,0.018333333333333333,NO
328,103,0.004,NO
329,46,0.0,NO
330,220,0.02,NO
331,89,0.0,NO
332,98,0.28971428571428565,NO
333,2186,0.03,NO
334,41,0.0,NO
335,85,0.0,NO
336,169,0.06,NO
337,346,0.20066450216450218,NO
338,131,0.27,NO
339,66,0.0,NO
340,106,0.06369047619047617,NO
341,46,0.0,NO
342,157,0.31916666666666665,NO
343,185,0.57,NO
344,126,0.14199999999999996,NO
345,66,0.009000000000000001,NO
346,67,0.009000000000000001,NO
347,289,0.235,NO
348,94,0.09,NO
349,44,0.018500000000000003,NO
350,95,0.048333333333333346,NO
351,44,0.0,NO
352,23,0.0,NO
353,23,0.0,NO
354,763,0.26,NO
355,398,0.212,NO
356,333,0.32,NO
357,138,0.28,NO
358,59,0.0,NO
359,78,0.0,NO
360,53,0.0,NO
361,521,0.05,NO
362,23,0.0,NO
363,45,0.0,NO
364,79,0.0,NO
365,222,0.0,NO
366,107,0.0,NO
367,168,0.0,NO
368,192,0.0025,NO
369,91,0.01,NO
370,252,0.0,NO
371,282,0.05,NO
372,23,0.0,NO
373,342,0.2275,NO
374,69,0.0,NO
375,21,0.0,NO
376,39,0.0,NO
377,22,0.0,NO
378,217,0.0,NO
379,22,0.0,NO
380,76,0.006,NO
381,111,0.05833333333333335,NO
382,81,0.04833333333333334,NO
383,106,0.006444444444444444,NO
384,112,0.061190476190476184,NO
385,87,0.08,NO
386,132,0.153,NO
387,97,0.16333333333333333,NO
388,133,0.28,NO
389,177,0.26,NO
390,148,0.28300000000000003,NO
391,104,0.1782619047619047,NO
392,120,0.05666666666666667,NO
393,137,0.15,NO
394,76,0.0,NO
395,89,0.04833333333333334,NO
396,23,0.0,NO
397,24,0.0,NO
398,62,0.0,NO
399,67,0.0,NO
400,66,0.0,NO
401,63,0.06466666666666665,NO
402,22,0.0,NO
403,60,0.0,NO
404,38,0.0,NO
405,63,0.0,NO
406,23,0.0,NO
407,79,0.0,NO
408,23,0.0,NO
409,176,0.0,NO
410,149,0.03666666666666667,NO
411,23,0.0,NO
412,37,0.0,NO
413,43,0.0,NO
414,49,0.005,NO
415,418,0.05,NO
416,23,0.0,NO
417,58,0.07368192918192921,NO
418,23,0.0,NO
419,80,0.034999999999999996,NO
420,23,0.0,NO
421,91,0.01,NO
422,23,0.0,NO
423,23,0.0,NO
424,25,0.0,NO
425,48,0.0,NO
426,52,0.01,NO
427,53,0.0,NO
428,57,0.07368192918192921,NO
429,24,0.0,NO
430,26,0.0,NO
431,60,0.103234126984127,NO
432,334,0.332,NO
433,42,0.0,NO
434,60,0.0,NO
435,294,0.16,NO
436,77,0.0,NO
437,677,0.4733333333333334,NO
438,56,0.0,NO
439,163,0.07666666666666666,NO
440,56,0.0,NO
441,133,0.0,NO
442,536,0.06,NO
443,121,0.06666666666666667,NO
444,77,0.0,NO
445,175,0.0,NO
446,81,0.01,NO
447,432,0.0,NO
448,129,0.015333333333333332,NO
449,48,0.0,NO
450,164,0.02,NO
451,172,0.0,NO
452,43,0.0,NO
453,73,0.0,NO
454,302,0.013333333333333332,NO
455,551,0.0,NO
456,424,0.0,NO
457,732,0.0,NO
458,562,0.0,NO
459,493,0.0,NO
460,416,0.0,NO
461,359,0.0,NO
462,23,0.0,NO
463,23,0.0,NO
464,694,0.0,NO
465,177,0.06,NO
466,116,0.0,NO
467,20,0.0,NO
468,69,0.0,NO
469,62,0.0,NO
470,34,0.0,NO
471,23,0.0,NO
472,41,0.0,NO
473,50,0.0,NO
474,55,0.0,NO
475,1468,0.0,NO
476,187,0.0,NO
477,162,0.0,NO
478,23,0.0,NO
479,143,0.01,NO
480,74,0.01,NO
481,109,0.0,NO
482,144,0.01,NO
483,75,0.01,NO
484,112,0.05,NO
485,33,0.0,NO
486,92,0.06,NO
487,108,0.0,NO
488,612,0.0,NO
489,20,0.0,NO
490,20,0.0,NO
491,199,0.01476190476190476,NO
492,56,0.0,NO
493,200,0.12,NO
494,60,0.0,NO
495,75,0.01,NO
496,150,0.07,NO
497,40,0.0,NO
498,20,0.0,NO
499,60,0.0,NO
500,88,0.01,NO
501,67,0.0,NO
502,76,0.0,NO
503,21,0.0,NO
504,53,0.0,NO
505,114,0.01,NO
506,121,0.05,NO
507,78,0.035833333333333335,NO
508,20,0.0,NO
509,69,0.0,NO
510,80,0.005,NO
511,79,0.0,NO
512,81,0.02,NO
513,88,0.01,NO
514,20,0.0,NO
515,105,0.0025,NO
516,60,0.0,NO
517,50,0.0,NO
518,28,0.0,NO
519,129,0.03,NO
520,43,0.0,NO
521,76,0.0,NO
522,63,0.0,NO
523,65,0.0,NO
524,76,0.01,NO
525,45,0.0,NO
526,20,0.0,NO
527,212,0.0,NO
528,95,0.0,NO
529,34,0.0,NO
530,35,0.0,NO
531,34,0.0,NO
532,32,0.01,NO
533,188,0.0,NO
534,53,0.0,NO
535,30,0.0,NO
536,101,0.0,NO
537,125,0.01,NO
538,179,0.0,NO
539,123,0.0,NO
540,88,0.0025,NO
541,88,0.0025,NO
542,171,0.0,NO
543,31,0.0,NO
544,30,0.0,NO
545,31,0.0,NO
546,77,0.0,NO
547,77,0.0,NO
548,86,0.1375,NO
549,92,0.10716666666666667,NO
550,61,0.0,NO
551,64,0.0,NO
552,64,0.0,NO
553,103,0.0,NO
554,46,0.0,NO
555,48,0.0,NO
556,48,0.0,NO
557,49,0.0,NO
558,49,0.051666666666666666,NO
559,130,0.00819047619047619,NO
560,82,0.01,NO
561,25,0.0,NO
562,193,0.0,NO
563,114,0.0,NO
564,114,0.0,NO
565,132,0.0,NO
566,79,0.0,NO
567,79,0.0,NO
568,34,0.0,NO
569,49,0.0,NO
570,44,0.0,NO
571,58,0.0033333333333333335,NO
572,92,0.0,NO
573,92,0.0,NO
574,109,0.0,NO
575,80,0.0,NO
576,22,0.0,NO
577,22,0.0,NO
578,205,0.0,NO
579,73,0.0,NO
580,52,0.01,NO
581,85,0.07,NO
582,69,0.0,NO
583,21,0.0,NO
584,104,0.0,NO
585,82,0.0,NO
586,125,0.0,NO
587,180,0.0,NO
588,95,0.2373333333333333,NO
589,214,0.0,NO
590,40,0.005,NO
591,37,0.005,NO
592,22,0.0,NO
593,26,0.0,NO
594,77,0.0,NO
595,116,0.0,NO
596,274,0.06333333333333335,NO
597,29,0.045,NO
598,99,0.3672857142857143,NO
599,262,0.19,NO
600,95,0.048333333333333346,NO
601,46,0.0,NO
602,22,0.0,NO
603,74,0.019380952380952377,NO
604,69,0.0,NO
605,76,0.0,NO
606,175,0.02,NO
607,78,0.3883333333333333,NO
608,69,0.0,NO
609,100,0.2111825396825396,NO
610,83,0.24533730158730158,NO
611,22,0.0,NO
612,82,0.0,NO
613,62,0.0,NO
614,68,0.0,NO
615,59,0.006666666666666666,NO
616,112,0.0,NO
617,68,0.0,NO
618,54,0.0,NO
619,94,0.0033333333333333335,NO
620,80,0.0,NO
621,22,0.0,NO
622,21,0.0,NO
623,76,0.0,NO
624,63,0.06466666666666665,NO
625,43,0.005,NO
626,86,0.04916666666666667,NO
627,67,0.0,NO
628,80,0.0,NO
629,97,0.03333333333333333,NO
630,76,0.0,NO
631,65,0.0,NO
632,22,0.0,NO
633,47,0.0,NO
634,35,0.005,NO
635,31,0.045,NO
636,35,0.005,NO
637,41,0.005,NO
638,36,0.085,NO
639,59,0.006666666666666666,NO
640,39,0.005,NO
641,41,0.005,NO
642,36,0.085,NO
643,33,0.035,NO
644,52,0.0,NO
645,21,0.0,NO
646,27,0.0,NO
647,26,0.0,NO
648,29,0.045,NO
649,33,0.035,NO
650,28,0.0,NO
651,28,0.0,NO
652,33,0.035,NO
653,232,0.09,NO
654,24,0.0,NO
655,27,0.0,NO
656,37,0.005,NO
657,41,0.005,NO
658,18,0.0,NO
659,21,0.0,NO
660,43,0.005,NO
661,45,0.08391666666666667,NO
662,46,0.0,NO
663,42,0.005,NO
664,28,0.0,NO
665,51,0.0,NO
666,50,0.0,NO
667,31,0.045,NO
668,18,0.0,NO
669,23,0.0,NO
670,29,0.045,NO
671,22,0.0,NO
672,192,0.09166666666666666,NO
673,39,0.005,NO
674,40,0.005,NO
675,90,0.0,NO
676,33,0.035,NO
677,33,0.035,NO
678,37,0.005,NO
679,39,0.005,NO
680,58,0.0,NO
681,22,0.0,NO
682,22,0.0,NO
683,58,0.0,NO
684,22,0.0,NO
685,82,0.0,NO
686,64,0.014666666666666666,NO
687,65,0.0,NO
688,21,0.0,NO
689,22,0.0,NO
690,107,0.03976190476190476,NO
691,127,0.023,NO
692,47,0.0,NO
693,133,0.26,NO
694,22,0.0,NO
695,21,0.0,NO
696,109,0.024333333333333332,NO
697,23,0.0,NO
698,39,0.005,NO
699,40,0.005,NO
700,31,0.045,NO
701,31,0.045,NO
702,31,0.045,NO
703,31,0.045,NO
704,42,0.005,NO
705,31,0.045,NO
706,31,0.045,NO
707,22,0.0,NO
708,125,0.0,NO
709,163,0.24,NO
710,21,0.0,NO
711,185,0.03,NO
712,29,0.045,NO
713,93,0.016999999999999998,NO
714,61,0.0,NO
715,71,0.0,NO
716,22,0.0,NO
717,142,0.18,NO
718,78,0.3883333333333333,NO
719,122,0.0,NO
720,237,0.27,NO
721,153,0.0,NO
722,59,0.006666666666666666,NO
723,35,0.005,NO
724,42,0.005,NO
725,45,0.08391666666666667,NO
726,100,0.2111825396825396,NO
727,78,0.3883333333333333,NO
728,62,0.0,NO
729,25,0.0,NO
730,95,0.048333333333333346,NO
731,22,0.0,NO
732,22,0.0,NO
733,117,0.0,NO
734,23,0.0,NO
735,90,0.0,NO
736,22,0.0,NO
737,36,0.085,NO
738,135,0.03,NO
739,67,0.0,NO
740,162,0.31,NO
741,122,0.0,NO
742,76,0.0,NO
743,22,0.0,NO
744,82,0.0,NO
745,352,0.5525,NO
746,308,0.11666666666666667,NO
747,266,0.3325,NO
748,38,0.005,NO
749,89,0.0,NO
750,18,0.0,NO
751,57,0.0,NO
752,86,0.04916666666666667,NO
753,69,0.0,NO
754,25,0.0,NO
755,31,0.045,NO
756,21,0.0,NO
757,158,0.0,NO
758,21,0.0,NO
759,38,0.005,NO
760,51,0.0,NO
761,23,0.0,NO
762,126,0.023,NO
763,38,0.005,NO
764,55,0.0,NO
765,22,0.0,NO
766,47,0.0,NO
767,37,0.006666666666666666,NO
768,24,0.0,NO
769,41,0.006666666666666666,NO
770,38,0.006666666666666666,NO
771,48,0.0,NO
772,22,0.0,NO
773,60,0.016666666666666666,NO
774,35,0.005,NO
775,42,0.006666666666666666,NO
776,67,0.0,NO
777,33,0.035,NO
778,76,0.0,NO
779,91,0.003333333333333333,NO
780,38,0.006666666666666666,NO
781,97,0.03333333333333333,NO
782,28,0.0,NO
783,36,0.085,NO
784,23,0.0,NO
785,35,0.0,NO
786,21,0.0,NO
787,161,0.215,NO
788,22,0.01,NO
789,72,0.05,NO
790,33,0.01,NO
791,32,0.01,NO
792,187,0.0,NO
793,28,0.0,NO
794,39,0.0,NO
795,21,0.0,NO
796,31,0.0,NO
797,21,0.0,NO
798,22,0.01,NO
799,27,0.0,NO
800,62,0.0,NO
801,95,0.23650000000000002,NO
802,22,0.01,NO
803,208,0.0,NO
804,54,0.20666666666666664,NO
805,21,0.01,NO
806,57,0.0,NO
807,37,0.0,NO
808,36,0.0,NO
809,28,0.0,NO
810,57,0.0,NO
811,94,0.0,NO
812,35,0.0,NO
813,44,0.01,NO
814,31,0.0,NO
815,31,0.0,NO
816,22,0.01,NO
817,41,0.0,NO
818,185,0.03,NO
819,48,0.04,NO
820,46,0.03,NO
821,34,0.0,NO
822,80,0.01,NO
823,55,0.0,NO
824,59,0.0,NO
825,88,0.02266666666666666,NO
826,21,0.0,NO
827,40,0.0,NO
828,235,0.11,NO
829,22,0.01,NO
830,202,0.03,NO
831,108,0.2328333333333334,NO
832,32,0.01,NO
833,556,0.781,NO
834,768,0.04,NO
835,531,0.08,NO
836,1078,0.5158333333333333,NO
837,347,0.3750324675324675,NO
838,724,0.44666666666666666,NO
839,409,0.1555,NO
840,1383,0.08733333333333335,NO
841,1336,0.325,NO
842,291,0.4126666666666667,NO
843,113,0.0,NO
844,89,0.26,NO
845,292,0.28,NO
846,218,0.01,NO
847,3601,0.38866666666666666,NO
848,72,0.13,NO
849,231,0.07,NO
850,70,0.0,NO
851,63,0.0,NO
852,110,0.0,NO
853,158,0.0,NO
854,227,0.0,NO
855,343,0.075,NO
856,1157,0.4433333333333333,NO
857,73,0.0,NO
858,72,0.0,NO
859,981,0.02,NO
860,765,0.262,NO
861,62,0.0,NO
862,409,0.08333333333333334,NO
863,234,0.01,NO
864,74,0.0,NO
865,58,0.0,NO
866,21,0.0,NO
867,931,0.4725,NO
868,21,0.0,NO
869,77,0.0,NO
870,85,0.02,NO
871,427,0.14,NO
872,198,0.005,NO
873,79,0.0,NO
874,52,0.0,NO
875,217,0.0,NO
876,279,0.04,NO
877,22,0.04,NO
878,25,0.0,NO
879,42,0.0,NO
880,67,0.0,NO
881,23,0.0,NO
882,637,0.6363333333333333,NO
883,23,0.0,NO
884,37,0.0,NO
885,35,0.0,NO
886,35,0.07,NO
887,84,0.19,NO
888,449,0.30200000000000005,NO
889,58,0.0,NO
890,92,0.01,NO
891,32,0.01,NO
892,521,0.34600000000000003,NO
893,24,0.0,NO
894,42,0.04,NO
895,42,0.04,NO
896,36,0.2,NO
897,21,0.0,NO
898,94,0.2341666666666667,NO
899,388,0.32,NO
900,21,0.0,NO
901,53,0.0,NO
902,21,0.0,NO
903,105,0.2278333333333334,NO
904,76,0.21,NO
905,29,0.0,NO
906,48,0.0,NO
907,137,0.19333333333333336,NO
908,21,0.0,NO
909,42,0.0,NO
910,21,0.0,NO
911,646,0.18,NO
912,132,0.32,NO
913,90,0.0,NO
914,499,0.275,NO
915,268,0.42,NO
916,135,0.06,NO
917,240,0.1,NO
918,383,0.39,NO
919,21,0.0,NO
920,768,0.354,NO
921,21,0.0,NO
922,83,0.205952380952381,NO
923,886,0.11,NO
924,287,0.29,NO
925,63,0.0,NO
926,129,0.0,NO
927,71,0.13,NO
928,21,0.0,NO
929,400,0.07,NO
930,961,0.01,NO
931,76,0.21,NO
932,21,0.0,NO
933,21,0.0,NO
934,123,0.03,NO
935,151,0.0,NO
936,21,0.0,NO
937,131,0.0,NO
938,189,0.0,NO
939,37,0.0,NO
940,61,0.07,NO
941,21,0.0,NO
942,81,0.04,NO
943,74,0.27,NO
944,58,0.0,NO
945,51,0.0,NO
946,26,0.0,NO
947,21,0.0,NO
948,54,0.0,NO
949,43,0.0,NO
950,33,0.0,NO
951,36,0.0,NO
952,37,0.0,NO
953,28,0.0,NO
954,34,0.0,NO
955,36,0.0,NO
956,34,0.0,NO
957,99,0.3672857142857143,NO
958,52,0.27,NO
959,128,0.0,NO
960,38,0.0,NO
961,525,0.25833333333333336,NO
962,1361,0.06,NO
963,129,0.0,NO
964,21,0.0,NO
965,114,0.0,NO
966,72,0.0,NO
967,70,0.0,NO
968,42,0.0,NO
969,99,0.0,NO
970,163,0.0,NO
971,46,0.0,NO
972,85,0.02,NO
973,247,0.0,NO
974,36,0.0,NO
975,37,0.0,NO
976,49,0.0,NO
977,21,0.0,NO
978,39,0.0,NO
979,227,0.0,NO
980,55,0.11666666666666665,NO
981,175,0.0,NO
982,102,0.172,NO
983,64,0.19,NO
984,67,0.0,NO
985,180,0.01,NO
986,127,0.0,NO
987,51,0.0,NO
988,120,0.0,NO
989,21,0.0,NO
990,138,0.03,NO
991,181,0.0,NO
992,61,0.0,NO
993,21,0.0,NO
994,114,0.0,NO
995,66,0.0,NO
996,72,0.0,NO
997,75,0.0,NO
998,33,0.0,NO
999,21,0.0,NO
1000,46,0.0,NO
1001,46,0.0,NO
1002,51,0.0,NO
1003,38,0.0,NO
1004,40,0.0,NO
1005,21,0.0,NO
1006,781,0.162,NO
1007,1323,0.247,NO
1008,21,0.0,NO
1009,2645,0.125,NO
1010,246,0.0,NO
1011,21,0.0,NO
1012,100,0.0,NO
1013,57,0.0,NO
1014,68,0.0,NO
1015,372,0.03,NO
1016,147,0.10333333333333333,NO
1017,45,0.0,NO
1018,116,0.0,NO
1019,40,0.0,NO
1020,97,0.0,NO
1021,758,0.7155,NO
1022,21,0.0,NO
1023,55,0.0,NO
1024,199,0.028333333333333335,NO
1025,64,0.19,NO
1026,103,0.05826190476190475,NO
1027,71,0.0,NO
1028,245,0.01,NO
1029,21,0.0,NO
1030,343,0.3759126984126984,NO
1031,244,0.0,NO
1032,142,0.18,NO
1033,22,0.0,NO
1034,266,0.10083333333333334,NO
1035,126,0.0,NO
1036,170,0.0,NO
1037,648,0.0,NO
1038,150,0.01,NO
1039,65,0.0,NO
1040,119,0.0,NO
1041,42,0.0,NO
1042,54,0.0,NO
1043,32,0.01,NO
1044,30,0.0,NO
1045,40,0.0,NO
1046,30,0.0,NO
1047,34,0.0,NO
1048,58,0.0,NO
1049,34,0.0,NO
1050,34,0.0,NO
1051,30,0.0,NO
1052,30,0.0,NO
1053,49,0.0,NO
1054,34,0.0,NO
1055,38,0.0,NO
1056,30,0.0,NO
1057,34,0.0,NO
1058,31,0.0,NO
1059,42,0.0,NO
1060,30,0.0,NO
1061,29,0.0,NO
1062,30,0.0,NO
1063,31,0.0,NO
1064,32,0.01,NO
1065,31,0.0,NO
1066,30,0.0,NO
1067,34,0.0,NO
1068,30,0.0,NO
1069,37,0.0,NO
1070,38,0.0,NO
1071,31,0.0,NO
1072,32,0.01,NO
1073,31,0.0,NO
1074,34,0.0,NO
1075,30,0.0,NO
1076,122,0.0,NO
1077,30,0.0,NO
1078,30,0.0,NO
1079,30,0.0,NO
1080,45,0.0,NO
1081,38,0.0,NO
1082,30,0.0,NO
1083,43,0.0,NO
1084,31,0.0,NO
1085,21,0.0,NO
1086,21,0.0,NO
1087,110,0.0,NO
1088,59,0.006666666666666666,NO
1089,22,0.0,NO
1090,354,0.5216666666666666,NO
1091,38,0.009166666666666667,NO
1092,22,0.0,NO
1093,69,0.0,NO
1094,324,0.15,NO
1095,100,0.2111825396825396,NO
1096,18,0.0,NO
1097,51,0.0,NO
1098,247,0.035,NO
1099,33,0.0375,NO
1100,34,0.0075,NO
1101,34,0.0075,NO
1102,18,0.0,NO
1103,37,0.009166666666666667,NO
1104,18,0.0,NO
1105,49,0.0,NO
1106,138,0.03,NO
1107,109,0.024333333333333332,NO
1108,79,0.0,NO
1109,68,0.0,NO
1110,73,0.0,NO
1111,18,0.0,NO
1112,53,0.0,NO
1113,44,0.029333333333333333,NO
1114,22,0.0,NO
1115,18,0.0,NO
1116,85,0.0025,NO
1117,131,0.4,NO
1118,53,0.0,NO
1119,57,0.0,NO
1120,64,0.014666666666666666,NO
1121,18,0.0,NO
1122,75,0.0,NO
1123,66,0.0,NO
1124,74,0.019380952380952377,NO
1125,33,0.0375,NO
1126,54,0.0,NO
1127,53,0.0,NO
1128,23,0.0,NO
1129,39,0.009166666666666667,NO
1130,50,0.0,NO
1131,31,0.0475,NO
1132,39,0.009166666666666667,NO
1133,39,0.009166666666666667,NO
1134,22,0.0,NO
1135,27,0.0,NO
1136,28,0.0,NO
1137,30,0.0175,NO
1138,34,0.0075,NO
1139,41,0.009166666666666667,NO
1140,59,0.006666666666666666,NO
1141,31,0.0475,NO
1142,51,0.0,NO
1143,72,0.0,NO
1144,23,0.0,NO
1145,507,0.6765000000000001,NO
1146,48,0.0,NO
1147,77,0.0,NO
1148,43,0.01583333333333333,NO
1149,38,0.009166666666666667,NO
1150,47,0.0,NO
1151,22,0.0,NO
1152,22,0.0,NO
1153,86,0.04916666666666667,NO
1154,43,0.01583333333333333,NO
1155,518,0.7440000000000001,NO
1156,37,0.009166666666666667,NO
1157,23,0.0,NO
1158,97,0.03333333333333333,NO
1159,107,0.03976190476190476,NO
1160,177,0.11,NO
1161,688,0.7421666666666666,NO
1162,23,0.0,NO
1163,152,0.0,NO
1164,139,0.0,NO
1165,140,0.0,NO
1166,129,0.0,NO
1167,1046,0.4933333333333333,NO
1168,46,0.0,NO
1169,271,0.37,NO
1170,112,0.0,NO
1171,95,0.042333333333333334,NO
1172,107,0.03976190476190476,NO
1173,143,0.07,NO
1174,22,0.0,NO
1175,22,0.0,NO
1176,22,0.0,NO
1177,44,0.029333333333333333,NO
1178,77,0.0,NO
1179,168,0.0,NO
1180,236,0.12,NO
1181,131,0.31,NO
1182,154,0.01,NO
1183,232,0.0,NO
1184,142,0.0,NO
1185,23,0.0,NO
1186,110,0.0,NO
1187,21,0.0,NO
1188,22,0.0,NO
1189,22,0.0,NO
1190,22,0.0,NO
1191,42,0.009166666666666667,NO
1192,46,0.0,NO
1193,18,0.0,NO
1194,39,0.009166666666666667,NO
1195,22,0.0,NO
1196,38,0.009166666666666667,NO
1197,25,0.0,NO
1198,104,0.07826190476190475,NO
1199,22,0.0,NO
1200,92,0.041666666666666664,NO
1201,22,0.0,NO
1202,17,0.0,NO
1203,58,0.0,NO
1204,31,0.0475,NO
1205,27,0.0,NO
1206,36,0.0875,NO
1207,58,0.0,NO
1208,31,0.0475,NO
1209,22,0.0,NO
1210,68,0.0,NO
1211,17,0.0,NO
1212,31,0.0475,NO
1213,28,0.0,NO
1214,31,0.0475,NO
1215,36,0.0875,NO
1216,17,0.0,NO
1217,17,0.0,NO
1218,144,0.06,NO
1219,123,0.01,NO
1220,44,0.029333333333333333,NO
1221,70,0.0,NO
1222,208,0.0,NO
1223,106,0.05869047619047617,NO
1224,36,0.0925,NO
1225,338,0.30227777777777776,NO
1226,292,0.28,NO
1227,22,0.0,NO
1228,56,0.005,NO
1229,56,0.005,NO
1230,36,0.0925,NO
1231,145,0.0,NO
1232,37,0.014166666666666668,NO
1233,662,0.6696666666666666,NO
1234,22,0.0,NO
1235,475,0.4531666666666667,NO
1236,22,0.0,NO
1237,22,0.0,NO
1238,58,0.005,NO
1239,164,0.07,NO
1240,77,0.0,NO
1241,348,0.4441991341991342,NO
1242,45,0.09975,NO
1243,139,0.0,NO
1244,119,0.0,NO
1245,113,0.0,NO
1246,163,0.24,NO
1247,117,0.0,NO
1248,18,0.0,NO
1249,22,0.0,NO
1250,48,0.005,NO
1251,266,0.4025,NO
1252,22,0.0,NO
1253,18,0.0,NO
1254,209,0.0,NO
1255,43,0.0,NO
1256,187,0.03935714285714286,NO
1257,41,0.0,NO
1258,188,0.03,NO
1259,30,0.0,NO
1260,66,0.0,NO
1261,57,0.0,NO
