ID, Size, Predicted, Actual
0,215,6.89655172413793E-4,NO
1,274,0.9993103448275861,YES
2,461,0.9993103448275861,YES
3,138,6.89655172413793E-4,NO
4,358,2.300966405890474E-4,NO
5,1248,0.9993103448275861,YES
6,51,8.631106507854305E-5,NO
7,45,0.09096045197740112,NO
8,157,6.89655172413793E-4,NO
9,31,7.672241829062451E-5,NO
10,1008,0.9993103448275861,YES
11,55,6.89655172413793E-4,NO
12,204,0.9993103448275861,NO
13,55,1.7259233690024162E-4,NO
14,103,1.7259233690024162E-4,NO
15,83,0.9993103448275861,YES
16,262,6.89655172413793E-4,NO
17,83,0.1667433831990794,NO
18,867,0.9993103448275861,YES
19,40,2.300966405890474E-4,NO
20,387,6.89655172413793E-4,YES
21,390,6.89655172413793E-4,NO
22,51,8.631106507854305E-5,NO
23,637,0.9993103448275861,YES
24,32,0.12506473329880888,NO
25,68,6.89655172413793E-4,YES
26,547,6.89655172413793E-4,NO
27,566,6.89655172413793E-4,NO
28,314,0.9993103448275861,YES
29,839,6.89655172413793E-4,NO
30,211,6.89655172413793E-4,NO
31,31,7.672241829062451E-5,NO
32,50,5.311802825879103E-5,NO
33,27,2.8773666340565113E-5,NO
34,175,0.9993103448275861,NO
35,50,6.89655172413793E-4,NO
36,62,4.9324257669922065E-5,NO
37,87,6.89655172413793E-4,NO
38,52,3.450655624568668E-4,NO
39,373,6.89655172413793E-4,NO
40,224,6.89655172413793E-4,NO
41,118,0.1667433831990794,YES
42,83,0.1667433831990794,NO
43,147,9.863878477017163E-5,NO
44,58,2.300966405890474E-4,NO
45,44,9.863878477017163E-5,NO
46,106,0.12506473329880888,NO
47,189,0.9993103448275861,NO
48,151,2.300966405890474E-4,NO
49,352,6.89655172413793E-4,YES
50,849,0.9993103448275861,YES
51,877,6.89655172413793E-4,YES
52,41,1.1507479861910241E-4,NO
53,319,3.450655624568668E-4,YES
54,27,2.8773666340565113E-5,NO
55,55,1.7259233690024162E-4,NO
56,94,0.30002762049440684,NO
57,191,1.3808340237503452E-4,NO
58,90,0.12506473329880888,NO
59,90,0.12506473329880888,NO
60,271,0.9993103448275861,YES
61,152,0.9993103448275861,NO
62,90,0.12506473329880888,YES
63,82,0.5,NO
64,147,9.863878477017163E-5,NO
65,422,2.300966405890474E-4,YES
66,1059,0.9993103448275861,YES
67,530,6.89655172413793E-4,NO
68,205,0.9993103448275861,YES
69,190,0.9993103448275861,YES
70,86,0.5,NO
71,207,0.9993103448275861,YES
72,397,6.89655172413793E-4,YES
73,573,6.89655172413793E-4,NO
74,126,3.450655624568668E-4,YES
75,167,0.9993103448275861,YES
76,109,1.1507479861910241E-4,NO
77,85,1.1507479861910241E-4,NO
78,237,0.5,NO
79,424,0.9993103448275861,YES
80,47,3.836415253587048E-5,NO
81,1118,0.9993103448275861,YES
82,27,2.8773666340565113E-5,NO
83,89,9.863878477017163E-5,NO
84,474,0.9993103448275861,YES
85,166,1.7259233690024162E-4,NO
86,92,0.0833812866843135,NO
87,476,0.9993103448275861,YES
88,93,3.450655624568668E-4,NO
89,244,3.450655624568668E-4,NO
90,204,0.9993103448275861,YES
91,252,6.89655172413793E-4,NO
92,109,1.1507479861910241E-4,YES
93,618,0.9993103448275861,YES
94,565,6.89655172413793E-4,YES
95,69,0.200082850041425,NO
96,77,0.13336709326949636,NO
97,97,6.89655172413793E-4,NO
98,343,6.89655172413793E-4,NO
99,214,1.3808340237503452E-4,NO
100,79,1.1507479861910241E-4,NO
101,25,1.3808340237503452E-4,NO
102,84,0.0833812866843135,NO
103,34,9.863878477017163E-5,NO
104,33,1.3808340237503452E-4,NO
105,104,1.1507479861910241E-4,NO
106,172,2.300966405890474E-4,NO
107,70,8.631106507854305E-5,NO
108,140,1.7259233690024162E-4,NO
109,156,1.7259233690024162E-4,NO
110,142,6.89655172413793E-4,NO
111,152,1.7259233690024162E-4,NO
112,31,7.672241829062451E-5,NO
113,60,0.1429275991319787,NO
114,60,0.1429275991319787,NO
115,876,6.89655172413793E-4,NO
116,61,2.300966405890474E-4,NO
117,185,6.89655172413793E-4,NO
118,264,6.89655172413793E-4,NO
119,43,0.10005524098881369,NO
120,248,3.450655624568668E-4,NO
121,310,0.9993103448275861,YES
122,199,6.89655172413793E-4,NO
123,194,6.89655172413793E-4,NO
124,346,6.89655172413793E-4,NO
125,90,6.89655172413793E-4,NO
126,335,3.450655624568668E-4,YES
127,372,0.9993103448275861,YES
128,84,0.0833812866843135,NO
129,53,1.1507479861910241E-4,NO
130,148,0.9993103448275861,YES
131,4088,3.450655624568668E-4,NO
132,860,0.9993103448275861,YES
133,47,3.836415253587048E-5,NO
134,101,0.12506473329880888,NO
135,517,0.9993103448275861,YES
136,327,0.5,YES
137,275,6.89655172413793E-4,YES
138,136,0.9996549344375432,YES
139,56,0.09096045197740112,NO
140,74,2.762278327164245E-5,YES
141,362,2.300966405890474E-4,YES
142,174,1.7259233690024162E-4,NO
143,148,6.89655172413793E-4,NO
144,92,6.89655172413793E-4,NO
145,45,0.09096045197740112,NO
146,39,5.754402117619979E-5,NO
147,182,0.9993103448275861,NO
148,77,6.89655172413793E-4,NO
149,666,6.89655172413793E-4,NO
150,88,1.1507479861910241E-4,YES
151,263,6.89655172413793E-4,YES
152,54,6.90512360171247E-5,NO
153,76,1.1507479861910241E-4,NO
154,132,3.450655624568668E-4,NO
155,160,1.7259233690024162E-4,YES
156,152,1.7259233690024162E-4,NO
157,39,5.754402117619979E-5,NO
158,677,6.89655172413793E-4,NO
159,131,2.300966405890474E-4,NO
160,47,3.836415253587048E-5,NO
161,129,1.7259233690024162E-4,NO
162,43,0.10005524098881369,NO
163,73,3.450655624568668E-4,NO
164,257,3.450655624568668E-4,NO
165,356,6.89655172413793E-4,NO
166,62,4.9324257669922065E-5,NO
167,45,0.09096045197740112,NO
168,97,6.89655172413793E-4,NO
169,131,0.9993103448275861,YES
170,68,3.450655624568668E-4,YES
171,99,2.300966405890474E-4,NO
172,53,1.1507479861910241E-4,NO
173,81,0.9996549344375432,NO
174,78,0.9996549344375432,YES
175,69,0.200082850041425,NO
176,69,0.200082850041425,NO
177,77,0.13336709326949636,NO
178,72,4.9324257669922065E-5,NO
179,72,4.9324257669922065E-5,NO
180,63,0.0769680229469882,NO
181,50,5.311802825879103E-5,NO
182,28,6.90512360171247E-5,NO
183,96,0.33341003221352966,NO
184,40,2.300966405890474E-4,NO
185,76,1.1507479861910241E-4,NO
186,49,6.277463904582549E-5,NO
187,63,0.0769680229469882,NO
188,55,1.7259233690024162E-4,NO
189,45,0.09096045197740112,NO
190,476,3.450655624568668E-4,NO
191,77,0.13336709326949636,NO
192,69,0.200082850041425,NO
193,104,1.1507479861910241E-4,NO
194,115,3.450655624568668E-4,NO
195,421,3.450655624568668E-4,NO
196,61,2.300966405890474E-4,NO
197,2009,6.89655172413793E-4,NO
198,179,1.7259233690024162E-4,NO
199,106,0.12506473329880888,NO
200,33,1.3808340237503452E-4,NO
201,657,3.450655624568668E-4,NO
202,295,3.450655624568668E-4,NO
203,872,3.450655624568668E-4,NO
204,444,3.450655624568668E-4,NO
205,168,0.200082850041425,NO
206,752,3.450655624568668E-4,NO
207,135,3.450655624568668E-4,NO
208,1126,3.450655624568668E-4,NO
209,163,1.3808340237503452E-4,NO
210,184,3.450655624568668E-4,NO
211,51,8.631106507854305E-5,NO
212,25,1.3808340237503452E-4,NO
213,180,1.3808340237503452E-4,NO
214,64,0.09096045197740112,NO
215,101,0.12506473329880888,NO
216,512,3.450655624568668E-4,NO
217,187,3.450655624568668E-4,NO
218,56,0.09096045197740112,NO
219,39,5.754402117619979E-5,NO
220,261,3.450655624568668E-4,NO
221,73,3.450655624568668E-4,NO
222,65,3.450655624568668E-4,NO
223,329,3.450655624568668E-4,NO
224,64,0.09096045197740112,NO
225,164,3.450655624568668E-4,NO
226,624,1.7259233690024162E-4,NO
227,74,2.762278327164245E-5,NO
228,117,0.1667433831990794,NO
229,84,0.0833812866843135,NO
230,226,6.89655172413793E-4,NO
231,76,1.1507479861910241E-4,NO
232,323,3.450655624568668E-4,NO
233,72,4.9324257669922065E-5,NO
234,42,5.754402117619979E-5,NO
235,48,5.311802825879103E-5,NO
236,89,9.863878477017163E-5,NO
237,380,3.450655624568668E-4,NO
238,141,6.89655172413793E-4,NO
239,148,0.2857565594791872,NO
240,191,1.3808340237503452E-4,NO
241,46,1.7259233690024162E-4,NO
242,165,2.300966405890474E-4,NO
243,171,3.450655624568668E-4,NO
244,56,0.09096045197740112,NO
245,179,1.7259233690024162E-4,NO
246,74,2.762278327164245E-5,NO
247,36,1.1507479861910241E-4,NO
248,37,4.6036276585949725E-5,NO
249,34,9.863878477017163E-5,NO
250,34,9.863878477017163E-5,NO
251,38,0.1429275991319787,NO
252,39,5.754402117619979E-5,NO
253,156,1.7259233690024162E-4,NO
254,84,0.0833812866843135,NO
255,117,0.1667433831990794,NO
256,94,0.30002762049440684,NO
257,71,2.300966405890474E-4,NO
258,183,8.631106507854305E-5,NO
259,85,1.1507479861910241E-4,NO
260,183,8.631106507854305E-5,NO
261,70,8.631106507854305E-5,NO
262,54,6.90512360171247E-5,NO
263,160,1.7259233690024162E-4,NO
264,128,1.7259233690024162E-4,NO
265,151,2.300966405890474E-4,NO
266,422,2.300966405890474E-4,NO
267,221,6.89655172413793E-4,NO
268,50,5.311802825879103E-5,NO
269,42,5.754402117619979E-5,NO
270,624,1.7259233690024162E-4,NO
271,377,3.450655624568668E-4,NO
272,382,0.9993103448275861,NO
273,72,4.9324257669922065E-5,NO
274,92,0.0833812866843135,NO
275,282,6.89655172413793E-4,NO
276,371,2.300966405890474E-4,NO
277,47,3.836415253587048E-5,NO
278,108,1.3808340237503452E-4,NO
279,111,8.631106507854305E-5,NO
280,319,3.450655624568668E-4,NO
281,129,1.7259233690024162E-4,NO
282,49,6.277463904582549E-5,NO
283,358,2.300966405890474E-4,NO
284,277,3.450655624568668E-4,NO
285,49,6.277463904582549E-5,NO
286,89,9.863878477017163E-5,NO
287,41,1.1507479861910241E-4,NO
288,66,9.863878477017163E-5,NO
289,63,0.0769680229469882,NO
290,24,2.300966405890474E-4,NO
291,50,5.311802825879103E-5,NO
292,72,4.9324257669922065E-5,NO
293,47,3.836415253587048E-5,NO
294,47,3.836415253587048E-5,NO
295,183,8.631106507854305E-5,NO
296,49,6.277463904582549E-5,NO
297,50,5.311802825879103E-5,NO
298,98,0.10005524098881369,NO
299,143,2.300966405890474E-4,NO
300,43,0.10005524098881369,NO
301,42,5.754402117619979E-5,NO
302,56,0.09096045197740112,NO
303,44,9.863878477017163E-5,NO
304,26,2.300966405890474E-4,NO
305,254,3.450655624568668E-4,NO
306,16883,3.450655624568668E-4,NO
307,74,2.762278327164245E-5,NO
308,153,0.200082850041425,NO
309,68,3.450655624568668E-4,NO
310,100,1.3808340237503452E-4,NO
311,550,6.89655172413793E-4,NO
312,437,3.450655624568668E-4,NO
313,1038,6.89655172413793E-4,NO
314,104,1.1507479861910241E-4,NO
315,332,6.89655172413793E-4,NO
316,123,1.1507479861910241E-4,NO
317,106,0.12506473329880888,NO
318,106,0.12506473329880888,NO
319,94,0.30002762049440684,NO
320,101,0.12506473329880888,NO
321,38,0.1429275991319787,NO
322,628,6.89655172413793E-4,YES
323,32,0.12506473329880888,NO
324,111,8.631106507854305E-5,NO
325,35,0.12506473329880888,NO
326,90,0.12506473329880888,NO
327,27,2.8773666340565113E-5,NO
328,28,6.90512360171247E-5,NO
329,92,0.0833812866843135,NO
330,979,0.9993103448275861,NO
331,67,1.7259233690024162E-4,NO
332,29,1.7259233690024162E-4,NO
333,105,0.400027616680475,NO
334,72,4.9324257669922065E-5,NO
335,37,4.6036276585949725E-5,NO
336,47,3.836415253587048E-5,NO
337,31,7.672241829062451E-5,NO
338,90,0.12506473329880888,NO
339,223,3.450655624568668E-4,NO
340,214,1.3808340237503452E-4,NO
341,107,3.450655624568668E-4,NO
342,37,4.6036276585949725E-5,NO
343,27,2.8773666340565113E-5,NO
344,48,5.311802825879103E-5,NO
345,167,6.89655172413793E-4,NO
346,213,3.450655624568668E-4,NO
347,867,6.89655172413793E-4,NO
348,159,3.450655624568668E-4,NO
349,100,1.3808340237503452E-4,NO
350,96,0.33341003221352966,NO
351,842,6.89655172413793E-4,NO
352,535,6.89655172413793E-4,NO
353,83,0.1667433831990794,NO
354,63,0.0769680229469882,NO
355,76,1.1507479861910241E-4,NO
356,202,3.450655624568668E-4,NO
357,155,6.89655172413793E-4,NO
358,1263,6.89655172413793E-4,NO
359,74,2.762278327164245E-5,NO
360,101,0.12506473329880888,NO
361,27,2.8773666340565113E-5,NO
362,22,1.3808340237503452E-4,NO
363,491,6.89655172413793E-4,NO
364,62,4.9324257669922065E-5,NO
365,59,3.450655624568668E-4,NO
366,99,2.300966405890474E-4,NO
367,27,2.8773666340565113E-5,NO
368,77,0.13336709326949636,NO
369,863,0.9993103448275861,NO
370,64,0.09096045197740112,NO
371,45,0.09096045197740112,NO
372,63,0.0769680229469882,NO
373,54,6.90512360171247E-5,NO
374,64,0.09096045197740112,NO
375,132,7.672241829062451E-5,NO
376,182,0.9993103448275861,NO
377,70,8.631106507854305E-5,NO
378,36,1.1507479861910241E-4,NO
379,58,0.0769680229469882,NO
380,62,4.9324257669922065E-5,NO
381,132,7.672241829062451E-5,NO
382,74,2.762278327164245E-5,NO
383,86,1.3808340237503452E-4,NO
384,74,2.762278327164245E-5,NO
385,48,5.311802825879103E-5,NO
386,74,2.762278327164245E-5,NO
387,86,1.3808340237503452E-4,NO
388,355,3.450655624568668E-4,NO
389,53,1.1507479861910241E-4,NO
390,804,6.89655172413793E-4,NO
391,75,3.450655624568668E-4,NO
392,125,2.300966405890474E-4,NO
393,200,3.450655624568668E-4,NO
394,134,3.450655624568668E-4,NO
395,57,1.3808340237503452E-4,NO
396,123,1.1507479861910241E-4,NO
397,266,6.89655172413793E-4,YES
398,162,0.200082850041425,NO
399,130,3.450655624568668E-4,YES
400,108,1.3808340237503452E-4,YES
401,354,6.89655172413793E-4,YES
402,88,1.1507479861910241E-4,YES
403,28,6.90512360171247E-5,NO
404,58,0.0769680229469882,NO
405,308,6.89655172413793E-4,YES
406,343,6.89655172413793E-4,YES
407,103,1.7259233690024162E-4,NO
408,35,0.12506473329880888,NO
409,98,0.10005524098881369,NO
410,117,0.1667433831990794,NO
