ID, Size, Predicted, Actual
0,198,2.155788181989055E-4,NO
1,107,2.155788181989055E-4,NO
2,69,2.155788181989055E-4,NO
3,70,2.155788181989055E-4,NO
4,30,2.155788181989055E-4,NO
5,553,8.612013322030561E-4,NO
6,685,8.612013322030561E-4,NO
7,526,8.612013322030561E-4,NO
8,1473,4.3097181960671533E-4,NO
9,1077,4.3097181960671533E-4,NO
10,1320,4.3097181960671533E-4,NO
11,410,8.612013322030561E-4,NO
12,1296,4.3097181960671533E-4,NO
13,1318,4.3097181960671533E-4,NO
14,260,2.155788181989055E-4,NO
15,113,2.155788181989055E-4,NO
16,90,2.155788181989055E-4,NO
17,313,2.155788181989055E-4,NO
18,209,2.155788181989055E-4,NO
19,3340,2.155788181989055E-4,NO
20,68,2.155788181989055E-4,NO
21,300,2.155788181989055E-4,NO
22,202,2.155788181989055E-4,NO
23,389,2.155788181989055E-4,NO
24,70,2.155788181989055E-4,NO
25,296,2.155788181989055E-4,NO
26,92,2.155788181989055E-4,NO
27,192,2.155788181989055E-4,NO
28,66,2.155788181989055E-4,NO
29,463,8.612013322030561E-4,NO
30,169,2.155788181989055E-4,NO
31,384,2.155788181989055E-4,NO
32,195,2.155788181989055E-4,NO
33,1118,4.3097181960671533E-4,NO
34,78,2.155788181989055E-4,NO
35,100,2.155788181989055E-4,NO
36,104,2.155788181989055E-4,NO
37,43,2.155788181989055E-4,NO
38,311,2.155788181989055E-4,NO
39,834,8.612013322030561E-4,NO
40,57,2.155788181989055E-4,NO
41,259,2.155788181989055E-4,NO
42,399,2.155788181989055E-4,NO
43,233,2.155788181989055E-4,NO
44,74,2.155788181989055E-4,NO
45,55,2.155788181989055E-4,NO
46,229,2.155788181989055E-4,NO
47,373,2.155788181989055E-4,NO
48,21,2.155788181989055E-4,NO
49,926,8.612013322030561E-4,NO
50,21,2.155788181989055E-4,NO
51,621,8.612013322030561E-4,NO
52,37,2.155788181989055E-4,NO
53,35,2.155788181989055E-4,NO
54,32,2.155788181989055E-4,NO
55,83,2.155788181989055E-4,NO
56,458,8.612013322030561E-4,NO
57,54,2.155788181989055E-4,NO
58,92,2.155788181989055E-4,NO
59,32,2.155788181989055E-4,NO
60,536,8.612013322030561E-4,NO
61,24,2.155788181989055E-4,NO
62,37,2.155788181989055E-4,NO
63,34,2.155788181989055E-4,NO
64,34,2.155788181989055E-4,NO
65,25,2.155788181989055E-4,NO
66,21,2.155788181989055E-4,NO
67,76,2.155788181989055E-4,NO
68,31,8.612013322030561E-4,NO
69,32,2.155788181989055E-4,NO
70,186,2.155788181989055E-4,NO
71,91,2.155788181989055E-4,NO
72,356,2.155788181989055E-4,NO
73,28,2.155788181989055E-4,NO
74,40,2.155788181989055E-4,NO
75,21,2.155788181989055E-4,NO
76,54,2.155788181989055E-4,NO
77,103,2.155788181989055E-4,NO
78,76,2.155788181989055E-4,NO
79,29,2.155788181989055E-4,NO
80,47,2.155788181989055E-4,NO
81,132,2.155788181989055E-4,NO
82,21,2.155788181989055E-4,NO
83,41,2.155788181989055E-4,NO
84,43,2.155788181989055E-4,NO
85,34,2.155788181989055E-4,NO
86,21,2.155788181989055E-4,NO
87,98,2.155788181989055E-4,NO
88,61,2.155788181989055E-4,NO
89,124,2.155788181989055E-4,NO
90,89,2.155788181989055E-4,NO
91,374,2.155788181989055E-4,NO
92,133,2.155788181989055E-4,NO
93,750,8.612013322030561E-4,NO
94,164,2.155788181989055E-4,NO
95,103,2.155788181989055E-4,NO
96,361,2.155788181989055E-4,NO
97,21,2.155788181989055E-4,NO
98,128,2.155788181989055E-4,NO
99,175,2.155788181989055E-4,NO
100,37,2.155788181989055E-4,NO
101,60,2.155788181989055E-4,NO
102,21,2.155788181989055E-4,NO
103,41,2.155788181989055E-4,NO
104,183,2.155788181989055E-4,NO
105,57,2.155788181989055E-4,NO
106,60,2.155788181989055E-4,NO
107,34,2.155788181989055E-4,NO
108,21,2.155788181989055E-4,NO
109,76,2.155788181989055E-4,NO
110,73,2.155788181989055E-4,NO
111,58,2.155788181989055E-4,NO
112,54,2.155788181989055E-4,NO
113,24,2.155788181989055E-4,NO
114,21,2.155788181989055E-4,NO
115,519,8.612013322030561E-4,NO
116,43,2.155788181989055E-4,NO
117,33,2.155788181989055E-4,NO
118,36,2.155788181989055E-4,NO
119,38,2.155788181989055E-4,NO
120,28,2.155788181989055E-4,NO
121,34,2.155788181989055E-4,NO
122,36,2.155788181989055E-4,NO
123,34,2.155788181989055E-4,NO
124,95,2.155788181989055E-4,NO
125,126,2.155788181989055E-4,NO
126,38,2.155788181989055E-4,NO
127,1336,4.3097181960671533E-4,NO
128,133,2.155788181989055E-4,NO
129,21,2.155788181989055E-4,NO
130,228,2.155788181989055E-4,NO
131,72,2.155788181989055E-4,NO
132,42,2.155788181989055E-4,NO
133,162,2.155788181989055E-4,NO
134,87,2.155788181989055E-4,NO
135,33,2.155788181989055E-4,NO
136,34,2.155788181989055E-4,NO
137,46,2.155788181989055E-4,NO
138,21,2.155788181989055E-4,NO
139,400,2.155788181989055E-4,NO
140,39,2.155788181989055E-4,NO
141,225,2.155788181989055E-4,NO
142,51,2.155788181989055E-4,NO
143,66,2.155788181989055E-4,NO
144,184,2.155788181989055E-4,NO
145,51,2.155788181989055E-4,NO
146,120,2.155788181989055E-4,NO
147,69,2.155788181989055E-4,NO
148,21,2.155788181989055E-4,NO
149,180,2.155788181989055E-4,NO
150,211,2.155788181989055E-4,NO
151,61,2.155788181989055E-4,NO
152,21,2.155788181989055E-4,NO
153,113,2.155788181989055E-4,NO
154,66,2.155788181989055E-4,NO
155,72,2.155788181989055E-4,NO
156,74,2.155788181989055E-4,NO
157,33,2.155788181989055E-4,NO
158,21,2.155788181989055E-4,NO
159,24,2.155788181989055E-4,NO
160,63,2.155788181989055E-4,NO
161,58,2.155788181989055E-4,NO
162,45,2.155788181989055E-4,NO
163,84,2.155788181989055E-4,NO
164,1526,4.3097181960671533E-4,NO
165,21,2.155788181989055E-4,NO
166,46,2.155788181989055E-4,NO
167,46,2.155788181989055E-4,NO
168,51,2.155788181989055E-4,NO
169,38,2.155788181989055E-4,NO
170,40,2.155788181989055E-4,NO
171,109,2.155788181989055E-4,NO
172,172,2.155788181989055E-4,NO
173,51,2.155788181989055E-4,NO
174,60,2.155788181989055E-4,NO
175,42,2.155788181989055E-4,NO
176,59,2.155788181989055E-4,NO
177,120,2.155788181989055E-4,NO
178,151,2.155788181989055E-4,NO
179,2679,2.155788181989055E-4,NO
180,243,2.155788181989055E-4,NO
181,21,2.155788181989055E-4,NO
182,102,2.155788181989055E-4,NO
183,56,2.155788181989055E-4,NO
184,65,2.155788181989055E-4,NO
185,227,2.155788181989055E-4,NO
186,134,2.155788181989055E-4,NO
187,502,8.612013322030561E-4,NO
188,179,2.155788181989055E-4,NO
189,131,2.155788181989055E-4,NO
190,241,2.155788181989055E-4,NO
191,480,8.612013322030561E-4,NO
192,47,2.155788181989055E-4,NO
193,83,2.155788181989055E-4,NO
194,115,2.155788181989055E-4,NO
195,56,2.155788181989055E-4,NO
196,31,2.155788181989055E-4,NO
197,100,2.155788181989055E-4,NO
198,31,2.155788181989055E-4,NO
199,39,2.155788181989055E-4,NO
200,97,2.155788181989055E-4,NO
201,569,8.612013322030561E-4,NO
202,21,2.155788181989055E-4,NO
203,45,2.155788181989055E-4,NO
204,63,2.155788181989055E-4,NO
205,103,2.155788181989055E-4,NO
206,66,2.155788181989055E-4,NO
207,194,2.155788181989055E-4,NO
208,40,2.155788181989055E-4,NO
209,212,2.155788181989055E-4,NO
210,559,8.612013322030561E-4,NO
211,145,2.155788181989055E-4,NO
212,207,2.155788181989055E-4,NO
213,336,2.155788181989055E-4,NO
214,350,2.155788181989055E-4,NO
215,588,8.612013322030561E-4,NO
216,2109,2.155788181989055E-4,NO
217,1278,4.3097181960671533E-4,NO
218,426,8.612013322030561E-4,NO
219,481,8.612013322030561E-4,NO
220,794,8.612013322030561E-4,NO
221,88,2.155788181989055E-4,NO
222,307,2.155788181989055E-4,NO
223,62,2.155788181989055E-4,NO
224,212,2.155788181989055E-4,NO
225,105,2.155788181989055E-4,NO
226,345,2.155788181989055E-4,NO
227,81,2.155788181989055E-4,NO
228,257,2.155788181989055E-4,NO
229,408,8.612013322030561E-4,NO
230,169,2.155788181989055E-4,NO
231,106,2.155788181989055E-4,NO
232,162,2.155788181989055E-4,NO
233,245,2.155788181989055E-4,NO
234,322,2.155788181989055E-4,NO
235,169,2.155788181989055E-4,NO
236,166,2.155788181989055E-4,NO
237,370,2.155788181989055E-4,NO
238,202,2.155788181989055E-4,NO
239,419,8.612013322030561E-4,NO
240,254,2.155788181989055E-4,NO
241,349,2.155788181989055E-4,NO
242,205,2.155788181989055E-4,NO
243,437,8.612013322030561E-4,NO
244,95,2.155788181989055E-4,NO
245,53,2.155788181989055E-4,NO
246,154,2.155788181989055E-4,NO
247,177,2.155788181989055E-4,NO
248,149,2.155788181989055E-4,NO
249,177,2.155788181989055E-4,NO
250,375,2.155788181989055E-4,NO
251,310,2.155788181989055E-4,NO
252,67,2.155788181989055E-4,NO
253,46,2.155788181989055E-4,NO
254,157,8.612013322030561E-4,NO
255,101,2.155788181989055E-4,NO
256,261,2.155788181989055E-4,NO
257,65,2.155788181989055E-4,NO
258,160,2.155788181989055E-4,NO
259,115,2.155788181989055E-4,NO
260,74,2.155788181989055E-4,NO
261,733,8.612013322030561E-4,NO
262,186,2.155788181989055E-4,NO
263,447,8.612013322030561E-4,NO
264,59,2.155788181989055E-4,NO
265,319,2.155788181989055E-4,NO
266,204,2.155788181989055E-4,NO
267,60,2.155788181989055E-4,NO
268,835,8.612013322030561E-4,NO
269,1175,4.3097181960671533E-4,NO
270,220,2.155788181989055E-4,NO
271,63,2.155788181989055E-4,NO
272,194,2.155788181989055E-4,NO
273,283,2.155788181989055E-4,NO
274,199,2.155788181989055E-4,NO
275,124,2.155788181989055E-4,NO
276,96,2.155788181989055E-4,NO
277,82,2.155788181989055E-4,NO
278,99,2.155788181989055E-4,NO
279,128,2.155788181989055E-4,NO
280,227,2.155788181989055E-4,NO
281,53,2.155788181989055E-4,NO
282,273,2.155788181989055E-4,NO
283,71,2.155788181989055E-4,NO
284,91,2.155788181989055E-4,NO
285,205,2.155788181989055E-4,NO
286,42,2.155788181989055E-4,NO
287,126,2.155788181989055E-4,NO
288,97,2.155788181989055E-4,NO
289,86,2.155788181989055E-4,NO
290,78,2.155788181989055E-4,NO
