ID, Size, Predicted, Actual
0,215,0.2,NO
1,273,0.52,YES
2,460,0.0,YES
3,138,0.44304761904761913,NO
4,358,0.01,NO
5,1154,1.0,YES
6,51,0.0,NO
7,157,0.23949999999999996,NO
8,31,0.0,NO
9,1009,1.0,YES
10,193,0.89,NO
11,83,0.41,YES
12,262,0.62,NO
13,638,0.79,YES
14,40,0.01,NO
15,374,0.46,NO
16,390,0.01,NO
17,51,0.0,NO
18,579,0.63,YES
19,32,0.0,NO
20,66,0.04166666666666666,NO
21,260,0.7466666666666667,YES
22,596,0.73,NO
23,198,0.685,NO
24,50,0.0,NO
25,27,0.0,NO
26,926,1.0,YES
27,60,0.8134642857142858,NO
28,62,0.11491666666666667,NO
29,87,0.015142857142857142,NO
30,52,0.0,NO
31,297,1.0,YES
32,163,0.5386666666666666,NO
33,118,0.86,NO
34,83,0.41,NO
35,147,0.359,NO
36,58,0.6515238095238095,NO
37,44,0.31071428571428567,NO
38,106,1.0,YES
39,192,0.98,YES
40,151,0.71,NO
41,352,0.99,YES
42,752,1.0,YES
43,877,1.0,YES
44,319,0.53,NO
45,27,0.09666666666666665,NO
46,55,0.0,NO
47,94,0.8926666666666666,NO
48,191,0.0,NO
49,90,0.12666666666666665,NO
50,90,0.99,NO
51,271,0.41,NO
52,138,0.2875,NO
53,79,0.39,NO
54,82,0.687,NO
55,147,0.359,NO
56,422,0.01,NO
57,1026,1.0,YES
58,530,1.0,YES
59,189,0.0,NO
60,167,1.0,YES
61,86,0.11847619047619048,NO
62,195,1.0,YES
63,374,0.71,NO
64,573,0.83,NO
65,126,0.006666666666666665,NO
66,106,0.31,NO
67,109,0.03666666666666667,NO
68,85,0.20814285714285716,NO
69,237,0.79,NO
70,345,0.6618333333333334,YES
71,47,0.05,NO
72,781,0.6846666666666666,YES
73,27,0.0,NO
74,89,0.05000000000000001,NO
75,300,1.0,YES
76,166,1.0,YES
77,92,0.6926984126984127,NO
78,497,1.0,YES
79,93,0.5666428571428572,NO
80,244,0.21,NO
81,183,1.0,YES
82,252,0.35,NO
83,109,0.03666666666666667,NO
84,607,1.0,YES
85,565,1.0,YES
86,69,0.80425,NO
87,77,0.2,NO
88,97,0.99,YES
89,343,0.79,NO
90,214,0.0,NO
91,79,0.39,NO
92,25,0.0,NO
93,84,0.6608571428571428,NO
94,34,0.006666666666666666,NO
95,33,0.006666666666666666,NO
96,104,0.740797619047619,NO
97,172,0.01,NO
98,70,0.32291666666666663,NO
99,140,0.20240476190476195,NO
100,156,0.1495,NO
101,142,1.0,NO
102,152,0.95,NO
103,31,0.6798333333333333,NO
104,60,0.16716666666666666,NO
105,60,0.16716666666666666,NO
106,876,0.82,NO
107,61,0.23733333333333337,NO
108,185,0.35,NO
109,264,0.69,NO
110,248,0.28,NO
111,286,0.72,YES
112,185,0.92,NO
113,194,0.0,NO
114,346,0.01,NO
115,309,0.41,NO
116,363,1.0,YES
117,84,0.6608571428571428,NO
118,53,0.0,NO
119,132,0.03666666666666666,NO
120,4088,0.62,NO
121,721,1.0,YES
122,47,0.0,NO
123,101,0.8438492063492063,NO
124,517,1.0,YES
125,327,0.32,NO
126,274,0.32,NO
127,136,0.6285714285714286,NO
128,56,0.04904761904761904,NO
129,74,0.0,NO
130,361,1.0,YES
131,174,0.01,NO
132,148,0.744,NO
133,92,0.6926984126984127,NO
134,45,0.6917142857142856,NO
135,168,0.04666666666666667,NO
136,77,0.2,NO
137,666,0.91,NO
138,88,0.011666666666666664,NO
139,263,0.33,NO
140,54,0.0,NO
141,51,0.52,NO
142,132,0.56,NO
143,160,0.62,NO
144,152,0.16066666666666665,NO
145,39,0.035166666666666666,NO
146,677,0.95,NO
147,131,0.03666666666666666,NO
148,47,0.0,NO
149,129,0.006666666666666665,NO
150,43,0.01,NO
151,257,1.0,YES
152,356,0.88,NO
153,62,0.11491666666666667,NO
154,45,0.6917142857142856,NO
155,97,0.6048214285714285,NO
156,476,0.0,NO
157,77,0.2,NO
158,69,0.80425,NO
159,104,0.740797619047619,NO
160,115,0.01,NO
161,421,0.01,NO
162,61,0.13073809523809524,NO
163,2009,0.71,NO
164,179,0.0,NO
165,106,0.2579880952380953,NO
166,33,0.006666666666666666,NO
167,657,0.9,NO
168,295,0.31,NO
169,872,0.71,NO
170,444,0.0,NO
171,168,0.04666666666666667,NO
172,752,0.91,NO
173,135,0.47923809523809524,NO
174,1126,0.71,NO
175,163,0.5386666666666666,NO
176,184,0.0,NO
177,51,0.0,NO
178,25,0.0,NO
179,180,0.0,NO
180,64,0.23052380952380955,NO
181,101,0.8438492063492063,NO
182,512,0.05,NO
183,187,0.0,NO
184,56,0.04904761904761904,NO
185,39,0.035166666666666666,NO
186,261,0.62,NO
187,73,0.0,NO
188,65,0.027666666666666662,NO
189,329,0.01,NO
190,64,0.23052380952380955,NO
191,164,0.3081666666666667,NO
192,624,0.46,NO
193,74,0.0,NO
194,117,0.01,NO
195,84,0.6608571428571428,NO
196,226,0.01,NO
197,76,0.11,NO
198,323,0.03,NO
199,72,0.01,NO
200,42,0.0,NO
201,48,0.0,NO
202,89,0.05000000000000001,NO
203,380,0.01,NO
204,141,0.20240476190476195,NO
205,148,0.744,NO
206,191,0.0,NO
207,46,0.04999999999999999,NO
208,165,0.2351666666666667,NO
209,171,0.01,NO
210,56,0.04904761904761904,NO
211,179,0.0,NO
212,74,0.0,NO
213,36,0.02083333333333333,NO
214,37,0.107,NO
215,34,0.006666666666666666,NO
216,34,0.006666666666666666,NO
217,38,0.6399523809523812,NO
218,39,0.035166666666666666,NO
219,156,0.1495,NO
220,84,0.6608571428571428,NO
221,117,0.01,NO
222,94,0.7973333333333333,NO
223,71,0.05,NO
224,183,0.0,NO
225,85,0.20814285714285716,NO
226,183,0.0,NO
227,70,0.32291666666666663,NO
228,54,0.0,NO
229,160,0.5746666666666665,NO
230,128,0.74,NO
231,151,0.18066666666666667,NO
232,422,0.01,NO
233,221,0.0,NO
234,50,0.0,NO
235,42,0.0,NO
236,624,0.46,NO
237,377,0.01,NO
238,382,1.0,YES
239,72,0.01,NO
240,92,0.6926984126984127,NO
241,282,0.43,NO
242,371,0.01,NO
243,47,0.0,NO
244,108,0.03666666666666667,NO
245,111,0.03,NO
246,319,0.06,NO
247,129,0.006666666666666665,NO
248,49,0.0,NO
249,358,0.01,NO
250,277,0.43,NO
251,49,0.0,NO
252,89,0.05000000000000001,NO
253,41,0.0,NO
254,66,0.04166666666666666,NO
255,63,0.5793650793650793,NO
256,24,0.0,NO
257,50,0.0,NO
258,72,0.01,NO
259,47,0.0,NO
260,47,0.0,NO
261,183,0.0,NO
262,49,0.0,NO
263,50,0.0,NO
264,98,0.5948214285714285,NO
265,143,0.10016666666666668,NO
266,43,0.01,NO
267,42,0.0,NO
268,56,0.04904761904761904,NO
269,44,0.31071428571428567,NO
270,26,0.0,NO
271,254,0.41,NO
272,16883,0.51,NO
273,74,0.0,NO
274,153,0.16066666666666665,NO
275,68,0.67925,NO
276,100,0.5971825396825396,NO
277,550,0.25,NO
278,437,0.0,NO
279,1038,0.71,NO
280,104,0.740797619047619,NO
281,332,0.01,NO
282,123,0.006666666666666665,NO
283,106,0.2579880952380953,NO
284,106,0.18,NO
285,94,0.7973333333333333,NO
286,101,0.8438492063492063,NO
287,38,0.6399523809523812,NO
288,628,0.46,YES
289,32,0.0,NO
290,111,0.03,NO
291,35,0.013333333333333332,NO
292,90,0.12666666666666665,NO
293,27,0.0,NO
294,28,0.0,NO
295,92,0.6926984126984127,NO
296,979,1.0,YES
297,67,0.1025,NO
298,29,0.0,NO
299,105,0.934297619047619,NO
300,72,0.01,NO
301,37,0.107,NO
302,47,0.0,NO
303,31,0.0,NO
304,90,0.12666666666666665,NO
305,223,0.01,NO
306,214,0.0,NO
307,107,0.09333333333333334,NO
308,37,0.107,NO
309,27,0.0,NO
310,48,0.0,NO
311,167,0.14916666666666667,NO
312,213,0.0,NO
313,867,0.71,NO
314,159,0.5746666666666665,NO
315,100,0.5971825396825396,NO
316,96,0.8978809523809523,NO
317,842,0.71,NO
318,535,0.93,NO
319,83,0.8216666666666665,NO
320,63,0.5793650793650793,NO
321,76,0.11,NO
322,202,0.0,NO
323,155,0.15949999999999998,NO
324,1263,0.71,NO
325,74,0.0,NO
326,101,0.8438492063492063,NO
327,27,0.0,NO
328,22,0.0,NO
329,491,0.0,NO
330,62,0.11491666666666667,NO
331,59,0.6926309523809524,NO
332,99,0.38475000000000004,NO
333,27,0.0,NO
334,77,0.2,NO
335,863,1.0,YES
336,64,0.23052380952380955,NO
337,45,0.6917142857142856,NO
338,63,0.5793650793650793,NO
339,54,0.0,NO
340,64,0.23052380952380955,NO
341,132,0.03666666666666666,NO
342,182,0.85,NO
343,70,0.32291666666666663,NO
344,36,0.02083333333333333,NO
345,58,0.6515238095238095,NO
346,62,0.11491666666666667,NO
347,132,0.03666666666666666,NO
348,74,0.0,NO
349,86,0.11847619047619048,NO
350,74,0.0,NO
351,48,0.0,NO
352,74,0.0,NO
353,86,0.11847619047619048,NO
354,355,0.01,NO
355,53,0.0,NO
356,804,0.71,NO
357,75,0.0,NO
358,125,0.006666666666666665,NO
359,200,0.0,NO
360,134,0.1444047619047619,NO
361,57,0.2651904761904762,NO
362,123,0.006666666666666665,NO
363,266,0.75,YES
364,162,0.8554999999999999,NO
365,130,0.016666666666666663,YES
366,108,0.03666666666666667,YES
367,354,0.01,YES
368,88,0.011666666666666664,YES
369,28,0.0,NO
370,58,0.6515238095238095,NO
371,308,0.18,YES
372,343,0.01,YES
373,103,0.4530714285714285,NO
374,35,0.013333333333333332,NO
375,98,0.5948214285714285,NO
376,117,0.01,NO
