ID, Size, Predicted, Actual
0,227,1.0,NO
1,276,1.0,NO
2,460,1.0,NO
3,138,0.9999999999804899,NO
4,355,0.9999999999808254,NO
5,23,0.9999999945108289,NO
6,31,0.9999999999999601,YES
7,109,1.0,YES
8,44,0.9999999999890983,YES
9,72,0.9999999999891341,YES
10,99,1.0,YES
11,103,1.0,YES
12,20,0.9999999886733405,NO
13,135,1.0,YES
14,1699,1.0,YES
15,45,0.9994387820500533,NO
16,200,0.9999999999999999,NO
17,2583,1.0,YES
18,55,0.999858619619141,NO
19,204,0.9999998807046148,NO
20,59,0.9999998736936172,NO
21,102,0.9998515802365159,NO
22,34,0.9998476337765553,NO
23,83,0.9998498532970436,NO
24,114,1.0,YES
25,60,0.9998466794296084,NO
26,512,1.0,NO
27,87,0.9999998511690724,NO
28,130,0.9999998516636945,NO
29,37,0.9999998476107311,NO
30,101,0.9972397055028779,NO
31,1185,1.0,YES
32,455,1.0,YES
33,40,0.9996735332686958,NO
34,518,1.0,YES
35,382,1.0,NO
36,49,0.99962608619549,NO
37,586,1.0,NO
38,32,0.9938892360215174,NO
39,73,0.9999995637847073,YES
40,633,0.9999999999999988,NO
41,681,1.0,NO
42,470,1.0,YES
43,1015,1.0,NO
44,278,0.9999999987535856,NO
45,31,0.9992210801047534,NO
46,36,0.999999652637836,NO
47,58,1.0,YES
48,172,1.0,YES
49,86,1.0,NO
50,162,1.0,NO
51,53,0.9988940729310555,NO
52,415,1.0,NO
53,200,0.9999999999999976,NO
54,264,0.9999995419260912,NO
55,166,1.0,YES
56,38,0.9999993034243005,NO
57,117,1.0,NO
58,85,0.999999295712224,NO
59,66,0.9986338624937223,NO
60,60,0.9999992760747451,NO
61,37,0.9986005686114223,NO
62,233,0.9999999980416971,NO
63,37,0.9985433082150063,NO
64,239,0.9986005062430258,NO
65,40,0.9985121781302209,NO
66,208,1.0,YES
67,189,0.9999999978399475,NO
68,22,0.9999990756442892,NO
69,262,0.9999988692422211,NO
70,489,1.0,YES
71,1417,1.0,YES
72,1376,1.0,YES
73,66,1.0,NO
74,438,1.0,NO
75,430,1.0,YES
76,35,0.9896917187673984,NO
77,53,0.9897579768752695,NO
78,197,1.0,NO
79,108,0.9999978525116917,NO
80,237,0.9999978801236612,NO
81,119,0.989038379399811,NO
82,334,1.0,NO
83,161,0.9999999999706128,NO
84,136,0.9999961250268462,NO
85,281,0.9999999910295835,NO
86,203,0.9999999999999873,NO
87,97,0.8391443010269436,NO
88,107,1.0,NO
89,148,0.8368185286979091,NO
90,462,0.9999975177157405,NO
91,1856,1.0,YES
92,245,1.0,YES
93,634,1.0,YES
94,214,0.9724231327445885,NO
95,258,0.9999999999962677,NO
96,70,0.9690292330308793,NO
97,93,0.9999954781487234,NO
98,337,0.9999999999459128,NO
99,149,0.9999999999415702,NO
100,585,1.0,NO
101,115,0.999999979461568,NO
102,192,1.0,YES
103,704,1.0,YES
104,591,0.9999943044419866,NO
105,141,0.9999934014354878,NO
106,179,0.9999999999999226,YES
107,602,1.0,YES
108,141,0.9390343519946476,NO
109,42,0.9999923476226812,NO
110,42,0.9999856338030353,NO
111,85,0.8812220622281548,NO
112,69,0.9999999924945928,YES
113,471,0.9999867967623843,NO
114,106,0.9999847743650723,NO
115,250,0.8795345439112191,NO
116,162,0.9999999999999614,NO
117,24,0.906153472963071,NO
118,56,0.906701668948324,NO
119,51,0.9064504521158266,NO
120,22,0.9056840766696254,NO
121,24,0.9054533809923652,NO
122,492,1.0,YES
123,1624,1.0,YES
124,47,0.35345165450911376,NO
125,2258,1.0,YES
126,85,0.8330719457051778,NO
127,50,0.8314581023793643,NO
128,44,0.8297892419567628,NO
129,52,0.8306999906627981,NO
130,41,0.8290659494799355,NO
131,48,0.8290659494799355,NO
132,213,0.8189004513212342,NO
133,543,1.0,YES
134,233,0.799674749483158,NO
135,134,0.7903040993550771,NO
136,104,0.9999604035325669,NO
137,121,1.0,YES
138,39,0.9999562299768767,NO
139,41,0.18943047408715927,NO
140,248,0.9999999997795285,NO
141,215,0.18680803639857724,NO
142,269,0.999999919105392,NO
143,165,0.7367085130145485,NO
144,277,0.9999528127963389,NO
145,100,0.7270247745467767,NO
146,358,0.9999999140970226,NO
147,29,0.9999469840319178,NO
148,339,0.9999999119757895,NO
149,719,0.9999999157642406,NO
150,141,0.9999999999998801,NO
151,801,1.0,YES
152,69,0.6207057224886412,NO
153,77,0.11411322580038867,NO
154,97,0.11447898937301035,NO
155,380,0.12092502606144928,NO
156,214,0.11466204133711405,NO
157,38,0.6273518007896562,NO
158,79,0.10969826502429665,NO
159,25,0.10882191672622135,NO
160,84,0.10981692170043351,NO
161,34,0.10758789282176147,NO
162,33,0.10758789282176147,NO
163,104,0.10906511955893275,NO
164,193,0.6311938680648632,NO
165,70,0.10640848783380209,NO
166,140,0.10735143850947658,NO
167,22,0.10457011305041759,NO
168,158,0.9999294248286102,NO
169,142,0.6189380452024582,NO
170,109,0.9999268492923302,NO
171,152,0.6143092452888641,YES
172,31,0.09977704516384812,NO
173,344,0.6212901108808927,NO
174,60,0.6022506545437808,YES
175,85,0.6019012497135701,YES
176,78,0.5713059098451562,YES
177,880,0.6141473938679713,YES
178,64,0.5572712641086704,NO
179,199,0.562305800361068,NO
180,264,0.5634869990197517,YES
181,155,0.9999130212566836,NO
182,42,0.5434811662309151,NO
183,405,1.0,YES
184,248,0.08055746954641702,NO
185,541,1.0,YES
186,28,0.4814315480025473,NO
187,452,1.0,YES
188,474,1.0,NO
189,379,1.0,YES
190,83,0.9998752117154759,NO
191,393,1.0,YES
192,439,1.0,YES
193,248,1.0,NO
194,13253,1.0,YES
195,28,0.015971743608889314,NO
196,69,0.9999958705496831,YES
197,6303,0.9985775954183043,NO
198,116,0.9944417384107787,NO
199,100,0.999999999999998,NO
200,46,0.9941714680815255,NO
201,226,0.010620135600853666,NO
202,79,0.8419830308974975,NO
203,93,0.9978520443247009,NO
204,2156,1.0,YES
205,41,0.005977011703528267,NO
206,64,0.006014442995211772,NO
207,149,0.9999929833584318,NO
208,334,0.999999998347905,NO
209,114,0.9999999715293812,NO
210,66,0.00561422137191114,NO
211,38,0.005453449027266242,NO
212,46,0.7771913224702451,NO
213,101,3.970053676090612E-4,NO
214,111,0.7784388353562574,NO
215,156,0.9124875193560557,NO
216,113,0.9999999702576912,NO
217,770,1.0,YES
218,392,0.9999999641236663,NO
219,314,0.0031044218278267533,NO
220,139,0.745842002689505,YES
221,59,0.0028003366377758712,NO
222,78,0.002775323449598967,NO
223,49,0.6878781829122211,NO
224,511,1.0,YES
225,42,0.002508016422080711,NO
226,75,0.9999810028404285,NO
227,219,0.9999817195903948,NO
228,103,0.9999808618358895,NO
229,158,0.9999811296859736,NO
230,190,0.9849547113348344,NO
231,88,0.002444934448369421,NO
232,248,0.9850527443040221,NO
233,276,0.9850152164966101,NO
234,60,0.0017158408170223427,NO
235,35,0.0017004857984572062,NO
236,63,0.0017064223921882686,NO
237,79,0.0016978946450732166,NO
238,174,0.001727751196351625,NO
239,148,0.001711211660049526,NO
240,34,0.0016307293380371309,NO
241,35,0.001627676839923496,NO
242,45,0.001627676839923496,NO
243,293,0.0017234598310533317,NO
244,88,0.5924471210621133,YES
245,57,0.9999662085996497,NO
246,39,6.653527954866827E-5,NO
247,57,6.713707095891784E-5,NO
248,277,0.9716780068593593,NO
249,468,9.892578176071577E-4,NO
250,75,8.816130112972169E-4,NO
251,666,7.259569430310402E-5,NO
252,53,0.9999679360632244,YES
253,145,8.472442243062253E-4,NO
254,396,1.0,YES
255,54,0.010546437956700227,NO
256,104,7.354319184116197E-4,NO
257,119,5.334851915380221E-5,NO
258,514,1.0,YES
259,152,0.0028679277226186265,NO
260,95,6.657340558200843E-4,NO
261,415,6.909818809950624E-4,NO
262,131,4.607262519108966E-5,NO
263,45,6.130568528275631E-4,NO
264,156,0.9623142574381451,NO
265,166,0.38857785904113495,YES
266,43,4.34538035936504E-5,NO
267,74,0.3807020530711533,YES
268,302,0.9999587435036619,NO
269,494,0.9638543579554341,NO
270,421,0.9624922325664138,NO
271,723,0.9645582033495979,NO
272,550,0.9619494185789815,NO
273,493,0.9603451809578781,NO
274,416,0.9589623745056305,NO
275,359,5.079513211008411E-4,NO
276,62,0.002121916894289729,NO
277,45,3.134854840814525E-5,NO
278,41,3.1203749254113646E-5,NO
279,47,3.111690517153787E-5,NO
280,55,3.130469687590485E-5,NO
281,1456,5.737621703179851E-4,NO
282,187,0.9504011436724165,NO
283,163,2.8828575448934474E-5,NO
284,142,1.0,NO
285,73,0.9467522355763311,NO
286,108,0.9999999998798733,YES
287,20,0.9442694893567599,NO
288,60,0.9999998725865391,NO
289,84,0.9999999999491663,NO
290,82,0.9999999999999886,NO
291,86,1.0,YES
292,67,3.410711793275878E-4,NO
293,20,0.9436317844471837,NO
294,60,0.9999390042069052,YES
295,88,0.9999999998704955,YES
296,47,0.9999382950586254,YES
297,76,0.9999385445062885,YES
298,21,0.94027324918543,NO
299,53,3.084603509235709E-4,NO
300,114,0.999939473892116,YES
301,121,0.9999999998698281,YES
302,78,0.23735237921461075,YES
303,20,0.9394512803535395,NO
304,69,0.9399614651411405,NO
305,80,0.9398618940780551,NO
306,79,0.9999359743194757,NO
307,81,0.2365175195687923,YES
308,88,0.9999841414201883,YES
309,20,0.9390146550518327,NO
310,105,0.9999840879477573,YES
311,60,0.9999999998650945,YES
312,50,2.9387578241730036E-4,NO
313,28,2.912421825815937E-4,NO
314,129,0.9999841131804434,YES
315,43,0.9380851454558127,NO
316,76,2.9072261184403094E-4,NO
317,63,2.8905317717858756E-4,NO
318,65,0.9999346318670452,NO
319,76,0.9999356657010541,YES
320,45,2.8339102328625777E-4,NO
321,20,0.9370519571979004,NO
