ID, Size, Predicted, Actual
0,215,0.19182681375870758,NO
1,273,0.16458087602127314,NO
2,460,0.1754401857782031,NO
3,138,0.15792190266337655,NO
4,358,0.167708748129481,NO
5,1154,1.0,YES
6,51,0.15561959411479584,NO
7,157,0.15792190266337655,NO
8,31,0.15561959411479584,NO
9,1009,0.629983711431029,NO
10,193,0.19182681375870758,NO
11,83,0.18819765313867873,YES
12,262,0.1619178325229619,NO
13,638,0.5231396339387719,NO
14,40,0.15561959411479584,NO
15,374,0.20521126226739245,NO
16,390,0.1713210344431041,NO
17,51,0.15561959411479584,NO
18,579,0.5128856561255538,YES
19,32,0.15561959411479584,NO
20,66,0.15561959411479584,NO
21,260,0.46265946658470763,NO
22,596,0.9970709411379611,NO
23,198,0.45858155219238605,NO
24,50,0.15561959411479584,NO
25,27,0.15561959411479584,NO
26,926,1.0,YES
27,60,0.15561959411479584,NO
28,62,0.15561959411479584,NO
29,87,0.15656369953439203,NO
30,52,0.15561959411479584,NO
31,297,0.999059245593334,YES
32,163,0.15792190266337655,NO
33,118,0.18819765313867873,NO
34,83,0.18819765313867873,NO
35,147,0.15792190266337655,NO
36,58,0.15561959411479584,NO
37,44,0.15561959411479584,NO
38,106,0.18819765313867873,NO
39,192,0.9990248834686845,YES
40,151,0.18976853883927425,NO
41,352,0.996725584042609,YES
42,752,0.9999337880710752,YES
43,877,0.5852128342180034,NO
44,319,0.47313409847135657,NO
45,27,0.18710510679609496,NO
46,55,0.15561959411479584,NO
47,94,0.18819765313867873,NO
48,191,0.15970284554855224,NO
49,90,0.15656369953439203,NO
50,90,0.18819765313867873,NO
51,271,0.19745548503713317,NO
52,138,0.18976853883927425,NO
53,79,0.15656369953439203,NO
54,82,0.15656369953439203,NO
55,147,0.15792190266337655,NO
56,422,0.1754401857782031,NO
57,1026,1.0,YES
58,530,0.9991850738522591,YES
59,189,0.15970284554855224,NO
60,167,0.9964826274919857,YES
61,86,0.15656369953439203,NO
62,195,0.9990248834686845,YES
63,374,0.4795346326039904,NO
64,573,0.5128856561255538,NO
65,126,0.15792190266337655,NO
66,106,0.18819765313867873,NO
67,109,0.15656369953439203,NO
68,85,0.15656369953439203,NO
69,237,0.19438427564361352,NO
70,345,0.20105777662661853,NO
71,47,0.18710510679609496,NO
72,781,0.5583157757341235,NO
73,27,0.15561959411479584,NO
74,89,0.15656369953439203,NO
75,300,0.999059245593334,YES
76,166,1.0,YES
77,92,0.15656369953439203,NO
78,497,1.0,YES
79,93,0.15656369953439203,NO
80,244,0.1619178325229619,NO
81,183,0.19182681375870758,NO
82,252,0.1619178325229619,NO
83,109,0.15656369953439203,NO
84,607,0.9992154272146325,YES
85,565,0.9992154272146325,YES
86,69,0.15561959411479584,NO
87,77,0.15656369953439203,NO
88,97,0.18819765313867873,NO
89,343,0.20105777662661853,NO
90,214,0.15970284554855224,NO
91,79,0.15656369953439203,NO
92,25,0.15561959411479584,NO
93,84,0.15656369953439203,NO
94,34,0.15561959411479584,NO
95,33,0.15561959411479584,NO
96,104,0.15656369953439203,NO
97,172,0.15970284554855224,NO
98,70,0.15561959411479584,NO
99,140,0.15792190266337655,NO
100,156,0.15792190266337655,NO
101,142,0.18976853883927425,NO
102,152,0.18976853883927425,NO
103,31,0.18710510679609496,NO
104,60,0.18710510679609496,NO
105,60,0.18710510679609496,NO
106,876,0.28334708500245487,NO
107,61,0.18710510679609496,NO
108,185,0.19182681375870758,NO
109,264,0.19438427564361352,NO
110,248,0.1619178325229619,NO
111,286,0.4675095857915901,YES
112,185,0.45858155219238605,NO
113,194,0.15970284554855224,NO
114,346,0.167708748129481,NO
115,309,0.19745548503713317,NO
116,363,0.9999971524587365,YES
117,84,0.15656369953439203,NO
118,53,0.15561959411479584,NO
119,132,0.15792190266337655,NO
120,4088,0.999916635911424,NO
121,721,0.9999337880710752,YES
122,47,0.15561959411479584,NO
123,101,0.15656369953439203,NO
124,517,0.9991850738522591,YES
125,327,0.20105777662661853,NO
126,274,0.4675095857915901,NO
127,136,0.15792190266337655,NO
128,56,0.15561959411479584,NO
129,74,0.15656369953439203,NO
130,361,0.47313409847135657,NO
131,174,0.15970284554855224,NO
132,148,0.15792190266337655,NO
133,92,0.15656369953439203,NO
134,45,0.15561959411479584,NO
135,168,0.15792190266337655,NO
136,77,0.15656369953439203,NO
137,666,0.20462919264618495,NO
138,88,0.15656369953439203,NO
139,263,0.19438427564361352,NO
140,54,0.15561959411479584,NO
141,51,0.18710510679609496,NO
142,132,0.18976853883927425,NO
143,160,0.18976853883927425,NO
144,152,0.15792190266337655,NO
145,39,0.15561959411479584,NO
146,677,0.24317483190946626,NO
147,131,0.15792190266337655,NO
148,47,0.15561959411479584,NO
149,129,0.15792190266337655,NO
150,43,0.15561959411479584,NO
151,257,0.996585359001797,YES
152,356,0.20105777662661853,NO
153,62,0.15561959411479584,NO
154,45,0.15561959411479584,NO
155,97,0.15656369953439203,NO
156,476,0.1800915620466339,NO
157,77,0.15656369953439203,NO
158,69,0.15561959411479584,NO
159,104,0.15656369953439203,NO
160,115,0.15656369953439203,NO
161,421,0.1754401857782031,NO
162,61,0.15561959411479584,NO
163,2009,0.730973040381686,NO
164,179,0.15970284554855224,NO
165,106,0.15656369953439203,NO
166,33,0.15561959411479584,NO
167,657,0.19753670455036626,NO
168,295,0.16458087602127314,NO
169,872,0.24045687553765105,NO
170,444,0.1754401857782031,NO
171,168,0.15792190266337655,NO
172,752,0.21242427213494847,NO
173,135,0.15792190266337655,NO
174,1126,0.3054373825380642,NO
175,163,0.15792190266337655,NO
176,184,0.15970284554855224,NO
177,51,0.15561959411479584,NO
178,25,0.15561959411479584,NO
179,180,0.15970284554855224,NO
180,64,0.15561959411479584,NO
181,101,0.15656369953439203,NO
182,512,0.1800915620466339,NO
183,187,0.15970284554855224,NO
184,56,0.15561959411479584,NO
185,39,0.15561959411479584,NO
186,261,0.1619178325229619,NO
187,73,0.15561959411479584,NO
188,65,0.15561959411479584,NO
189,329,0.167708748129481,NO
190,64,0.15561959411479584,NO
191,164,0.15792190266337655,NO
192,624,0.19753670455036626,NO
193,74,0.15656369953439203,NO
194,117,0.15656369953439203,NO
195,84,0.15656369953439203,NO
196,226,0.1619178325229619,NO
197,76,0.15656369953439203,NO
198,323,0.167708748129481,NO
199,72,0.15561959411479584,NO
200,42,0.15561959411479584,NO
201,48,0.15561959411479584,NO
202,89,0.15656369953439203,NO
203,380,0.1713210344431041,NO
204,141,0.15792190266337655,NO
205,148,0.15792190266337655,NO
206,191,0.15970284554855224,NO
207,46,0.15561959411479584,NO
208,165,0.15792190266337655,NO
209,171,0.15792190266337655,NO
210,56,0.15561959411479584,NO
211,179,0.15970284554855224,NO
212,74,0.15656369953439203,NO
213,36,0.15561959411479584,NO
214,37,0.15561959411479584,NO
215,34,0.15561959411479584,NO
216,34,0.15561959411479584,NO
217,38,0.15561959411479584,NO
218,39,0.15561959411479584,NO
219,156,0.15792190266337655,NO
220,84,0.15656369953439203,NO
221,117,0.15656369953439203,NO
222,94,0.15656369953439203,NO
223,71,0.15561959411479584,NO
224,183,0.15970284554855224,NO
225,85,0.15656369953439203,NO
226,183,0.15970284554855224,NO
227,70,0.15561959411479584,NO
228,54,0.15561959411479584,NO
229,160,0.15792190266337655,NO
230,128,0.18976853883927425,NO
231,151,0.15792190266337655,NO
232,422,0.1754401857782031,NO
233,221,0.1619178325229619,NO
234,50,0.15561959411479584,NO
235,42,0.15561959411479584,NO
236,624,0.19753670455036626,NO
237,377,0.1713210344431041,NO
238,382,0.20521126226739245,NO
239,72,0.15561959411479584,NO
240,92,0.15656369953439203,NO
241,282,0.16458087602127314,NO
242,371,0.1713210344431041,NO
243,47,0.15561959411479584,NO
244,108,0.15656369953439203,NO
245,111,0.15656369953439203,NO
246,319,0.167708748129481,NO
247,129,0.15792190266337655,NO
248,49,0.15561959411479584,NO
249,358,0.167708748129481,NO
250,277,0.16458087602127314,NO
251,49,0.15561959411479584,NO
252,89,0.15656369953439203,NO
253,41,0.15561959411479584,NO
254,66,0.15561959411479584,NO
255,63,0.15561959411479584,NO
256,24,0.15508356912881224,NO
257,50,0.15561959411479584,NO
258,72,0.15561959411479584,NO
259,47,0.15561959411479584,NO
260,47,0.15561959411479584,NO
261,183,0.15970284554855224,NO
262,49,0.15561959411479584,NO
263,50,0.15561959411479584,NO
264,98,0.15656369953439203,NO
265,143,0.15792190266337655,NO
266,43,0.15561959411479584,NO
267,42,0.15561959411479584,NO
268,56,0.15561959411479584,NO
269,44,0.15561959411479584,NO
270,26,0.15561959411479584,NO
271,254,0.1619178325229619,NO
272,16883,0.22760571878655025,NO
273,74,0.15656369953439203,NO
274,153,0.15792190266337655,NO
275,68,0.15561959411479584,NO
276,100,0.15656369953439203,NO
277,550,0.1853034611396627,NO
278,437,0.1754401857782031,NO
279,1038,0.27643004029680707,NO
280,104,0.15656369953439203,NO
281,332,0.167708748129481,NO
282,123,0.15792190266337655,NO
283,106,0.15656369953439203,NO
284,106,0.18819765313867873,NO
285,94,0.15656369953439203,NO
286,101,0.15656369953439203,NO
287,38,0.15561959411479584,NO
288,628,0.19753670455036626,NO
289,32,0.15561959411479584,NO
290,111,0.15656369953439203,NO
291,35,0.15561959411479584,NO
292,90,0.15656369953439203,NO
293,27,0.15561959411479584,NO
294,28,0.15561959411479584,NO
295,92,0.15656369953439203,NO
296,979,0.3088054342597819,NO
297,67,0.15561959411479584,NO
298,29,0.15561959411479584,NO
299,105,0.15656369953439203,NO
300,72,0.15561959411479584,NO
301,37,0.15561959411479584,NO
302,47,0.15561959411479584,NO
303,31,0.15561959411479584,NO
304,90,0.15656369953439203,NO
305,223,0.1619178325229619,NO
306,214,0.15970284554855224,NO
307,107,0.15656369953439203,NO
308,37,0.15561959411479584,NO
309,27,0.15561959411479584,NO
310,48,0.15561959411479584,NO
311,167,0.15792190266337655,NO
312,213,0.15970284554855224,NO
313,867,0.24045687553765105,NO
314,159,0.15792190266337655,NO
315,100,0.15656369953439203,NO
316,96,0.15656369953439203,NO
317,842,0.23029296896855292,NO
318,535,0.22122126001415915,NO
319,83,0.15656369953439203,NO
320,63,0.15561959411479584,NO
321,76,0.15656369953439203,NO
322,202,0.15970284554855224,NO
323,155,0.15792190266337655,NO
324,1263,0.35723885069906525,NO
325,74,0.15656369953439203,NO
326,101,0.15656369953439203,NO
327,27,0.15561959411479584,NO
328,22,0.15508356912881224,NO
329,491,0.1800915620466339,NO
330,62,0.15561959411479584,NO
331,59,0.15561959411479584,NO
332,99,0.15656369953439203,NO
333,27,0.15561959411479584,NO
334,77,0.15656369953439203,NO
335,863,0.5852128342180034,NO
336,64,0.15561959411479584,NO
337,45,0.15561959411479584,NO
338,63,0.15561959411479584,NO
339,54,0.15561959411479584,NO
340,64,0.15561959411479584,NO
341,132,0.15792190266337655,NO
342,182,0.19182681375870758,NO
343,70,0.15561959411479584,NO
344,36,0.15561959411479584,NO
345,58,0.15561959411479584,NO
346,62,0.15561959411479584,NO
347,132,0.15792190266337655,NO
348,74,0.15656369953439203,NO
349,86,0.15656369953439203,NO
350,74,0.15656369953439203,NO
351,48,0.15561959411479584,NO
352,74,0.15656369953439203,NO
353,86,0.15656369953439203,NO
354,355,0.167708748129481,NO
355,53,0.15561959411479584,NO
356,804,0.22096409784154025,NO
357,75,0.15656369953439203,NO
358,125,0.15792190266337655,NO
359,200,0.15970284554855224,NO
360,134,0.15792190266337655,NO
361,57,0.15561959411479584,NO
362,123,0.15792190266337655,NO
363,266,0.1619178325229619,NO
364,162,0.15792190266337655,NO
365,130,0.15792190266337655,NO
366,108,0.15656369953439203,NO
367,354,0.167708748129481,NO
368,88,0.15656369953439203,NO
369,28,0.15561959411479584,NO
370,58,0.15561959411479584,NO
371,308,0.16458087602127314,NO
372,343,0.167708748129481,NO
373,103,0.15656369953439203,NO
374,35,0.15561959411479584,NO
375,98,0.15656369953439203,NO
376,117,0.15656369953439203,NO
