ID, Size, Predicted, Actual
0,215,0.9995369775061353,NO
1,273,0.9999999320284751,YES
2,460,0.9999999985410649,YES
3,138,0.9999994432625197,YES
4,358,0.9999999620383913,YES
5,1248,1.0,YES
6,51,0.9872228340977699,NO
7,157,0.9999952600755537,YES
8,31,0.9809187942772647,NO
9,981,1.0,YES
10,180,0.9796319244324042,NO
11,262,0.9999963894324301,YES
12,553,0.9999999991590292,YES
13,40,0.913699075592326,NO
14,369,1.0,YES
15,390,0.9999994516894314,YES
16,51,0.9038235885177417,NO
17,577,0.9999985591312465,YES
18,32,0.890826471892874,NO
19,66,0.9395151973539374,NO
20,188,0.9999599723738567,YES
21,582,0.9999981698312926,NO
22,160,0.9999485578190719,YES
23,50,0.8265467131408684,NO
24,27,0.9348970223623614,NO
25,923,1.0,YES
26,60,0.8017430397963259,NO
27,62,0.7984908900455834,NO
28,87,0.7969898093991135,NO
29,52,0.7938205370197017,NO
30,268,0.9810498098595611,YES
31,163,0.9047743265358495,NO
32,109,0.7646229437698896,NO
33,147,0.796634227504388,NO
34,58,0.7621816140779071,NO
35,44,0.7621816140779071,NO
36,106,0.7495146002235797,YES
37,139,0.5358628731248348,NO
38,326,0.9883075996443337,YES
39,648,0.999999651878377,YES
40,792,0.9999999999999903,YES
41,319,0.9999948462942243,YES
42,55,0.3841893895792489,NO
43,191,0.41197720692653816,NO
44,90,0.6519484087984769,NO
45,273,0.9404188343809611,NO
46,137,0.7557171629035331,NO
47,79,0.7225409945502724,NO
48,82,0.32478867719167276,NO
49,147,0.8082197010210131,NO
50,422,0.9947406701720807,NO
51,979,1.0,YES
52,495,0.9999999825905164,YES
53,189,0.6728205294686798,NO
54,167,0.46931115319563893,YES
55,86,0.9986988325809031,YES
56,182,0.7374135907927521,YES
57,361,0.9033033747288097,NO
58,126,0.5332656832545227,NO
59,106,0.40455058791835424,NO
60,109,0.38554140323373876,NO
61,85,0.392456497461097,NO
62,236,0.6982985609289873,NO
63,315,1.0,YES
64,695,1.0,YES
65,27,0.06878892371096852,NO
66,89,0.04589240959482739,NO
67,301,0.9986022010462702,YES
68,153,0.5026963531072168,YES
69,92,0.3983243656046852,NO
70,466,0.9999782192731881,YES
71,93,0.38700966103832923,NO
72,244,0.6181047047460917,NO
73,192,0.23213691782703333,YES
74,252,0.9957481630847597,YES
75,109,0.29656568564189817,NO
76,601,0.9998340278451396,YES
77,565,0.9999995677547862,YES
78,69,0.16048036352635772,NO
79,77,0.024447352768831823,NO
80,94,0.022952780873670038,YES
81,337,0.2636628209340752,NO
82,214,0.046827158504112155,NO
83,79,0.02368583599861235,NO
84,25,0.03334300446797383,NO
85,84,0.023398300114700524,NO
86,34,0.023298481379993047,NO
87,33,0.023298481379993047,NO
88,104,0.02187257020973006,NO
89,172,0.02708285015510282,NO
90,70,0.022840240254511823,NO
91,140,0.021361128716346184,NO
92,156,0.988402534732347,YES
93,248,0.03458099726847752,NO
94,277,0.9960286157824381,YES
95,189,0.7266332834504184,NO
96,194,0.7194540134918481,NO
97,346,0.9678114530178186,NO
98,304,0.9045553503560337,NO
99,356,0.9999637344507089,YES
100,84,0.9994499063284465,YES
101,53,0.9699459769821017,YES
102,132,0.00962784001372182,NO
103,4088,1.0,NO
104,691,1.0,YES
105,47,0.06794593386340282,NO
106,101,0.44757388872198156,YES
107,510,1.0,YES
108,328,0.8947856724043607,YES
109,273,0.07892069442972287,NO
110,136,0.006794734602164075,NO
111,56,1.6803067904442142E-4,NO
112,74,0.0071698595817447225,NO
113,359,0.8797425064068431,YES
114,174,0.006766433932751887,NO
115,148,0.006746603381137151,NO
116,92,9.362197680301737E-5,NO
117,45,0.0016121540810317765,NO
118,168,0.0018885913982934323,NO
119,77,6.953918237572227E-5,NO
120,666,0.999987651659034,YES
121,88,6.235417613256934E-5,NO
122,262,0.4788681389765167,YES
123,54,0.003972607464801531,NO
124,48,6.0466814908067065E-5,NO
125,140,0.0013148833344180854,NO
126,152,0.0016081368348145834,NO
127,39,0.003797547904891667,NO
128,131,5.037640821115411E-5,NO
129,47,5.351008146739215E-5,NO
130,129,0.0012166006432204595,NO
131,43,5.227343718972044E-5,NO
132,243,0.012150391500771964,YES
133,62,0.0010939057309602436,NO
134,45,4.103809817118584E-5,NO
135,97,0.09866293098245803,YES
136,476,0.02420141367823482,NO
137,77,7.128791020253588E-5,NO
138,69,7.128791020253588E-5,NO
139,104,6.682769022401347E-5,NO
140,115,6.63934080803577E-5,NO
141,421,0.004248662077499223,NO
142,61,6.991469320114115E-5,NO
143,2009,1.0,YES
144,179,7.75591921522726E-5,NO
145,106,6.06485363861822E-5,NO
146,33,6.469637338200194E-5,NO
147,657,0.9608030006722446,NO
148,295,2.9548704223036454E-4,NO
149,872,0.9999999471104432,NO
150,444,0.020541525413883054,NO
151,168,7.149084558946432E-5,NO
152,752,0.9999097046482338,NO
153,135,5.508012093992304E-5,NO
154,1126,1.0,NO
155,163,6.692625334963644E-5,NO
156,184,6.66359767041794E-5,NO
157,51,5.5944927628206994E-5,NO
158,25,8.054072507004045E-5,NO
159,180,6.607627303688311E-5,NO
160,64,5.571563328653905E-5,NO
161,101,5.190021393588802E-5,NO
162,512,0.1270464643426081,NO
163,187,6.441551717836265E-5,NO
164,56,5.408206852791303E-5,NO
165,39,5.408206852791303E-5,NO
166,261,1.0881821933736263E-4,NO
167,73,5.374010606399417E-5,NO
168,65,5.374010606399417E-5,NO
169,329,7.684754090362377E-4,NO
170,64,5.272627887647084E-5,NO
171,164,6.253106588844675E-5,NO
172,624,0.9999997796075604,YES
173,74,5.14061388530358E-5,NO
174,117,4.809444880127806E-5,NO
175,84,5.1304437171027354E-5,NO
176,226,0.9593449555769723,YES
177,76,5.08607353245561E-5,NO
178,323,7.30575527728377E-4,NO
179,72,1.7164360228953922E-5,NO
180,42,1.7164360228953922E-5,NO
181,48,0.0019812442457396067,NO
182,89,5.808102942921657E-4,NO
183,380,0.10646406240683648,NO
184,141,0.046157180585908036,YES
185,148,0.05733877388884132,YES
186,191,1.9630406041077233E-5,NO
187,46,6.031684156888832E-4,NO
188,165,1.9376864449653985E-5,NO
189,171,7.109526164434931E-4,NO
190,56,1.6275134709894853E-5,NO
191,179,0.002273902136233701,NO
192,74,5.971808790413538E-4,NO
193,36,1.6101956438037507E-5,NO
194,37,1.6032733115352528E-5,NO
195,34,1.6032733115352528E-5,NO
196,34,1.6032733115352528E-5,NO
197,38,5.971808790413538E-4,NO
198,39,5.971808790413538E-4,NO
199,156,1.8940913367805527E-5,NO
200,84,1.5970894465890567E-5,NO
201,117,0.0017805947846115063,NO
202,94,5.48111659320597E-4,NO
203,71,5.822868762316762E-4,NO
204,183,0.008197372734969259,NO
205,85,5.653800833715507E-4,NO
206,183,6.70452188526774E-4,NO
207,70,5.609341116844345E-4,NO
208,54,1.4777806928820533E-5,NO
209,160,1.737409407165406E-5,NO
210,125,0.007863583046563313,NO
211,151,0.006731112713399752,NO
212,422,0.7108970401624483,YES
213,221,0.07457856387629126,YES
214,50,1.281465602707988E-5,NO
215,42,5.104799179076448E-4,NO
216,624,0.9948739236292723,NO
217,377,0.023503632848343586,NO
218,383,0.02930215457036501,YES
219,72,1.2141617430992351E-5,NO
220,92,1.136149172152406E-5,NO
221,282,0.1467409032168214,YES
222,371,1.715483372234322E-4,NO
223,47,1.1792149922525376E-5,NO
224,108,4.573834413012139E-4,NO
225,111,1.0986646378116182E-5,NO
226,319,0.0074714807073587965,NO
227,129,0.001476798256406797,NO
228,49,1.1064286440406797E-5,NO
229,358,0.039817291515263184,NO
230,277,0.018327599805447365,NO
231,49,4.5138916278072717E-4,NO
232,89,9.815521127153139E-6,NO
233,41,1.0470669404989762E-5,NO
234,66,4.4796278104476146E-4,NO
235,63,1.038851060127851E-5,NO
236,24,1.4956046434078588E-5,NO
237,50,1.038851060127851E-5,NO
238,72,4.471421832309343E-4,NO
239,47,1.0324383099595895E-5,NO
240,47,4.452861927905198E-4,NO
241,183,0.003276302777190209,NO
242,49,1.0234953926225126E-5,NO
243,50,1.0199376391893138E-5,NO
244,98,4.142824492228832E-4,NO
245,143,9.476865728958984E-6,NO
246,43,1.01094102901879E-5,NO
247,42,1.0090983518765058E-5,NO
248,56,1.0090983518765058E-5,NO
249,44,1.0047435612475188E-5,NO
250,26,1.4465012537983612E-5,NO
251,254,0.01003032973737386,NO
252,16883,0.018417437922229673,NO
253,74,7.783795174412176E-7,NO
254,153,6.745485050914558E-5,NO
255,68,2.2644668658869708E-4,NO
256,100,7.245678638855172E-7,NO
257,550,0.8604769918958962,YES
258,437,2.586856223477186E-4,NO
259,1038,1.0,YES
260,104,0.0020608429263215032,YES
261,332,0.03086801117543159,YES
262,123,6.60784699807077E-7,NO
263,106,6.541475954297313E-7,NO
264,106,6.512027771511591E-7,NO
265,94,0.0020057613483677435,YES
266,101,0.002001010763049288,YES
267,38,6.899879739709618E-7,NO
268,628,0.9999993458471723,YES
269,32,6.677303244482832E-7,NO
270,111,6.25950150198479E-7,NO
271,35,5.205515500389155E-5,NO
272,90,6.25950150198479E-7,NO
273,27,9.6131667032011E-7,NO
274,28,9.6131667032011E-7,NO
275,92,6.016205591469541E-4,NO
276,956,0.9999999999999589,YES
277,67,6.339529566289766E-7,NO
278,29,7.250127199026994E-5,NO
279,105,5.883383720567309E-7,NO
280,72,6.276080817625643E-7,NO
281,37,5.029730808945681E-5,NO
282,47,6.276080817625643E-7,NO
283,31,6.276080817625643E-7,NO
284,90,4.670591493590444E-5,NO
285,223,0.0023501258497685743,NO
286,214,4.1034966110493226E-4,NO
287,107,4.6085433085258624E-5,NO
288,37,6.129459267186643E-7,NO
289,27,8.746693378159301E-7,NO
290,48,6.068653266663945E-7,NO
291,167,0.002203940428461122,YES
292,213,8.210484576949851E-4,NO
293,867,0.9999999982054258,YES
294,159,2.364825678586573E-4,NO
295,100,4.472126350569321E-5,NO
296,96,4.4671688920532613E-5,NO
297,842,1.0,YES
298,525,0.004288473291188328,NO
299,83,5.55115143882839E-7,NO
300,63,5.55115143882839E-7,NO
301,76,4.64252983735871E-5,NO
302,202,6.510743110148502E-7,NO
303,155,0.0019944598682067535,YES
304,1263,1.0,YES
305,74,4.438395507255729E-5,NO
306,101,4.155971483158196E-5,NO
307,27,7.353612532521823E-7,NO
308,22,7.353612532521823E-7,NO
309,491,0.3494371642100075,YES
310,62,5.024403764987997E-7,NO
311,59,5.024403764987997E-7,NO
312,99,4.7051703186865556E-7,NO
313,27,6.30281359910052E-5,NO
314,77,4.378015773111224E-5,NO
315,846,0.9999999965020779,YES
316,64,4.2724311075492134E-5,NO
317,45,4.786578525406979E-7,NO
318,63,4.2724311075492134E-5,NO
319,54,4.7654226837387545E-7,NO
320,64,4.2547001455752644E-5,NO
321,132,4.457908330080374E-7,NO
322,177,5.0303071031936676E-5,NO
323,70,4.703462021807043E-7,NO
324,36,4.682669192411832E-7,NO
325,58,4.236708959576738E-5,NO
326,62,4.682669192411832E-7,NO
327,132,4.3896725076249397E-7,NO
328,74,4.677606603298269E-7,NO
329,86,0.0014387068093829616,YES
330,74,4.6683420740992405E-7,NO
331,48,4.188673105943761E-5,NO
332,74,4.606741370726283E-7,NO
333,86,4.606741370726283E-7,NO
334,355,6.009084553409699E-4,NO
335,53,4.511760106155467E-7,NO
336,804,0.9999998874623276,YES
337,75,4.0635845809932766E-5,NO
338,125,5.185206618854003E-4,NO
339,200,8.70101439379219E-4,NO
340,134,3.355279619669942E-4,NO
341,57,4.0134715118070926E-5,NO
342,123,3.762356160180434E-5,NO
343,266,5.753646209902076E-6,NO
344,162,4.979744206610082E-7,NO
345,130,3.681287963190769E-5,NO
346,108,3.9112175341906815E-7,NO
347,354,1.7537519715557057E-5,NO
348,88,1.1238613277264235E-6,NO
349,28,5.884150731778625E-7,NO
350,58,1.1882578497390958E-6,NO
351,308,0.005826985955670893,YES
352,343,0.9119602278973631,YES
353,103,3.5932656888410075E-5,NO
354,35,3.895986281992165E-7,NO
355,98,3.5932656888410075E-5,NO
356,117,0.0011259047870492882,YES
