ID, Size, Predicted, Actual
0,215,0.9999999999999997,YES
1,271,0.9999999999991221,NO
2,451,1.0,YES
3,137,0.9999999999998799,NO
4,368,0.9999999999998239,NO
5,764,1.0,YES
6,51,0.999999999843148,NO
7,150,0.999999999815927,NO
8,31,0.9999999991456491,NO
9,684,0.9999999999999971,YES
10,180,0.9999999998669564,NO
11,196,0.999999999998641,YES
12,482,1.0,YES
13,40,0.9999999999948902,YES
14,259,1.0,YES
15,379,0.9999999999616314,NO
16,510,1.0,YES
17,32,0.9999999808931943,NO
18,66,0.9999999856328831,NO
19,187,1.0,YES
20,576,0.9999999999999974,YES
21,158,1.0,YES
22,46,1.0,YES
23,27,0.9999999629017622,NO
24,788,1.0,YES
25,60,0.9999998986684842,NO
26,62,1.0,YES
27,88,0.9999999444076976,NO
28,52,0.9999999510407578,NO
29,163,0.9999999999809198,YES
30,91,0.9999998282055056,NO
31,147,0.9999999835852277,NO
32,58,0.999999822861513,NO
33,44,0.999999822861513,NO
34,139,0.9999999990109898,YES
35,282,0.9999999996819408,YES
36,582,1.0,YES
37,800,1.0,YES
38,216,1.0,YES
39,55,0.999985577211845,NO
40,184,0.9999999998929824,YES
41,65,0.9999823198986723,NO
42,150,0.9999979789356699,YES
43,81,0.99999993939749,YES
44,84,0.9999999235839154,NO
45,905,1.0,YES
46,312,0.9999999999965763,YES
47,171,0.9999999081569863,YES
48,153,1.0,YES
49,84,0.9997070674332103,NO
50,169,1.0,YES
51,189,1.0,YES
52,127,1.0,YES
53,79,0.9999993722605867,YES
54,90,0.99796223995628,NO
55,85,0.9999983911488176,NO
56,123,1.0,YES
57,276,0.9999999982612428,YES
58,549,1.0,YES
59,27,0.9318339153487745,NO
60,88,0.9998148657589523,YES
61,283,1.0,YES
62,175,0.9999999288185277,YES
63,507,1.0,YES
64,209,0.8646850474738437,NO
65,147,0.8246174169518339,NO
66,98,0.7942946040482843,NO
67,132,0.9996625251444227,YES
68,236,0.24896110904750265,NO
69,227,1.0,YES
70,172,1.0,YES
71,507,1.0,YES
72,90,0.014510815861815561,YES
73,58,0.016444430873310406,NO
74,132,0.9999421696179606,NO
75,529,0.9916310926916826,YES
76,694,1.0,YES
77,148,1.1912436657617985E-8,NO
78,174,0.024397232401423573,NO
79,148,0.024397232401423573,NO
80,92,2.5521510165248132E-12,NO
81,77,2.390171448799664E-13,NO
82,664,0.43914263628735234,NO
83,55,4.935928837935242E-10,YES
84,256,0.8437727208866456,YES
85,54,0.007125817703216622,NO
86,38,2.1834061009135127E-4,NO
87,98,1.861507203175423E-4,YES
88,39,0.006267982027546958,NO
89,47,5.125433922290838E-14,NO
90,69,0.005880883709931755,YES
91,43,5.125433922290838E-14,NO
92,94,4.2346659584011276E-13,NO
93,72,1.3860212130997585E-16,NO
94,42,1.3860212130997585E-16,NO
95,48,4.741894289597327E-4,NO
96,63,5.046785802076629E-6,YES
97,318,0.3569043897805519,YES
98,136,1.8346396976523144E-14,YES
99,141,1.8346396976523144E-14,YES
100,190,2.3410581894334948E-14,YES
101,46,4.740089767932001E-6,NO
102,165,8.250065481343063E-18,NO
103,162,7.767213521111542E-18,NO
104,58,4.079965620221115E-6,NO
105,148,7.537000271372867E-18,YES
106,74,4.079965620221115E-6,NO
107,36,1.795277901349104E-14,YES
108,37,8.70188695579621E-17,NO
109,38,4.079965620221115E-6,NO
110,39,4.079965620221115E-6,NO
111,96,0.0017565151611920885,YES
112,88,3.3751479485413566E-4,NO
113,71,0.0019429870647027757,NO
114,114,1.0836367635608789E-14,YES
115,342,8.993679792111519E-14,YES
116,84,0.001469210760667669,NO
117,58,3.2791310872396857E-4,NO
118,129,8.119238230665719E-15,YES
119,363,5.087422241478569E-14,YES
120,242,1.0542489764345238E-14,YES
121,682,1.0,YES
122,366,2.085256465969779E-14,YES
123,103,2.3672083391576906E-15,YES
124,41,2.458512730844965E-18,NO
125,66,1.1153610082319887E-6,NO
126,63,5.072133892674352E-16,YES
127,47,1.0833444387854311E-6,NO
128,183,0.001026386438740963,NO
129,49,2.3879407561435597E-18,NO
130,50,2.3879407561435597E-18,NO
131,98,9.54084054360979E-7,NO
132,143,3.907256962258931E-16,YES
133,43,2.0285863043335278E-18,NO
134,42,1.9697058640992543E-18,NO
135,56,4.063681162417077E-16,YES
136,162,8.957020891802583E-7,YES
137,6523,1.0,YES
138,153,2.0570878107144872E-11,NO
139,43,8.943435103972793E-24,YES
140,41,2.203396189486526E-11,NO
141,400,1.0,YES
142,425,5.1906864660141254E-8,YES
143,1041,0.9999975397626526,YES
144,92,1.1704112363894101E-27,NO
145,355,1.783389339792943E-8,YES
146,123,1.1704112363894101E-27,NO
147,105,8.542951471226779E-9,NO
148,105,2.1490512904860574E-7,NO
149,92,7.450688929253363E-8,NO
150,101,8.30977908866145E-9,NO
151,45,1.318366374456636E-26,YES
152,299,1.0,YES
153,32,1.7473685847608745E-24,YES
154,111,7.45909775269064E-27,NO
155,35,1.3735821933866428E-11,NO
156,85,1.5388792600309333E-24,YES
157,27,8.469665829046307E-27,NO
158,28,8.469665829046307E-27,NO
159,36,1.0,YES
160,574,1.7921826716249296E-6,YES
161,67,4.625285130599764E-28,NO
162,29,1.146095249021645E-11,NO
163,72,3.998635255149401E-28,NO
164,37,1.146095249021645E-11,NO
165,51,1.4762382779560663E-9,YES
166,31,3.998635255149401E-28,NO
167,77,3.521533416729017E-28,NO
168,168,3.7331206625921725E-28,YES
169,81,3.242966894866755E-28,NO
170,37,3.682328185640627E-28,NO
171,27,3.682328185640627E-28,NO
172,48,3.682328185640627E-28,NO
173,436,1.0,YES
174,77,1.0202061763991977E-28,NO
175,63,1.1273102342475593E-28,NO
176,76,5.4401691495422906E-12,NO
177,191,9.478722068651423E-10,YES
178,160,1.0524553654154059E-28,NO
179,906,1.0,YES
180,74,5.210981298763494E-12,NO
181,94,3.741300944765977E-9,NO
182,22,8.162700412916984E-28,NO
183,481,1.5349646887135046E-7,YES
184,62,4.3910308860405E-28,NO
185,58,4.714037313299568E-12,NO
186,94,3.587660772157502E-29,NO
187,27,4.714037313299568E-12,NO
188,77,4.151576442268177E-12,NO
189,744,0.7780229915810611,YES
190,64,2.4408858953023246E-29,YES
191,45,2.4408858953023246E-29,NO
192,63,3.7316857474662305E-12,NO
193,37,2.631010739468893E-28,NO
194,64,3.7316857474662305E-12,NO
195,124,3.2864353015235415E-12,NO
196,172,1.0,YES
197,36,4.671962455883925E-26,YES
198,58,3.7316857474662305E-12,NO
199,62,2.203189661994776E-28,NO
200,132,4.243560221034917E-26,YES
201,74,4.545379332956624E-26,YES
202,83,3.1311779643355373E-9,NO
203,74,2.144731342869189E-28,NO
204,48,3.5342467406892425E-12,NO
205,60,3.5342467406892425E-12,YES
206,86,1.5093192393000805E-29,NO
207,355,1.0,YES
208,53,1.5736677282826771E-28,NO
209,612,1.0,YES
210,39,1.249285134601412E-28,NO
211,78,2.0896487509277075E-12,YES
212,85,2.2098833668853538E-26,YES
213,31,2.372757028697265E-12,NO
214,57,2.372757028697265E-12,NO
215,108,1.618534765274717E-26,YES
216,32,1.8378159194422487E-26,YES
217,227,4.8963584934717655E-9,NO
218,201,1.6185184109717305E-26,YES
219,80,1.1336642794336911E-26,YES
220,28,5.364792327844857E-29,NO
221,57,9.410868047756747E-27,YES
222,446,1.0,YES
223,103,1.3761297484023945E-12,NO
224,35,7.266444131810398E-27,YES
225,98,1.3761297484023945E-12,NO
226,79,1.956002691146722E-9,NO
