ID, Size, Predicted, Actual
0,227,0.31016666666666676,NO
1,276,0.6839119769119769,NO
2,460,0.53,NO
3,138,0.3446547619047619,NO
4,355,0.23841666666666664,NO
5,23,0.06,NO
6,48,0.02,NO
7,59,0.04,NO
8,79,0.28,NO
9,67,0.07,NO
10,49,0.02,NO
11,40,0.02,NO
12,20,0.02,NO
13,42,0.02,NO
14,36,0.02,NO
15,31,0.02,NO
16,30,0.02,NO
17,71,0.07,NO
18,57,0.03,NO
19,20,0.02,NO
20,89,0.23,NO
21,60,0.04,NO
22,102,0.24,NO
23,20,0.02,NO
24,93,0.22,NO
25,59,0.04,NO
26,111,0.28,NO
27,20,0.02,NO
28,31,0.02,NO
29,109,0.12,NO
30,44,0.02,NO
31,72,0.05,NO
32,99,0.09,NO
33,103,0.09,NO
34,20,0.02,NO
35,137,0.99,YES
36,1699,0.5510833333333334,NO
37,45,0.0,NO
38,200,0.09,NO
39,2582,0.49,NO
40,55,0.0,NO
41,204,0.07,NO
42,59,0.01,NO
43,102,0.01,NO
44,34,0.04,NO
45,83,0.05,NO
46,114,0.08857142857142858,NO
47,60,0.12,NO
48,512,0.18,NO
49,87,0.09,NO
50,130,0.14323809523809528,NO
51,37,0.02,NO
52,101,0.013333333333333332,NO
53,1185,0.63,NO
54,455,0.22,NO
55,40,0.0,NO
56,518,0.29,NO
57,382,0.42,NO
58,49,0.0,NO
59,585,0.18,NO
60,32,0.0,NO
61,73,0.04,NO
62,633,0.41,NO
63,681,0.56,NO
64,470,0.24,NO
65,1015,0.59,NO
66,278,0.375,NO
67,31,0.0,NO
68,36,0.1,NO
69,58,0.16,NO
70,172,0.33,NO
71,86,0.35,NO
72,162,0.33,NO
73,53,0.0,NO
74,415,0.42,NO
75,200,0.3,NO
76,264,0.66,NO
77,166,0.29,NO
78,38,0.01,NO
79,117,0.30857142857142855,NO
80,85,0.03,NO
81,66,0.0,NO
82,60,0.01,NO
83,37,0.0,NO
84,233,0.7971428571428573,NO
85,37,0.04375,NO
86,239,0.1527813852813853,NO
87,40,0.0375,NO
88,208,0.6,NO
89,189,0.86,NO
90,22,0.02,NO
91,262,0.43,NO
92,489,0.6,NO
93,1418,0.83,NO
94,1376,0.88,NO
95,66,0.3575,NO
96,438,0.53,NO
97,430,0.55,NO
98,35,0.0,NO
99,53,0.01,NO
100,197,0.41,NO
101,108,0.16266666666666665,NO
102,237,0.05,NO
103,119,0.05607142857142857,NO
104,334,0.48,NO
105,161,0.53,NO
106,136,0.14325757575757572,NO
107,281,0.61,NO
108,203,0.67,NO
109,97,0.0425,NO
110,107,0.35125,NO
111,148,0.11,NO
112,462,0.19,NO
113,1856,0.65,NO
114,245,0.32,NO
115,634,0.69,NO
116,214,0.06,NO
117,259,0.36,NO
118,90,0.25,NO
119,93,0.2741071428571428,NO
120,337,0.41999999999999993,NO
121,149,0.6883095238095238,NO
122,611,0.41,NO
123,115,0.5883333333333333,NO
124,193,1.0,YES
125,815,0.99,YES
126,591,0.48216666666666663,NO
127,141,0.6770595238095238,NO
128,179,0.5067857142857143,NO
129,606,1.0,YES
130,141,0.06,NO
131,42,0.12392063492063493,NO
132,42,0.05655555555555556,NO
133,85,0.013333333333333334,NO
134,69,0.2558448773448773,NO
135,471,0.5116666666666666,NO
136,106,0.19531168831168835,NO
137,250,0.12490476190476191,NO
138,162,0.34801587301587306,NO
139,24,0.01,NO
140,56,0.0,NO
141,51,0.0,NO
142,22,0.007142857142857144,NO
143,24,0.01,NO
144,488,0.64,NO
145,1624,0.9,NO
146,47,0.0,NO
147,2307,0.75,NO
148,85,0.08,NO
149,50,0.02,NO
150,44,0.02714285714285715,NO
151,52,0.02,NO
152,41,0.007142857142857144,NO
153,48,0.02,NO
154,110,0.23,NO
155,69,0.09,NO
156,20,0.03,NO
157,213,0.09,NO
158,542,0.2,NO
159,233,0.33,NO
160,134,0.54875,NO
161,104,0.4165436507936508,NO
162,121,0.3340714285714286,NO
163,39,0.09464285714285715,NO
164,41,0.16,NO
165,248,0.02,NO
166,215,0.01,NO
167,269,0.5424123376623375,NO
168,165,0.07,NO
169,277,0.6260259740259739,NO
170,100,0.27666666666666667,NO
171,358,0.6309981962481963,NO
172,29,0.07,NO
173,339,0.6313791486291487,NO
174,719,0.6988888888888889,NO
175,141,0.39008333333333334,NO
176,801,0.5,NO
177,77,0.0,NO
178,97,0.018333333333333337,NO
179,380,0.013333333333333334,NO
180,214,0.0,NO
181,38,0.0,NO
182,79,0.01,NO
183,25,0.0,NO
184,84,0.0,NO
185,34,0.0,NO
186,33,0.0,NO
187,104,0.0,NO
188,193,0.02,NO
189,70,0.0,NO
190,140,0.0,NO
191,22,0.0,NO
192,158,0.13564285714285712,NO
193,142,0.016666666666666666,NO
194,109,0.3403095238095238,NO
195,158,0.96,YES
196,31,0.02,NO
197,344,0.023333333333333334,NO
198,71,0.96,YES
199,84,0.96,YES
200,79,0.96,YES
201,881,0.96,YES
202,64,0.0,NO
203,199,0.03857142857142857,NO
204,261,0.96,YES
205,155,0.22630952380952382,NO
206,42,0.0,NO
207,405,0.5627777777777778,NO
208,248,0.00857142857142857,NO
209,541,0.6887777777777777,NO
210,28,0.24339285714285716,NO
211,452,0.44949206349206355,NO
212,474,0.115,NO
213,379,0.205,NO
214,83,0.46875,NO
215,393,0.46949206349206357,NO
216,458,0.84,NO
217,248,0.488,NO
218,28,0.07,NO
219,69,0.21208333333333335,NO
220,116,0.23925000000000002,NO
221,100,0.3083809523809524,NO
222,46,0.04644230769230769,NO
223,226,0.358,NO
224,79,0.21850000000000003,NO
225,93,0.3066190476190476,NO
226,2156,0.6177777777777778,NO
227,41,0.01,NO
228,64,0.09,NO
229,149,0.2884718614718615,NO
230,334,0.35556565656565653,NO
231,114,0.4634956709956709,NO
232,66,0.1,NO
233,38,0.01,NO
234,46,0.056442307692307694,NO
235,101,0.05,NO
236,111,0.29725,NO
237,156,0.12316666666666669,NO
238,113,0.5203845598845597,NO
239,770,0.31777777777777777,NO
240,392,0.5832323232323232,NO
241,330,0.61,NO
242,139,0.03,NO
243,59,0.03,NO
244,78,0.05,NO
245,49,0.34772585747585744,NO
246,511,0.5863492063492064,NO
247,42,0.0,NO
248,75,0.7756349206349207,NO
249,219,0.45972619047619045,NO
250,103,0.6450753968253968,NO
251,158,0.3106468253968254,NO
252,190,0.39899999999999997,NO
253,88,0.0,NO
254,248,0.489,NO
255,276,0.7194545454545455,NO
256,60,0.03,NO
257,35,0.0,NO
258,63,0.02,NO
259,79,0.04,NO
260,174,0.02,NO
261,148,0.01,NO
262,34,0.0,NO
263,35,0.0,NO
264,45,0.0,NO
265,293,0.12,NO
266,57,0.1729174159174159,NO
267,39,0.0075,NO
268,57,0.02,NO
269,277,0.6301641414141413,NO
270,468,0.01,NO
271,75,0.0,NO
272,666,0.0,NO
273,53,0.42950000000000005,NO
274,145,0.01,NO
275,53,0.0,NO
276,397,0.01,NO
277,54,0.0,NO
278,104,0.08,NO
279,119,0.1,NO
280,514,0.5167777777777778,NO
281,152,0.02,NO
282,95,0.05,NO
283,415,0.01,NO
284,131,0.01,NO
285,45,0.0,NO
286,156,0.1,NO
287,166,0.12,NO
288,43,0.0,NO
289,74,0.0,NO
290,302,0.6750656565656566,NO
291,494,0.41,NO
292,421,0.4075,NO
293,723,0.43,NO
294,550,0.42,NO
295,493,0.41,NO
296,416,0.4175,NO
297,359,0.03666666666666666,NO
298,66,0.0,NO
299,62,0.02,NO
300,45,0.0,NO
301,41,0.0,NO
302,47,0.0,NO
303,55,0.0,NO
304,1456,0.04,NO
305,187,0.6,NO
306,163,0.12,NO
307,142,0.572090909090909,NO
308,73,0.39,NO
309,108,0.6666666666666665,NO
310,20,0.16114285714285714,NO
311,60,0.34416666666666673,NO
312,84,0.5733333333333333,NO
313,82,0.5176226551226552,NO
314,86,0.42459090909090913,NO
315,67,0.03,NO
316,20,0.16114285714285714,NO
317,60,0.0,NO
318,88,0.5516666666666666,NO
319,47,0.138,NO
320,76,0.38,NO
321,21,0.14114285714285713,NO
322,53,0.08,NO
323,114,0.43,NO
324,121,0.6,NO
325,78,0.21,NO
326,20,0.13114285714285714,NO
327,69,0.34,NO
328,80,0.29,NO
329,79,0.36,NO
330,81,0.04,NO
331,88,0.35,NO
332,20,0.13114285714285714,NO
333,105,0.36,NO
334,60,0.25416666666666665,NO
335,50,0.0,NO
336,28,0.0,NO
337,129,0.35,NO
338,43,0.14914285714285713,NO
339,76,0.0,NO
340,63,0.0,NO
341,65,0.29,NO
342,76,0.31,NO
343,45,0.0,NO
344,20,0.13114285714285714,NO
345,126,0.33,NO
