ID, Size, Predicted, Actual
0,215,2.751785334133267E-4,NO
1,274,3.668374140300396E-4,YES
2,461,0.9998898922274803,NO
3,138,0.6666421964765347,NO
4,358,1.1010777251976193E-4,NO
5,93,1.1010777251976193E-4,NO
6,1379,0.0010988997718877286,YES
7,51,5.795750492049664E-5,NO
8,45,0.45454772988661907,NO
9,157,0.7142520057038377,NO
10,31,4.787890404452045E-5,NO
11,1743,0.9998898922274803,YES
12,55,6.117697234222696E-5,NO
13,204,0.5882238632085468,NO
14,55,6.117697234222696E-5,NO
15,103,0.4545500049999996,NO
16,34,6.117697234222696E-5,NO
17,83,0.5555521566269335,NO
18,488,0.0010988997718877286,NO
19,83,0.5555521566269335,NO
20,129,1.1010777251976193E-4,NO
21,885,0.9090090091081081,NO
22,440,0.0010988997718877286,NO
23,40,1.223389760281482E-4,NO
24,391,3.668374140300396E-4,NO
25,378,2.201670608302234E-4,NO
26,51,5.795750492049664E-5,NO
27,709,0.9998898922274803,YES
28,32,0.6060535273395412,NO
29,68,0.7692155644844305,YES
30,564,0.0010988997718877286,YES
31,588,0.0010988997718877286,NO
32,381,0.0010988997718877286,YES
33,977,0.0010988997718877286,NO
34,275,0.833272160103384,NO
35,31,4.787890404452045E-5,NO
36,50,3.441388911285229E-5,NO
37,27,2.343124771110825E-5,NO
38,183,0.3448393711408991,NO
39,50,3.441388911285229E-5,NO
40,62,4.078631168352584E-5,NO
41,87,0.6249827942396778,NO
42,52,0.7999735706425021,NO
43,419,0.0010988997718877286,YES
44,224,3.668374140300396E-4,NO
45,118,2.751785334133267E-4,YES
46,83,0.5555521566269335,NO
47,147,9.175984492384537E-5,NO
48,120,0.0010988997718877286,NO
49,58,0.27028394545639534,NO
50,44,8.470259105226028E-5,NO
51,106,0.3448393711408991,YES
52,238,5.500543405332022E-4,NO
53,43,0.32259325042879533,NO
54,195,2.751785334133267E-4,YES
55,189,1.8348601655084198E-4,NO
56,151,1.1010777251976193E-4,NO
57,395,0.9090090091081081,YES
58,1013,0.9998898922274803,YES
59,913,0.0010988997718877286,YES
60,43,0.32259325042879533,NO
61,335,0.9998898922274803,YES
62,27,2.343124771110825E-5,NO
63,55,6.117697234222696E-5,NO
64,93,1.1010777251976193E-4,NO
65,191,1.0009997897900441E-4,NO
66,90,0.6122398525704964,NO
67,89,5.795750492049664E-5,NO
68,273,0.714252005703838,NO
69,191,1.0009997897900441E-4,NO
70,97,1.8348601655084198E-4,NO
71,82,1.3762713874085992E-4,NO
72,148,0.6521666267744387,NO
73,437,2.201670608302234E-4,NO
74,1376,0.0010988997718877286,YES
75,214,9.175984492384537E-5,YES
76,528,0.9998898922274803,NO
77,209,0.0010988997718877286,NO
78,190,5.500543405332022E-4,NO
79,86,7.341057039609843E-5,NO
80,269,0.9998898922274803,YES
81,408,0.0010988997718877286,YES
82,572,5.500543405332022E-4,NO
83,132,5.50599487881971E-5,NO
84,173,0.9998898922274803,NO
85,107,1.3762713874085992E-4,NO
86,85,7.865335771184072E-5,NO
87,107,1.3762713874085992E-4,NO
88,250,0.9090090091081081,NO
89,237,0.7142520057038377,NO
90,692,0.9998898922274803,YES
91,47,2.5610787015826296E-5,NO
92,1487,0.0010988997718877286,YES
93,27,2.343124771110825E-5,NO
94,89,5.795750492049664E-5,NO
95,509,0.9998898922274803,YES
96,227,5.500543405332022E-4,NO
97,129,1.1010777251976193E-4,YES
98,101,0.9999449400512117,YES
99,385,0.0010988997718877286,NO
100,102,0.9998898922274803,YES
101,41,9.175984492384537E-5,NO
102,244,1.8348601655084198E-4,NO
103,215,2.751785334133267E-4,NO
104,260,0.9998898922274803,NO
105,119,3.668374140300396E-4,NO
106,701,0.9998898922274803,NO
107,120,0.0010988997718877286,YES
108,630,0.0010988997718877286,YES
109,69,0.3703809445993254,NO
110,77,0.40816739335141156,NO
111,97,1.8348601655084198E-4,NO
112,380,1.3762713874085992E-4,NO
113,214,9.175984492384537E-5,NO
114,38,0.5714240765267407,NO
115,79,1.1010777251976193E-4,NO
116,25,1.0009997897900441E-4,NO
117,84,0.2941309839833418,NO
118,34,6.117697234222696E-5,NO
119,33,1.0009997897900441E-4,NO
120,104,0.5714240765267409,NO
121,193,0.7142520057038377,NO
122,70,5.795750492049664E-5,NO
123,140,1.5728197391296986E-4,NO
124,22,1.1010777251976193E-4,NO
125,156,1.1010777251976193E-4,NO
126,142,2.751785334133267E-4,NO
127,100,7.341057039609843E-5,YES
128,153,0.5000000000000002,NO
129,31,4.787890404452045E-5,NO
130,340,0.9090090091081081,NO
131,61,0.5000000000000001,NO
132,61,0.5000000000000001,NO
133,877,0.9090090091081081,NO
134,62,4.078631168352584E-5,NO
135,186,0.0010988997718877286,NO
136,264,2.751785334133267E-4,NO
137,42,5.005499999394941E-5,NO
138,248,2.201670608302234E-4,NO
139,343,0.9090499550000049,YES
140,199,3.668374140300396E-4,YES
141,330,0.0010988997718877286,YES
142,346,2.201670608302234E-4,YES
143,89,5.795750492049664E-5,NO
144,193,0.7142520057038377,YES
145,406,0.0010988997718877286,YES
146,82,1.3762713874085992E-4,NO
147,53,7.341057039609843E-5,NO
148,148,0.6521666267744387,NO
149,4774,0.0010988997718877286,YES
150,4088,2.201670608302234E-4,NO
151,93,1.1010777251976193E-4,NO
152,78,0.9302105209507072,NO
153,78,0.9302105209507072,NO
154,995,0.9998898922274803,YES
155,37,4.078631168352584E-5,NO
156,59,1.5728197391296986E-4,NO
157,140,1.5728197391296986E-4,NO
158,165,0.5555487581141844,NO
159,47,2.5610787015826296E-5,NO
160,101,0.4878055331713798,NO
161,109,0.7142688586690252,NO
162,154,0.9999724685097234,NO
163,559,0.0010988997718877286,YES
164,386,0.0010988997718877286,NO
165,306,0.9998898922274803,YES
166,135,1.3762713874085992E-4,NO
167,56,0.30304344922656573,NO
168,78,0.9302105209507072,NO
169,35,0.40000880978583275,NO
170,467,0.0010988997718877286,YES
171,174,1.3762713874085992E-4,NO
172,148,0.6521666267744387,NO
173,88,0.8474446560055433,NO
174,52,0.7999735706425021,NO
175,39,4.235488309447197E-5,NO
176,208,0.0010988997718877286,YES
177,77,0.40816739335141156,NO
178,666,2.201670608302234E-4,NO
179,146,9.175984492384537E-5,NO
180,272,0.9374698878470262,YES
181,54,5.2438321441263243E-5,NO
182,100,7.341057039609843E-5,NO
183,119,3.668374140300396E-4,NO
184,363,0.9998898922274803,NO
185,152,1.0009997897900441E-4,NO
186,39,4.235488309447197E-5,NO
187,677,2.751785334133267E-4,NO
188,131,0.6249827942396778,NO
189,47,2.5610787015826296E-5,NO
190,100,7.341057039609843E-5,NO
191,43,0.32259325042879533,NO
192,73,1.3762713874085992E-4,NO
193,234,0.9998898922274803,NO
194,62,4.078631168352584E-5,NO
195,45,0.45454772988661907,NO
196,41,9.175984492384537E-5,NO
197,47,2.5610787015826296E-5,NO
198,55,6.117697234222696E-5,NO
199,1279,2.751785334133267E-4,NO
200,183,0.3448393711408991,NO
201,163,1.3762713874085992E-4,NO
202,147,9.175984492384537E-5,NO
203,77,0.40816739335141156,NO
204,99,0.5263127390786885,NO
205,53,7.341057039609843E-5,NO
206,95,0.0010988997718877286,NO
207,77,0.40816739335141156,NO
208,69,0.3703809445993254,NO
209,69,0.3703809445993254,NO
210,77,0.40816739335141156,NO
211,80,5.500543405332022E-4,NO
212,72,0.23810897266154732,NO
213,63,0.25642401308551493,NO
214,50,3.441388911285229E-5,NO
215,28,5.795750492049664E-5,NO
216,108,0.714268858669025,NO
217,40,1.223389760281482E-4,NO
218,76,6.117697234222696E-5,NO
219,64,0.4347857313823829,NO
220,63,0.25642401308551493,NO
221,55,6.117697234222696E-5,NO
222,45,0.45454772988661907,NO
223,476,1.5728197391296986E-4,NO
224,77,0.40816739335141156,NO
225,69,0.3703809445993254,NO
226,104,0.5714240765267409,NO
227,115,2.201670608302234E-4,NO
228,421,2.201670608302234E-4,NO
229,61,0.5000000000000001,NO
230,2009,2.751785334133267E-4,NO
231,179,1.1010777251976193E-4,NO
232,106,0.3448393711408991,NO
233,33,1.0009997897900441E-4,NO
234,657,2.201670608302234E-4,NO
235,295,2.201670608302234E-4,NO
236,872,2.201670608302234E-4,NO
237,444,2.201670608302234E-4,NO
238,168,0.5263127390786885,NO
239,752,2.201670608302234E-4,NO
240,135,1.3762713874085992E-4,NO
241,1126,2.201670608302234E-4,NO
242,163,1.3762713874085992E-4,NO
243,184,2.201670608302234E-4,NO
244,51,5.795750492049664E-5,NO
245,25,1.0009997897900441E-4,NO
246,180,1.223389760281482E-4,NO
247,64,0.4347857313823829,NO
248,101,0.4878055331713798,NO
249,512,2.201670608302234E-4,NO
250,187,2.201670608302234E-4,NO
251,56,0.30304344922656573,NO
252,39,4.235488309447197E-5,NO
253,261,2.201670608302234E-4,NO
254,73,1.3762713874085992E-4,NO
255,65,2.201670608302234E-4,NO
256,329,2.201670608302234E-4,NO
257,64,0.4347857313823829,NO
258,164,2.201670608302234E-4,NO
259,624,1.1010777251976193E-4,NO
260,74,0.2857210282791814,NO
261,117,0.4166743140221306,NO
262,84,0.2941309839833418,NO
263,226,2.751785334133267E-4,NO
264,76,6.117697234222696E-5,NO
265,323,2.201670608302234E-4,NO
266,72,0.23810897266154732,NO
267,42,5.005499999394941E-5,NO
268,48,4.404892916327124E-5,NO
269,89,5.795750492049664E-5,NO
270,380,1.3762713874085992E-4,NO
271,144,0.9998898922274803,NO
272,148,0.6521666267744387,NO
273,191,1.0009997897900441E-4,NO
274,46,1.3762713874085992E-4,NO
275,165,0.5555487581141844,NO
276,171,1.8348601655084198E-4,NO
277,56,0.30304344922656573,NO
278,179,1.1010777251976193E-4,NO
279,74,0.2857210282791814,NO
280,36,0.4545500049999996,NO
281,37,4.078631168352584E-5,NO
282,34,6.117697234222696E-5,NO
283,34,6.117697234222696E-5,NO
284,38,0.5714240765267407,NO
285,39,4.235488309447197E-5,NO
286,156,1.1010777251976193E-4,NO
287,78,0.9302105209507072,NO
288,117,0.4166743140221306,NO
289,94,0.6521666267744387,NO
290,69,0.3703809445993254,NO
291,180,1.223389760281482E-4,NO
292,80,5.500543405332022E-4,NO
293,183,0.3448393711408991,NO
294,70,5.795750492049664E-5,NO
295,54,5.2438321441263243E-5,NO
296,160,0.714268858669025,NO
297,128,2.751785334133267E-4,NO
298,151,1.1010777251976193E-4,NO
299,422,0.624982794239678,NO
300,221,2.751785334133267E-4,NO
301,50,3.441388911285229E-5,NO
302,42,5.005499999394941E-5,NO
303,622,1.1010777251976193E-4,NO
304,365,0.9090090091081081,NO
305,382,3.668374140300396E-4,NO
306,72,0.23810897266154732,NO
307,92,0.5660349914840174,NO
308,280,2.751785334133267E-4,NO
309,371,1.8348601655084198E-4,NO
310,47,2.5610787015826296E-5,NO
311,108,0.714268858669025,NO
312,111,7.865335771184072E-5,NO
313,314,5.500543405332022E-4,NO
314,129,1.1010777251976193E-4,NO
315,49,5.005499999394941E-5,NO
316,358,1.1010777251976193E-4,NO
317,273,0.714252005703838,NO
318,47,2.5610787015826296E-5,NO
319,89,5.795750492049664E-5,NO
320,41,9.175984492384537E-5,NO
321,66,9.175984492384537E-5,NO
322,63,0.25642401308551493,NO
323,24,1.8348601655084198E-4,NO
324,50,3.441388911285229E-5,NO
325,72,0.23810897266154732,NO
326,47,2.5610787015826296E-5,NO
327,47,2.5610787015826296E-5,NO
328,183,0.3448393711408991,NO
329,49,5.005499999394941E-5,NO
330,50,3.441388911285229E-5,NO
331,98,0.3448393711408991,NO
332,143,1.8348601655084198E-4,NO
333,43,0.32259325042879533,NO
334,42,5.005499999394941E-5,NO
335,56,0.30304344922656573,NO
336,44,8.470259105226028E-5,NO
337,26,1.8348601655084198E-4,NO
338,254,2.201670608302234E-4,NO
339,16883,2.201670608302234E-4,NO
340,74,0.2857210282791814,NO
341,153,0.5000000000000002,NO
342,68,0.7692155644844305,NO
343,100,7.341057039609843E-5,NO
344,547,5.500543405332022E-4,NO
345,437,2.201670608302234E-4,NO
346,1038,2.751785334133267E-4,NO
347,104,0.5714240765267409,NO
348,332,2.751785334133267E-4,NO
349,123,0.4347888537700929,NO
350,106,0.3448393711408991,NO
351,107,1.3762713874085992E-4,NO
352,94,0.6521666267744387,NO
353,101,0.4878055331713798,NO
354,38,0.5714240765267407,NO
355,666,2.201670608302234E-4,NO
356,32,0.6060535273395412,NO
357,111,7.865335771184072E-5,NO
358,35,0.40000880978583275,NO
359,90,0.6122398525704964,NO
360,27,2.343124771110825E-5,NO
361,28,5.795750492049664E-5,NO
362,92,0.5660349914840174,NO
363,978,0.0010988997718877286,NO
364,67,1.5728197391296986E-4,NO
365,29,0.5555487581141844,NO
366,105,0.8620552159054482,NO
367,72,0.23810897266154732,NO
368,37,4.078631168352584E-5,NO
369,47,2.5610787015826296E-5,NO
370,31,4.787890404452045E-5,NO
371,90,0.6122398525704964,NO
372,221,2.751785334133267E-4,NO
373,213,1.8348601655084198E-4,NO
374,105,0.8620552159054482,NO
375,37,4.078631168352584E-5,NO
376,27,2.343124771110825E-5,NO
377,48,4.404892916327124E-5,NO
378,167,0.7142520057038377,NO
379,213,1.8348601655084198E-4,NO
380,867,0.714252005703838,NO
381,158,0.4761929732534021,NO
382,93,1.1010777251976193E-4,NO
383,96,0.5555487581141844,NO
384,840,0.0010988997718877286,NO
385,535,2.751785334133267E-4,NO
386,83,0.5555521566269335,NO
387,63,0.25642401308551493,NO
388,76,6.117697234222696E-5,NO
389,202,2.201670608302234E-4,NO
390,155,0.7142520057038377,NO
391,1263,2.751785334133267E-4,NO
392,74,0.2857210282791814,NO
393,101,0.4878055331713798,NO
394,27,2.343124771110825E-5,NO
395,22,1.1010777251976193E-4,NO
396,491,2.751785334133267E-4,NO
397,62,4.078631168352584E-5,NO
398,59,1.5728197391296986E-4,NO
399,99,0.5263127390786885,NO
400,27,2.343124771110825E-5,NO
401,77,0.40816739335141156,NO
402,865,0.9998898922274803,NO
403,64,0.4347857313823829,NO
404,45,0.45454772988661907,NO
405,63,0.25642401308551493,NO
406,54,5.2438321441263243E-5,NO
407,64,0.4347857313823829,NO
408,132,5.50599487881971E-5,NO
409,182,0.6249827942396778,NO
410,70,5.795750492049664E-5,NO
411,36,0.4545500049999996,NO
412,58,0.27028394545639534,NO
413,62,4.078631168352584E-5,NO
414,132,5.50599487881971E-5,NO
415,74,0.2857210282791814,NO
416,86,7.341057039609843E-5,NO
417,74,0.2857210282791814,NO
418,48,4.404892916327124E-5,NO
419,74,0.2857210282791814,NO
420,86,7.341057039609843E-5,NO
421,355,1.8348601655084198E-4,NO
422,53,7.341057039609843E-5,NO
423,798,2.751785334133267E-4,NO
424,75,0.6249827942396778,NO
425,128,2.751785334133267E-4,NO
426,198,0.0010988997718877286,NO
427,138,0.6666421964765347,NO
428,57,1.223389760281482E-4,NO
429,123,0.4347888537700929,NO
430,314,5.500543405332022E-4,NO
431,162,0.7407211028869671,NO
432,137,0.882328172602365,NO
433,124,3.668374140300396E-4,NO
434,359,0.0010988997718877286,NO
435,151,1.1010777251976193E-4,NO
436,107,1.3762713874085992E-4,NO
437,28,5.795750492049664E-5,NO
438,58,0.27028394545639534,NO
439,470,0.0010988997718877286,NO
440,345,0.9998898922274803,NO
441,103,0.4545500049999996,NO
442,35,0.40000880978583275,NO
443,98,0.3448393711408991,NO
444,117,0.4166743140221306,NO
