ID, Size, Predicted, Actual
0,215,0.9999987235534482,NO
1,274,0.9999999999750948,YES
2,461,0.9999999999601278,YES
3,138,0.9999976185484871,NO
4,358,0.9999840115971955,NO
5,1248,1.0,YES
6,51,0.9998012923502091,NO
7,45,0.9999591719065616,NO
8,157,0.9997304033865333,NO
9,31,0.9996612027277066,NO
10,1008,0.9999993353137446,YES
11,55,0.9999858266336185,NO
12,204,0.9999984803228171,NO
13,55,0.9998507363810761,NO
14,103,0.9998511748920359,NO
15,83,0.9999998618919469,YES
16,262,0.9998519839707636,NO
17,83,0.9998166791418938,NO
18,867,0.9999999999421338,YES
19,40,0.9978781269957597,NO
20,387,0.9999973258915272,YES
21,390,0.9996760335103155,NO
22,51,0.997552695153274,NO
23,637,1.0,YES
24,32,0.9971231878323642,NO
25,68,0.9995743895959159,YES
26,547,0.9999958793470547,NO
27,566,0.999999880415851,NO
28,314,0.9999999999988787,YES
29,839,0.9999998772462462,NO
30,211,0.9999935011923561,NO
31,31,0.9992658520456219,NO
32,50,0.9945408873309305,NO
33,27,0.9975603416710458,NO
34,175,0.9999916252789396,NO
35,50,0.999023504705137,NO
36,62,0.9933461954303499,NO
37,87,0.9989886543281252,NO
38,52,0.9931544772196353,NO
39,373,0.9999999981004177,NO
40,224,0.9988926290312796,NO
41,118,0.9923162198226644,YES
42,83,0.9917648385724038,NO
43,147,0.9918017626303289,NO
44,58,0.9987243311275202,NO
45,44,0.991449159659629,NO
46,106,0.9914487712872051,NO
47,189,0.999988333707157,NO
48,151,0.9750681945284927,NO
49,352,0.9756870149511105,YES
50,849,0.9965295836427334,YES
51,877,0.9956784816346772,YES
52,41,0.9931375965236919,NO
53,319,0.9866133263817,YES
54,27,0.9468323882827973,NO
55,55,0.9464638404148085,NO
56,94,0.9462886563774481,NO
57,191,0.944690627779295,NO
58,90,0.9838798784466721,NO
59,90,0.9417722494241636,NO
60,271,0.9904482858682048,YES
61,152,0.9897563097676838,NO
62,90,0.989086008178861,YES
63,82,0.9890474086250615,NO
64,147,0.9914520340553519,NO
65,422,0.9892855280676668,YES
66,1059,1.0,YES
67,530,0.9838726016075888,NO
68,205,0.9999999083470607,YES
69,190,0.9999795678674392,YES
70,86,0.9772158263822998,NO
71,207,0.9999999400629475,YES
72,397,0.9998881997977208,YES
73,573,0.9651005890735883,NO
74,126,0.9710456514543481,YES
75,167,0.9999640177323751,YES
76,109,0.9454307312395147,NO
77,85,0.9434820015121556,NO
78,237,0.6958694361450287,NO
79,424,0.9999390931780857,YES
80,47,0.6435816081326966,NO
81,1118,0.9999999999999594,YES
82,27,0.5276932956769406,NO
83,89,0.5297614925621934,NO
84,474,0.9999971568063191,YES
85,166,0.928230004850645,NO
86,92,0.9460325005610182,NO
87,476,0.9998665590107141,YES
88,93,0.9431130987523083,NO
89,244,0.9534557989124228,NO
90,204,0.9998387493172401,YES
91,252,0.45366323853409174,NO
92,109,0.9135050808746058,YES
93,618,0.9999960914196454,YES
94,565,0.8356014368645479,YES
95,69,0.8084732760031691,NO
96,77,0.34029053993137964,NO
97,97,0.3396067651531739,NO
98,343,0.352258052005233,NO
99,214,0.3399395092294369,NO
100,79,0.33315893465438007,NO
101,25,0.33064282980649995,NO
102,84,0.3303315067124343,NO
103,34,0.32778887624014924,NO
104,33,0.32778887624014924,NO
105,104,0.32893509204354865,NO
106,172,0.3317874261702121,NO
107,70,0.3244878813104899,NO
108,140,0.32515978275489527,NO
109,156,0.32671450489897247,NO
110,142,0.32236344237442216,NO
111,152,0.31753073976345153,NO
112,31,0.3130929849985093,NO
113,60,0.31035943260845783,NO
114,60,0.3083020268529193,NO
115,876,0.36899393958271487,NO
116,61,0.2762948511117249,NO
117,185,0.2806125517913549,NO
118,264,0.2820122222144479,NO
119,43,0.7127952957266621,NO
120,248,0.27161467145881474,NO
121,310,1.0,YES
122,199,0.9994596837095675,NO
123,194,0.6621935702280857,NO
124,346,0.7248548953970111,NO
125,90,0.9986907061496313,NO
126,335,0.6414373778339557,YES
127,372,0.9999999989696398,YES
128,84,0.6670899972180251,NO
129,53,0.16707726771433085,NO
130,148,0.9993273505047928,YES
131,4088,0.984663072062629,NO
132,860,1.0,YES
133,47,0.06285971059526198,NO
134,101,0.004553458653370702,NO
135,517,0.06637117403199642,YES
136,327,0.0032469569022684796,YES
137,275,0.019471195829607494,YES
138,136,0.9529608118476902,YES
139,56,0.0027135134537320843,NO
140,74,0.10831284194422808,YES
141,362,0.9399389965014671,YES
142,174,0.012660099302969637,NO
143,148,0.012403345212613414,NO
144,92,0.010844527819865706,NO
145,45,0.024798651280223252,NO
146,39,0.00780325739449933,NO
147,182,0.007996320805218737,NO
148,77,0.007613126034491483,NO
149,666,0.0013364490030313464,NO
150,88,0.0010867726527916857,YES
151,263,0.0010926222372378274,YES
152,54,0.06060035576668547,NO
153,76,0.0066889152422028595,NO
154,132,0.006696331583739334,NO
155,160,9.926605707738943E-4,YES
156,152,0.021082197812582637,NO
157,39,0.05835735810277523,NO
158,677,0.0010916857087411127,NO
159,131,8.899196139016114E-4,NO
160,47,8.744847947868812E-4,NO
161,129,0.02017422818450027,NO
162,43,8.590659326375279E-4,NO
163,73,0.0057914877569482355,NO
164,257,8.860298392078452E-4,NO
165,356,7.604765079942408E-4,NO
166,62,0.01678295241865232,NO
167,45,6.787916973159024E-4,NO
168,97,6.339441039700424E-4,NO
169,131,0.9998207456351297,YES
170,68,0.004092841839499267,YES
171,99,0.0040684682001918505,NO
172,53,0.003567878396766596,NO
173,81,0.0035975087590587613,NO
174,78,0.00357909049573091,YES
175,69,0.0035627661735155073,NO
176,69,0.0035415600582440385,NO
177,77,0.0035415600582440385,NO
178,72,0.003529842159920773,NO
179,72,0.003529842159920773,NO
180,63,0.00350076716570432,NO
181,50,0.0034526746498768123,NO
182,28,0.0034526746498768123,NO
183,96,0.0034813516157428024,NO
184,40,0.0034319662369374773,NO
185,76,0.003460471801679833,NO
186,49,0.0034207937708309955,NO
187,63,0.003415309900936126,NO
188,55,0.003394760002112099,NO
189,45,0.0033743994750116356,NO
190,476,4.6954837585672885E-4,NO
191,77,4.176392525051733E-4,NO
192,69,4.170129671924724E-4,NO
193,104,4.1579213720183204E-4,NO
194,115,4.1838953850548876E-4,NO
195,421,4.433036883054532E-4,NO
196,61,4.0376603845079654E-4,NO
197,2009,0.03780188275992343,NO
198,179,3.8865301795991755E-4,NO
199,106,3.8121372002416674E-4,NO
200,33,3.780638568941275E-4,NO
201,657,4.525031751256656E-4,NO
202,295,3.91604514755554E-4,NO
203,872,4.903304240789063E-4,NO
204,444,3.9382121975045306E-4,NO
205,168,3.6198302753109E-4,NO
206,752,4.40094969355308E-4,NO
207,135,3.489978044878192E-4,NO
208,1126,5.202664188251431E-4,NO
209,163,3.403787047762059E-4,NO
210,184,3.38890820270001E-4,NO
211,51,3.2965702279331966E-4,NO
212,25,3.2819956755833333E-4,NO
213,180,3.3594628617477566E-4,NO
214,64,3.263364469733018E-4,NO
215,101,3.2905548175605885E-4,NO
216,512,3.687839147944172E-4,NO
217,187,3.282334465583436E-4,NO
218,56,3.1928993903127624E-4,NO
219,39,3.188513367372303E-4,NO
220,261,3.324144428457185E-4,NO
221,73,3.1820936770894556E-4,NO
222,65,3.1515451655011935E-4,NO
223,329,3.323561179985017E-4,NO
224,64,3.114976939735907E-4,NO
225,164,3.1882292256580415E-4,NO
226,624,0.011691303670639587,NO
227,74,3.064197321434404E-4,NO
228,117,3.084270132189297E-4,NO
229,84,3.047079377214253E-4,NO
230,226,0.010104739238146254,NO
231,76,3.0207615816078983E-4,NO
232,323,3.1551919666721414E-4,NO
233,72,2.985884651758071E-4,NO
234,42,2.957326188560003E-4,NO
235,48,0.03123778129864621,NO
236,89,0.009665275680559955,NO
237,380,0.03380834058757304,NO
238,141,2.9582555317790387E-4,NO
239,148,2.945361530430628E-4,NO
240,191,2.9575119104814423E-4,NO
241,46,0.009363258465178019,NO
242,165,2.932061886068254E-4,NO
243,171,0.009569227535775994,NO
244,56,2.8317496597516907E-4,NO
245,179,0.031152391575995662,NO
246,74,0.009294495339271926,NO
247,36,2.803431696616564E-4,NO
248,37,2.803431696616564E-4,NO
249,34,2.803431696616564E-4,NO
250,34,2.795256337366002E-4,NO
251,38,0.009206569557287339,NO
252,39,0.009206569557287339,NO
253,156,2.852645373172282E-4,NO
254,84,2.794466877293717E-4,NO
255,117,0.030564584853592144,NO
256,94,0.009202980777758685,NO
257,71,0.009202980777758685,NO
258,183,0.11319531752604417,NO
259,85,0.008902464452163068,NO
260,183,0.009035532332074036,NO
261,70,0.008852972221019164,NO
262,54,2.579528985747856E-4,NO
263,160,2.6360430741946203E-4,NO
264,128,2.529020751836335E-4,NO
265,151,0.09328056837613424,NO
266,422,2.524513748364709E-4,NO
267,221,2.3849170710472595E-4,NO
268,50,2.2686451009524343E-4,NO
269,42,0.008019142130617033,NO
270,624,0.009489768947940885,NO
271,377,0.028777228175121863,NO
272,382,2.3744852668013025E-4,NO
273,72,2.1840533317656822E-4,NO
274,92,2.174822073067973E-4,NO
275,282,2.2502395836605603E-4,NO
276,371,2.295865374942113E-4,NO
277,47,2.112786412068026E-4,NO
278,108,0.007727518192963421,NO
279,111,2.1214741106373236E-4,NO
280,319,0.027494964759127143,NO
281,129,0.025783543610454745,NO
282,49,1.9928085210949722E-4,NO
283,358,0.05003592279854503,NO
284,277,0.06866325184412035,NO
285,49,0.007130305925794395,NO
286,89,1.9011515012716648E-4,NO
287,41,1.8854398360097595E-4,NO
288,66,0.00712234576152262,NO
289,63,1.8778155772726114E-4,NO
290,24,1.8778155772726114E-4,NO
291,50,1.872130348088687E-4,NO
292,72,0.007165424192322365,NO
293,47,1.8624803006465378E-4,NO
294,47,0.0070554786873612595,NO
295,183,0.04636660532718126,NO
296,49,1.849348584188296E-4,NO
297,50,1.849348584188296E-4,NO
298,98,0.007044434497459804,NO
299,143,1.872340471955196E-4,NO
300,43,1.8378776341055976E-4,NO
301,42,1.8268874356703338E-4,NO
302,56,1.8268874356703338E-4,NO
303,44,1.8268874356703338E-4,NO
304,26,1.8268874356703338E-4,NO
305,254,0.085445001441359,NO
306,16883,0.07197455530766732,NO
307,74,2.725198599342807E-5,NO
308,153,0.0015806408740225884,NO
309,68,0.006390246652157003,NO
310,100,2.713586660918501E-5,NO
311,550,3.017980470506606E-5,NO
312,437,2.8948179627417966E-5,NO
313,1038,0.0022070575780433247,NO
314,104,2.53222320111633E-5,NO
315,332,2.6478114998780656E-5,NO
316,123,2.5288784705143613E-5,NO
317,106,2.4883664262660812E-5,NO
318,106,2.473420473978672E-5,NO
319,94,2.4717649776295612E-5,NO
320,101,2.462140281201559E-5,NO
321,38,2.4348017974496482E-5,NO
322,628,0.007182618229657522,YES
323,32,2.3930702580106828E-5,NO
324,111,2.4106904894563593E-5,NO
325,35,0.0014411096090716292,NO
326,90,2.3963565999732154E-5,NO
327,27,2.3697508608625045E-5,NO
328,28,2.3697508608625045E-5,NO
329,92,0.019092204812945383,NO
330,979,3.281096756778804E-5,NO
331,67,2.2951877601269333E-5,NO
332,29,0.0014030084776517273,NO
333,105,2.2926421546895793E-5,NO
334,72,2.2926421546895793E-5,NO
335,37,0.001400871562711672,NO
336,47,2.25923572849932E-5,NO
337,31,2.25923572849932E-5,NO
338,90,0.0014125309719006678,NO
339,223,0.03695382084643901,NO
340,214,0.00604891036714947,NO
341,107,0.0013903185089662715,NO
342,37,2.206010471614978E-5,NO
343,27,2.206010471614978E-5,NO
344,48,2.206010471614978E-5,NO
345,167,2.252394278967412E-5,NO
346,213,0.012441356789466437,NO
347,867,2.8482892484894283E-5,NO
348,159,0.005859966802661249,NO
349,100,0.0013578485467887352,NO
350,96,0.0013578485467887352,NO
351,842,0.001775970577436362,NO
352,535,2.3594296053590807E-5,NO
353,83,2.0512878108982706E-5,NO
354,63,2.034332523849764E-5,NO
355,76,0.0013258808052674445,NO
356,202,2.1083281012963195E-5,NO
357,155,2.0494542374495807E-5,NO
358,1263,3.3047568128980815E-5,NO
359,74,0.0012734027988352086,NO
360,101,0.0012727650922421587,NO
361,27,1.905903433471923E-5,NO
362,22,1.8918730340361665E-5,NO
363,491,2.1360896282192753E-5,NO
364,62,1.8869650541997396E-5,NO
365,59,1.886276135397638E-5,NO
366,99,1.8956965267375497E-5,NO
367,27,0.0012484545798073098,NO
368,77,0.0012582367066113038,NO
369,863,0.001639820234059217,NO
370,64,0.0012289603004754976,NO
371,45,1.8201285298876643E-5,NO
372,63,0.0012286156671672587,NO
373,54,1.808820019454031E-5,NO
374,64,0.0012286156671672587,NO
375,132,1.8340643092967866E-5,NO
376,182,1.8419643924726207E-5,NO
377,70,1.8007649208991503E-5,NO
378,36,1.7850705458122136E-5,NO
379,58,0.0012155718631977497,NO
380,62,1.7793988387293885E-5,NO
381,132,1.8108329639818277E-5,NO
382,74,1.783584376011226E-5,NO
383,86,1.783584376011226E-5,NO
384,74,1.7823162384037913E-5,NO
385,48,0.0012065085973363106,NO
386,74,1.776667012850178E-5,NO
387,86,1.7714572686686E-5,NO
388,355,0.0012979620542154175,NO
389,53,1.7293562740875107E-5,NO
390,804,2.2040924758201966E-5,NO
391,75,0.0011904999932194193,NO
392,125,0.017362360692342375,NO
393,200,0.02369410612510783,NO
394,134,0.011082009817233148,NO
395,57,0.0011712918001618477,NO
396,123,0.0011919590682908513,NO
397,266,1.7226172632184444E-5,YES
398,162,1.672617271965064E-5,NO
399,130,0.0011750211716671497,YES
400,108,1.6302243895920913E-5,YES
401,354,1.7351982411165927E-5,YES
402,88,1.6092551920420517E-5,YES
403,28,1.5911547395366764E-5,NO
404,58,1.5911547395366764E-5,NO
405,308,1.6839995010291397E-5,YES
406,343,0.001208434113411991,YES
407,103,0.001128024433508334,NO
408,35,1.53724313408729E-5,NO
409,98,0.001128024433508334,NO
410,117,1.5635092826659505E-5,NO
