ID, Size, Predicted, Actual
0,215,0.0,NO
1,273,1.0,YES
2,460,1.0,YES
3,138,1.0,YES
4,358,0.99,YES
5,1248,0.99,YES
6,51,0.0,NO
7,157,0.95,YES
8,31,0.0,NO
9,981,0.457,YES
10,180,0.0,NO
11,262,1.0,YES
12,553,1.0,YES
13,40,0.0,NO
14,369,0.95,YES
15,390,0.97,YES
16,51,0.0,NO
17,577,0.03,YES
18,32,0.0,NO
19,66,0.0,NO
20,188,0.96,YES
21,582,0.03,NO
22,160,0.96,YES
23,50,0.0,NO
24,27,0.0,NO
25,923,0.98,YES
26,60,0.45216666666666666,NO
27,62,0.002,NO
28,87,0.01,NO
29,52,0.01,NO
30,268,0.0,YES
31,163,0.27,NO
32,109,0.1,NO
33,147,0.053999999999999986,NO
34,58,0.0,NO
35,44,0.14133333333333334,NO
36,106,0.83,YES
37,139,0.0,NO
38,326,0.0,YES
39,648,0.03,YES
40,792,1.0,YES
41,319,0.98,YES
42,55,0.0,NO
43,191,0.0,NO
44,90,0.46983333333333327,NO
45,273,0.0,NO
46,137,0.0,NO
47,79,0.13,NO
48,82,0.08,NO
49,147,0.053999999999999986,NO
50,422,0.01,NO
51,979,1.0,YES
52,495,0.97,YES
53,189,0.0,NO
54,167,0.2,YES
55,86,0.99,YES
56,182,0.0,YES
57,361,0.13,NO
58,126,0.0,NO
59,106,0.83,NO
60,109,0.1,NO
61,85,0.0,NO
62,236,0.0,NO
63,315,0.98,YES
64,695,0.99,YES
65,27,0.0,NO
66,89,0.163,NO
67,301,0.98,YES
68,153,0.06416666666666665,YES
69,92,0.5293333333333332,NO
70,466,0.98,YES
71,93,0.5470000000000002,NO
72,244,0.0,NO
73,192,0.0,YES
74,252,1.0,YES
75,109,0.1,NO
76,601,0.03,YES
77,565,0.98,YES
78,69,0.65,NO
79,77,0.04,NO
80,94,0.5770000000000001,YES
81,337,0.0,NO
82,214,0.0,NO
83,79,0.13,NO
84,25,0.0,NO
85,84,0.0,NO
86,34,0.0,NO
87,33,0.0,NO
88,104,0.8,NO
89,172,0.01,NO
90,70,0.26,NO
91,140,0.0,NO
92,156,0.96,YES
93,248,0.0,NO
94,277,0.98,YES
95,189,0.6575,NO
96,194,0.35,NO
97,346,0.42,NO
98,304,0.38,NO
99,356,0.95,YES
100,84,0.97,YES
101,53,0.78,YES
102,132,0.0,NO
103,4088,0.04,NO
104,691,0.97,YES
105,47,0.2,NO
106,101,0.79,YES
107,510,0.95,YES
108,328,0.84,YES
109,273,0.0,NO
110,136,0.0,NO
111,56,0.0,NO
112,74,0.0,NO
113,359,0.83,YES
114,174,0.0,NO
115,148,0.341436507936508,NO
116,92,0.5293333333333332,NO
117,45,0.4296190476190477,NO
118,168,0.06,NO
119,77,0.04,NO
120,666,1.0,YES
121,88,0.015,NO
122,262,1.0,YES
123,54,0.0,NO
124,48,0.0,NO
125,140,0.0,NO
126,152,0.06416666666666665,NO
127,39,0.004,NO
128,131,0.0,NO
129,47,0.0,NO
130,129,0.0,NO
131,43,0.0,NO
132,243,0.0,YES
133,62,0.002,NO
134,45,0.4296190476190477,NO
135,97,0.83,YES
136,476,0.72,NO
137,77,0.33214285714285713,NO
138,69,0.01,NO
139,104,0.0,NO
140,115,0.02,NO
141,421,0.23,NO
142,61,0.03,NO
143,2009,1.0,YES
144,179,0.28,NO
145,106,0.01,NO
146,33,0.05416666666666666,NO
147,657,0.63,NO
148,295,0.27,NO
149,872,0.23,NO
150,444,0.69,NO
151,168,0.09,NO
152,752,0.65,NO
153,135,0.6,NO
154,1126,0.24,NO
155,163,0.1,NO
156,184,0.66,NO
157,51,0.01,NO
158,25,0.0,NO
159,180,0.28,NO
160,64,0.59,NO
161,101,0.018000000000000002,NO
162,512,0.72,NO
163,187,0.67,NO
164,56,0.35711904761904756,NO
165,39,0.01,NO
166,261,0.57,NO
167,73,0.1325,NO
168,65,0.5075,NO
169,329,0.16,NO
170,64,0.59,NO
171,164,0.12,NO
172,624,0.95,YES
173,74,0.0225,NO
174,117,0.02,NO
175,84,0.09,NO
176,226,1.0,YES
177,76,0.23730952380952375,NO
178,323,0.18,NO
179,72,0.0,NO
180,42,0.0,NO
181,48,0.0,NO
182,89,0.163,NO
183,380,0.01,NO
184,141,0.96,YES
185,148,1.0,YES
186,191,0.0,NO
187,46,0.0,NO
188,165,0.14,NO
189,171,0.01,NO
190,56,0.0,NO
191,179,0.0,NO
192,74,0.0,NO
193,36,0.0,NO
194,37,0.0,NO
195,34,0.0,NO
196,34,0.0,NO
197,38,0.2818809523809523,NO
198,39,0.004,NO
199,156,0.065,NO
200,84,0.0,NO
201,117,0.01,NO
202,94,0.5770000000000001,NO
203,71,0.01,NO
204,183,0.0,NO
205,85,0.0,NO
206,183,0.0,NO
207,70,0.26,NO
208,54,0.0,NO
209,160,0.565,NO
210,125,0.0,NO
211,151,0.06416666666666665,NO
212,422,0.6,YES
213,221,0.83,YES
214,50,0.0,NO
215,42,0.0,NO
216,624,0.03,NO
217,377,0.01,NO
218,383,0.01,YES
219,72,0.0,NO
220,92,0.5293333333333332,NO
221,282,0.97,YES
222,371,0.01,NO
223,47,0.0,NO
224,108,0.1,NO
225,111,0.1,NO
226,319,0.0,NO
227,129,0.0,NO
228,49,0.0,NO
229,358,0.0,NO
230,277,0.0,NO
231,49,0.0,NO
232,89,0.163,NO
233,41,0.0,NO
234,66,0.0,NO
235,63,0.22173809523809526,NO
236,24,0.0,NO
237,50,0.0,NO
238,72,0.0,NO
239,47,0.0,NO
240,47,0.0,NO
241,183,0.0,NO
242,49,0.0,NO
243,50,0.0,NO
244,98,0.2029448051948052,NO
245,143,0.008333333333333333,NO
246,43,0.0,NO
247,42,0.0,NO
248,56,0.0,NO
249,44,0.14133333333333334,NO
250,26,0.0,NO
251,254,0.0,NO
252,16883,0.04,NO
253,74,0.0,NO
254,153,0.06416666666666665,NO
255,68,0.65,NO
256,100,0.027532106782106783,NO
257,550,0.98,YES
258,437,0.01,NO
259,1038,0.99,YES
260,104,0.98,YES
261,332,1.0,YES
262,123,0.0,NO
263,106,0.83,NO
264,106,0.83,NO
265,94,0.98,YES
266,101,0.97,YES
267,38,0.2818809523809523,NO
268,628,1.0,YES
269,32,0.0,NO
270,111,0.1,NO
271,35,0.0,NO
272,90,0.46983333333333327,NO
273,27,0.0,NO
274,28,0.0,NO
275,92,0.5293333333333332,NO
276,956,0.97,YES
277,67,0.02,NO
278,29,0.0,NO
279,105,0.84,NO
280,72,0.0,NO
281,37,0.0,NO
282,47,0.0,NO
283,31,0.0,NO
284,90,0.46983333333333327,NO
285,223,0.0,NO
286,214,0.0,NO
287,107,0.82,NO
288,37,0.0,NO
289,27,0.0,NO
290,48,0.0,NO
291,167,0.99,YES
292,213,0.0,NO
293,867,1.0,YES
294,159,0.565,NO
295,100,0.027532106782106783,NO
296,96,0.7093769841269841,NO
297,842,1.0,YES
298,525,0.2,NO
299,83,0.0,NO
300,63,0.22173809523809526,NO
301,76,0.0,NO
302,202,0.0,NO
303,155,0.99,YES
304,1263,0.99,YES
305,74,0.0,NO
306,101,0.008214285714285714,NO
307,27,0.0,NO
308,22,0.0,NO
309,491,0.97,YES
310,62,0.002,NO
311,59,0.43650000000000005,NO
312,99,0.1929448051948052,NO
313,27,0.0,NO
314,77,0.04,NO
315,846,0.03,YES
316,64,0.027499999999999997,NO
317,45,0.4296190476190477,NO
318,63,0.22173809523809526,NO
319,54,0.0,NO
320,64,0.027499999999999997,NO
321,132,0.0,NO
322,177,0.0,NO
323,70,0.26,NO
324,36,0.0,NO
325,58,0.0,NO
326,62,0.002,NO
327,132,0.0,NO
328,74,0.0,NO
329,86,0.97,YES
330,74,0.0,NO
331,48,0.0,NO
332,74,0.0,NO
333,86,0.0,NO
334,355,0.0,NO
335,53,0.0,NO
336,804,1.0,YES
337,75,0.0,NO
338,125,0.0,NO
339,200,0.0,NO
340,134,0.0,NO
341,57,0.0,NO
342,123,0.0,NO
343,266,0.18,NO
344,162,0.6,NO
345,130,0.0,NO
346,108,0.1,NO
347,354,0.1,NO
348,88,0.32,NO
349,28,0.0,NO
350,58,0.08,NO
351,308,1.0,YES
352,343,1.0,YES
353,103,0.09,NO
354,35,0.0,NO
355,98,0.2029448051948052,NO
356,117,0.95,YES
