ID, Size, Predicted, Actual
0,198,1.31354116701727E-11,NO
1,107,1.2767954340419723E-11,NO
2,69,1.2643488113623274E-11,NO
3,70,1.2643488113623274E-11,NO
4,30,1.2518117048257382E-11,NO
5,553,1.4280454492182526E-11,NO
6,685,1.4594817439496828E-11,NO
7,526,1.4172382225307066E-11,NO
8,1473,1.6395661992251825E-11,NO
9,1077,1.5603248462235745E-11,NO
10,1320,1.610833758158282E-11,NO
11,410,1.3838991933307628E-11,NO
12,1296,1.610833758158282E-11,NO
13,1318,1.610833758158282E-11,NO
14,260,1.3255746301086826E-11,NO
15,113,1.2767954340419723E-11,NO
16,90,1.2767954340419723E-11,NO
17,313,1.3492882344814495E-11,NO
18,209,1.31354116701727E-11,NO
19,3340,1.533503721383798E-11,NO
20,68,1.2643488113623274E-11,NO
21,300,1.3374920172841116E-11,NO
22,202,1.31354116701727E-11,NO
23,389,1.3724968683417036E-11,NO
24,70,1.2643488113623274E-11,NO
25,296,1.3374920172841116E-11,NO
26,92,1.2767954340419723E-11,NO
27,192,1.3013967349045332E-11,NO
28,66,1.2643488113623274E-11,NO
29,463,1.3951601722254034E-11,NO
30,169,1.3013967349045332E-11,NO
31,384,1.3724968683417036E-11,NO
32,195,1.31354116701727E-11,NO
33,1118,1.5759247714581395E-11,NO
34,78,1.2643488113623274E-11,NO
35,100,1.2767954340419723E-11,NO
36,104,1.2767954340419723E-11,NO
37,43,1.2518117048257382E-11,NO
38,311,1.3492882344814495E-11,NO
39,834,1.5083083109810246E-11,NO
40,57,1.2643488113623274E-11,NO
41,259,1.3255746301086826E-11,NO
42,399,1.3724968683417036E-11,NO
43,233,1.3255746301086826E-11,NO
44,74,1.2643488113623274E-11,NO
45,55,1.2643488113623274E-11,NO
46,229,1.31354116701727E-11,NO
47,373,1.3724968683417036E-11,NO
48,21,1.2518117048257382E-11,NO
49,926,1.5264843113144037E-11,NO
50,21,1.2518117048257382E-11,NO
51,621,1.4491720015928061E-11,NO
52,37,1.2518117048257382E-11,NO
53,35,1.2518117048257382E-11,NO
54,32,1.2518117048257382E-11,NO
55,83,1.2643488113623274E-11,NO
56,458,1.3951601722254034E-11,NO
57,54,1.2643488113623274E-11,NO
58,92,1.2767954340419723E-11,NO
59,32,1.2518117048257382E-11,NO
60,536,1.4172382225307066E-11,NO
61,24,1.2518117048257382E-11,NO
62,37,1.2518117048257382E-11,NO
63,34,1.2518117048257382E-11,NO
64,34,1.2518117048257382E-11,NO
65,25,1.2518117048257382E-11,NO
66,21,1.2518117048257382E-11,NO
67,76,1.2643488113623274E-11,NO
68,31,1.5367015002314265E-10,NO
69,32,1.2518117048257382E-11,NO
70,186,1.3013967349045332E-11,NO
71,91,1.2767954340419723E-11,NO
72,356,1.3609582040490478E-11,NO
73,28,1.2518117048257382E-11,NO
74,40,1.2518117048257382E-11,NO
75,21,1.2518117048257382E-11,NO
76,54,1.2643488113623274E-11,NO
77,103,1.2767954340419723E-11,NO
78,76,1.2643488113623274E-11,NO
79,29,1.2518117048257382E-11,NO
80,47,1.2518117048257382E-11,NO
81,132,1.2891464499411644E-11,NO
82,21,1.2518117048257382E-11,NO
83,41,1.2518117048257382E-11,NO
84,43,1.2518117048257382E-11,NO
85,34,1.2518117048257382E-11,NO
86,21,1.2518117048257382E-11,NO
87,98,1.2767954340419723E-11,NO
88,61,1.2643488113623274E-11,NO
89,124,1.2891464499411644E-11,NO
90,89,1.2767954340419723E-11,NO
91,374,1.3724968683417036E-11,NO
92,133,1.2891464499411644E-11,NO
93,750,1.4795705916388344E-11,NO
94,164,1.3013967349045332E-11,NO
95,103,1.2767954340419723E-11,NO
96,361,1.3609582040490478E-11,NO
97,21,1.2518117048257382E-11,NO
98,128,1.2891464499411644E-11,NO
99,175,1.3013967349045332E-11,NO
100,37,1.2518117048257382E-11,NO
101,60,1.2643488113623274E-11,NO
102,21,1.2518117048257382E-11,NO
103,41,1.2518117048257382E-11,NO
104,183,1.3013967349045332E-11,NO
105,57,1.2643488113623274E-11,NO
106,60,1.2643488113623274E-11,NO
107,34,1.2518117048257382E-11,NO
108,21,1.2518117048257382E-11,NO
109,76,1.2643488113623274E-11,NO
110,73,1.2643488113623274E-11,NO
111,58,1.2643488113623274E-11,NO
112,54,1.2643488113623274E-11,NO
113,24,1.2518117048257382E-11,NO
114,21,1.2518117048257382E-11,NO
115,519,1.4172382225307066E-11,NO
116,43,1.2518117048257382E-11,NO
117,33,1.2518117048257382E-11,NO
118,36,1.2518117048257382E-11,NO
119,38,1.2518117048257382E-11,NO
120,28,1.2518117048257382E-11,NO
121,34,1.2518117048257382E-11,NO
122,36,1.2518117048257382E-11,NO
123,34,1.2518117048257382E-11,NO
124,95,1.2767954340419723E-11,NO
125,126,1.2891464499411644E-11,NO
126,38,1.2518117048257382E-11,NO
127,1336,1.6170867916802333E-11,NO
128,133,1.2891464499411644E-11,NO
129,21,1.2518117048257382E-11,NO
130,228,1.31354116701727E-11,NO
131,72,1.2643488113623274E-11,NO
132,42,1.2518117048257382E-11,NO
133,162,1.3013967349045332E-11,NO
134,87,1.2643488113623274E-11,NO
135,33,1.2518117048257382E-11,NO
136,34,1.2518117048257382E-11,NO
137,46,1.2518117048257382E-11,NO
138,21,1.2518117048257382E-11,NO
139,400,1.3724968683417036E-11,NO
140,39,1.2518117048257382E-11,NO
141,225,1.31354116701727E-11,NO
142,51,1.2518117048257382E-11,NO
143,66,1.2643488113623274E-11,NO
144,184,1.3013967349045332E-11,NO
145,51,1.2518117048257382E-11,NO
146,120,1.2767954340419723E-11,NO
147,69,1.2643488113623274E-11,NO
148,21,1.2518117048257382E-11,NO
149,180,1.3013967349045332E-11,NO
150,211,1.31354116701727E-11,NO
151,61,1.2643488113623274E-11,NO
152,21,1.2518117048257382E-11,NO
153,113,1.2767954340419723E-11,NO
154,66,1.2643488113623274E-11,NO
155,72,1.2643488113623274E-11,NO
156,74,1.2643488113623274E-11,NO
157,33,1.2518117048257382E-11,NO
158,21,1.2518117048257382E-11,NO
159,24,1.2518117048257382E-11,NO
160,63,1.2643488113623274E-11,NO
161,58,1.2643488113623274E-11,NO
162,45,1.2518117048257382E-11,NO
163,84,1.2643488113623274E-11,NO
164,1526,1.6445389443361583E-11,NO
165,21,1.2518117048257382E-11,NO
166,46,1.2518117048257382E-11,NO
167,46,1.2518117048257382E-11,NO
168,51,1.2518117048257382E-11,NO
169,38,1.2518117048257382E-11,NO
170,40,1.2518117048257382E-11,NO
171,109,1.2767954340419723E-11,NO
172,172,1.3013967349045332E-11,NO
173,51,1.2518117048257382E-11,NO
174,60,1.2643488113623274E-11,NO
175,42,1.2518117048257382E-11,NO
176,59,1.2643488113623274E-11,NO
177,120,1.2767954340419723E-11,NO
178,151,1.2891464499411644E-11,NO
179,2679,1.6528122865763484E-11,NO
180,243,1.3255746301086826E-11,NO
181,21,1.2518117048257382E-11,NO
182,102,1.2767954340419723E-11,NO
183,56,1.2643488113623274E-11,NO
184,65,1.2643488113623274E-11,NO
185,227,1.31354116701727E-11,NO
186,134,1.2891464499411644E-11,NO
187,502,1.4062748291009116E-11,NO
188,179,1.3013967349045332E-11,NO
189,131,1.2891464499411644E-11,NO
190,241,1.3255746301086826E-11,NO
191,480,1.4062748291009116E-11,NO
192,47,1.2518117048257382E-11,NO
193,83,1.2643488113623274E-11,NO
194,115,1.2767954340419723E-11,NO
195,56,1.2643488113623274E-11,NO
196,31,1.2518117048257382E-11,NO
197,100,1.2767954340419723E-11,NO
198,31,1.2518117048257382E-11,NO
199,39,1.2518117048257382E-11,NO
200,97,1.2767954340419723E-11,NO
201,569,1.4280454492182526E-11,NO
202,21,1.2518117048257382E-11,NO
203,45,1.2518117048257382E-11,NO
204,63,1.2643488113623274E-11,NO
205,103,1.2767954340419723E-11,NO
206,66,1.2643488113623274E-11,NO
207,194,1.3013967349045332E-11,NO
208,40,1.2518117048257382E-11,NO
209,212,1.31354116701727E-11,NO
210,559,1.4280454492182526E-11,NO
211,145,1.2891464499411644E-11,NO
212,207,1.31354116701727E-11,NO
213,336,1.3492882344814495E-11,NO
214,350,1.3609582040490478E-11,NO
215,588,1.438691647625386E-11,NO
216,2109,1.687175206101856E-11,NO
217,1278,1.604333436749639E-11,NO
218,426,1.3838991933307628E-11,NO
219,481,1.4062748291009116E-11,NO
220,794,1.4893404398244723E-11,NO
221,88,1.2643488113623274E-11,NO
222,307,1.3492882344814495E-11,NO
223,62,1.2643488113623274E-11,NO
224,212,1.31354116701727E-11,NO
225,105,1.2767954340419723E-11,NO
226,345,1.3609582040490478E-11,NO
227,81,1.2643488113623274E-11,NO
228,257,1.3255746301086826E-11,NO
229,408,1.3838991933307628E-11,NO
230,169,1.3013967349045332E-11,NO
231,106,1.2767954340419723E-11,NO
232,162,1.3013967349045332E-11,NO
233,245,1.3255746301086826E-11,NO
234,322,1.3492882344814495E-11,NO
235,169,1.3013967349045332E-11,NO
236,166,1.3013967349045332E-11,NO
237,370,1.3609582040490478E-11,NO
238,202,1.31354116701727E-11,NO
239,419,1.3838991933307628E-11,NO
240,254,1.3255746301086826E-11,NO
241,349,1.3609582040490478E-11,NO
242,205,1.31354116701727E-11,NO
243,437,1.3838991933307628E-11,NO
244,95,1.2767954340419723E-11,NO
245,53,1.2518117048257382E-11,NO
246,154,1.2891464499411644E-11,NO
247,177,1.3013967349045332E-11,NO
248,149,1.2891464499411644E-11,NO
249,177,1.3013967349045332E-11,NO
250,375,1.3724968683417036E-11,NO
251,310,1.3492882344814495E-11,NO
252,67,1.2643488113623274E-11,NO
253,46,1.2518117048257382E-11,NO
254,157,1.4064336701101186E-7,NO
255,101,1.2767954340419723E-11,NO
256,261,1.3255746301086826E-11,NO
257,65,1.2643488113623274E-11,NO
258,160,1.3013967349045332E-11,NO
259,115,1.2767954340419723E-11,NO
260,74,1.2643488113623274E-11,NO
261,733,1.4795705916388344E-11,NO
262,186,1.3013967349045332E-11,NO
263,447,1.3951601722254034E-11,NO
264,59,1.2643488113623274E-11,NO
265,319,1.3492882344814495E-11,NO
266,204,1.31354116701727E-11,NO
267,60,1.2643488113623274E-11,NO
268,835,1.5083083109810246E-11,NO
269,1175,1.5833812240436678E-11,NO
270,220,1.31354116701727E-11,NO
271,63,1.2643488113623274E-11,NO
272,194,1.3013967349045332E-11,NO
273,283,1.3374920172841116E-11,NO
274,199,1.31354116701727E-11,NO
275,124,1.2891464499411644E-11,NO
276,96,1.2767954340419723E-11,NO
277,82,1.2643488113623274E-11,NO
278,99,1.2767954340419723E-11,NO
279,128,1.2891464499411644E-11,NO
280,227,1.31354116701727E-11,NO
281,53,1.2518117048257382E-11,NO
282,273,1.3374920172841116E-11,NO
283,71,1.2643488113623274E-11,NO
284,91,1.2767954340419723E-11,NO
285,205,1.31354116701727E-11,NO
286,42,1.2518117048257382E-11,NO
287,126,1.2891464499411644E-11,NO
288,97,1.2767954340419723E-11,NO
289,86,1.2643488113623274E-11,NO
290,78,1.2643488113623274E-11,NO
