ID, Size, Predicted, Actual
0,215,0.9999981824512181,NO
1,274,0.9999794519707588,YES
2,461,0.999957493209526,NO
3,138,0.9999527626159025,NO
4,358,0.9999527396399253,NO
5,93,0.9999026768090079,NO
6,1379,0.9999876684872734,YES
7,51,0.9996371982252135,NO
8,45,0.999474231456988,NO
9,157,0.9994843090949935,NO
10,31,0.9994200441478232,NO
11,1743,0.999999999851729,YES
12,55,0.9989955254697176,NO
13,204,0.9991961840465645,NO
14,55,0.9981886687517476,NO
15,103,0.9982092692611317,NO
16,34,0.9981653132590136,NO
17,83,0.9981778716431517,NO
18,488,0.9992609564418204,NO
19,83,0.997781483430347,NO
20,129,0.9977635055974767,NO
21,885,0.9991140829837891,NO
22,440,0.9983366832384643,NO
23,40,0.9961440453830244,NO
24,391,0.9963448246364726,NO
25,378,0.9996434156115396,NO
26,51,0.9955262934127818,NO
27,709,0.9985328603650033,YES
28,32,0.9947541339439953,NO
29,68,0.9947596492536581,YES
30,564,0.9950801444917472,YES
31,588,0.9947682405206745,NO
32,381,0.9979870948527705,YES
33,977,0.998317534812792,NO
34,275,0.9965555582773058,NO
35,31,0.9909903137781596,NO
36,50,0.9900149050025169,NO
37,27,0.9959015875042779,NO
38,183,0.9887989869717866,NO
39,50,0.9880665362423751,NO
40,62,0.9878491318465743,NO
41,87,0.9877476338965848,NO
42,52,0.9873419367164341,NO
43,419,0.9883217532313139,YES
44,224,0.9865582971689486,NO
45,118,0.9859917635935336,YES
46,83,0.985006706802005,NO
47,147,0.9852268732053425,NO
48,120,0.9850384442853457,NO
49,58,0.9846508794816166,NO
50,44,0.9843854898364106,NO
51,106,0.9846691738995335,YES
52,238,0.9844196088085974,NO
53,43,0.9835135784262051,NO
54,195,0.9958863654740283,YES
55,189,0.993913828021805,NO
56,151,0.9554809796023752,NO
57,395,0.9999461176921763,YES
58,1013,0.9999999777385475,YES
59,913,0.9946033201952758,YES
60,43,0.9204864307495177,NO
61,335,0.9922207625620738,YES
62,27,0.9061268694375075,NO
63,55,0.9056980123815903,NO
64,93,0.9058503494542339,NO
65,191,0.9041457629357679,NO
66,90,0.9739770291873926,NO
67,89,0.8975274819059349,NO
68,273,0.8933515848414071,NO
69,191,0.9998092161130965,NO
70,97,0.9880268258123044,NO
71,82,0.878681965365845,NO
72,148,0.8784753777626947,NO
73,437,0.9882208485439835,NO
74,1376,0.9998856613426566,YES
75,214,0.9805939277751778,YES
76,528,0.8193672329174585,NO
77,209,0.9774764210598587,NO
78,190,0.7865017525693935,NO
79,86,0.7755370676459078,NO
80,269,0.9996447160769877,YES
81,408,0.9450155843364069,YES
82,572,0.7548931999749299,NO
83,132,0.6796547692317628,NO
84,173,0.9592331272521105,NO
85,107,0.6492380327124156,NO
86,85,0.912197585407794,NO
87,107,0.6217702746935062,NO
88,250,0.9112693217328621,NO
89,237,0.9337402952587337,NO
90,692,0.9992349617297447,YES
91,47,0.49396969612951447,NO
92,1487,0.9706340877890909,YES
93,27,0.3782734954919473,NO
94,89,0.37963869911837234,NO
95,509,0.8789835943246854,YES
96,227,0.8639430452954375,NO
97,129,0.8566105896468075,YES
98,101,0.9999985329249086,YES
99,385,0.856985418175611,NO
100,102,0.9999984231282808,YES
101,41,0.8390850610877529,NO
102,244,0.9371718509693177,NO
103,215,0.8381991467571988,NO
104,260,0.8368535537852674,NO
105,119,0.2926375675960569,NO
106,701,0.8212551882256752,NO
107,120,0.7832423116671633,YES
108,630,0.26196925809721294,YES
109,69,0.7251140656154665,NO
110,77,0.22074786246376035,NO
111,97,0.22092467548121317,NO
112,380,0.23047590816720886,NO
113,214,0.221183804197714,NO
114,38,0.21200221600963212,NO
115,79,0.21301318893689083,NO
116,25,0.21123200114031196,NO
117,84,0.2126330224330255,NO
118,34,0.21005190958401407,NO
119,33,0.2096463558669451,NO
120,104,0.2131729508552145,NO
121,193,0.21424174109572075,NO
122,70,0.20906893318015127,NO
123,140,0.2117781869332117,NO
124,22,0.2061854370618892,NO
125,156,0.21017862241303323,NO
126,142,0.20942991938741695,NO
127,100,0.20491972821942359,YES
128,153,0.204672821179566,NO
129,31,0.19959479427825566,NO
130,340,0.2100813067414861,NO
131,61,0.198300241556794,NO
132,61,0.1971301853424083,NO
133,877,0.22172618807483746,NO
134,62,0.17409169324170176,NO
135,186,0.17722838898877172,NO
136,264,0.1780905904345912,NO
137,42,0.16691625064861781,NO
138,248,0.1701609344759389,NO
139,343,0.9999249562746525,YES
140,199,0.14470706416834725,YES
141,330,0.1425634693922318,YES
142,346,0.6243165700242539,YES
143,89,0.12184155764874247,NO
144,193,0.5971509427953546,YES
145,406,0.7693563450589045,YES
146,82,0.10066445393917349,NO
147,53,0.09949503030315478,NO
148,148,0.10194968417089846,NO
149,4774,0.01293820352475364,YES
150,4088,0.4205373918380022,NO
151,93,0.004698041052334891,NO
152,78,0.1440565033967038,NO
153,78,0.0462296925066787,NO
154,995,0.05139924103585354,YES
155,37,0.0029728620855024165,NO
156,59,0.0029975455956418313,NO
157,140,0.0330179617760037,NO
158,165,0.11628857714420879,NO
159,47,0.04343703244108963,NO
160,101,0.0027848957776748897,NO
161,109,0.03009610092271647,NO
162,154,0.17361565237353835,NO
163,559,0.030177032044709843,YES
164,386,0.002020386633136231,NO
165,306,0.019989482277937447,YES
166,135,0.0017145534947921681,NO
167,56,0.0016726993858026016,NO
168,78,0.0016566185378434487,NO
169,35,0.001635483558283556,NO
170,467,0.03263188303905903,YES
171,174,0.001175406787778649,NO
172,148,0.0011591494532800478,NO
173,88,9.975721255929373E-4,NO
174,52,7.36604840869896E-4,NO
175,39,7.204635337754149E-4,NO
176,208,7.541842290020763E-4,YES
177,77,7.065538700484086E-4,NO
178,666,7.947063219913254E-4,NO
179,146,6.894019841603051E-4,NO
180,272,0.007554417856476963,YES
181,54,0.04488298549494848,NO
182,100,0.006912569656126257,NO
183,119,6.206331391364868E-4,NO
184,363,0.007218615123115591,NO
185,152,0.014327047466681009,NO
186,39,0.043043540911615795,NO
187,677,6.524454712753575E-4,NO
188,131,5.648697518545594E-4,NO
189,47,5.454043132820062E-4,NO
190,100,5.511338249856696E-4,NO
191,43,5.338347219004634E-4,NO
192,73,5.383205298515055E-4,NO
193,234,0.006149102114756404,NO
194,62,0.011332312726026712,NO
195,45,4.230991370960081E-4,NO
196,41,4.230991370960081E-4,NO
197,47,0.00469552355740325,NO
198,55,4.2010626536498596E-4,NO
199,1279,0.005839871745985505,NO
200,183,0.004556756313125849,NO
201,163,0.00447384196338924,NO
202,147,0.010653331650093889,NO
203,77,0.010398788678882198,NO
204,99,3.836721178661492E-4,NO
205,53,3.327401517358579E-4,NO
206,95,3.3985141204546747E-4,NO
207,77,0.009497562605033056,NO
208,69,3.3328865747994586E-4,NO
209,69,3.329008600489453E-4,NO
210,77,3.322001295567015E-4,NO
211,80,3.295066314982435E-4,NO
212,72,3.295066314982435E-4,NO
213,63,3.295066314982435E-4,NO
214,50,3.227229971042705E-4,NO
215,28,3.227229971042705E-4,NO
216,108,3.2737186704896455E-4,NO
217,40,3.201423357802546E-4,NO
218,76,3.228909074386129E-4,NO
219,64,3.228909074386129E-4,NO
220,63,3.228909074386129E-4,NO
221,55,3.1659155193223426E-4,NO
222,45,3.162267757561502E-4,NO
223,476,2.945492483555773E-4,NO
224,77,2.644688957889914E-4,NO
225,69,2.6302304013584135E-4,NO
226,104,2.655073793470994E-4,NO
227,115,2.646374363677468E-4,NO
228,421,2.8210223469996324E-4,NO
229,61,2.578950928263314E-4,NO
230,2009,0.010546763616111817,NO
231,179,2.5077875210629353E-4,NO
232,106,2.4409731256393847E-4,NO
233,33,2.3898919101499318E-4,NO
234,657,2.7479315337454886E-4,NO
235,295,2.4977712307496034E-4,NO
236,872,2.7858482658283946E-4,NO
237,444,2.498785776698986E-4,NO
238,168,2.3299964693593232E-4,NO
239,752,2.608113166782036E-4,NO
240,135,2.2454242437811787E-4,NO
241,1126,2.712524034485395E-4,NO
242,163,2.1699315175538586E-4,NO
243,184,2.1780954932276473E-4,NO
244,51,2.0892379277926798E-4,NO
245,25,2.0892379277926798E-4,NO
246,180,2.1666958398631553E-4,NO
247,64,2.095906091971973E-4,NO
248,101,2.1136232052719012E-4,NO
249,512,2.3098834011807826E-4,NO
250,187,2.116607076753406E-4,NO
251,56,2.0499349144038396E-4,NO
252,39,2.0173476690667073E-4,NO
253,261,2.140788813404422E-4,NO
254,73,2.0238829450895093E-4,NO
255,65,2.0196904648796818E-4,NO
256,329,2.1502751026197963E-4,NO
257,64,2.0047829880895553E-4,NO
258,164,2.0297134334413804E-4,NO
259,624,0.007489990118354481,NO
260,74,1.954699375946958E-4,NO
261,117,1.9712328159787355E-4,NO
262,84,1.9463378268080186E-4,NO
263,226,0.006710322391794162,NO
264,76,1.9280690793197587E-4,NO
265,323,2.0528567174620116E-4,NO
266,72,1.9039842145086397E-4,NO
267,42,1.8838035502320965E-4,NO
268,48,0.022522391096675493,NO
269,89,0.006346883643970912,NO
270,380,0.0243716628942733,NO
271,144,0.00212932731602031,NO
272,148,0.0021156382693658018,NO
273,191,1.9049737713129172E-4,NO
274,46,0.0061569645274310286,NO
275,165,1.8717700754448293E-4,NO
276,171,0.0021019931139392,NO
277,56,1.8195837122177779E-4,NO
278,179,0.022748733191379232,NO
279,74,0.006134175354000137,NO
280,36,1.7872496651884128E-4,NO
281,37,1.7835619722397314E-4,NO
282,34,1.7779975619130906E-4,NO
283,34,1.7779975619130906E-4,NO
284,38,0.006063406267361424,NO
285,39,0.006057625915544167,NO
286,156,0.0020398448998569492,NO
287,78,0.001987565459633398,NO
288,117,0.001997807167536837,NO
289,94,0.0019958871378000062,NO
290,69,0.001962503325388293,NO
291,180,0.0019440722582910544,NO
292,80,0.0018848374913126374,NO
293,183,0.0019301559166708053,NO
294,70,0.0058108065403623095,NO
295,54,1.6446162442052358E-4,NO
296,160,1.6921260077977501E-4,NO
297,128,1.623984891281136E-4,NO
298,151,0.001795648439741105,NO
299,422,0.001823680780643411,NO
300,221,1.5477964874227934E-4,NO
301,50,1.453558440819513E-4,NO
302,42,0.005225076540860395,NO
303,622,0.0018477706192508647,NO
304,365,0.0017156205955396497,NO
305,382,1.5211822074102005E-4,NO
306,72,1.4019519267323064E-4,NO
307,92,0.0015610626035057948,NO
308,280,0.0016483263183515956,NO
309,371,1.489293594990903E-4,NO
310,47,1.360998917536987E-4,NO
311,108,0.0015426926761216652,NO
312,111,0.0015413381422795492,NO
313,314,0.001621161277226664,NO
314,129,0.0014658808032137606,NO
315,49,1.282354103663671E-4,NO
316,358,0.001556368668073859,NO
317,273,0.0014505356737545302,NO
318,47,0.001361328731142041,NO
319,89,1.2296474184398613E-4,NO
320,41,1.2139547819167285E-4,NO
321,66,0.004665162433151472,NO
322,63,1.2233579494394165E-4,NO
323,24,1.2103904895588121E-4,NO
324,50,1.2103904895588121E-4,NO
325,72,0.004653211025186964,NO
326,47,1.2032094168884549E-4,NO
327,47,0.004593273097081118,NO
328,183,0.035612457753784896,NO
329,49,1.1900357819746531E-4,NO
330,50,1.1900357819746531E-4,NO
331,98,0.0013577064081493836,NO
332,143,1.2197456962662694E-4,NO
333,43,1.1819412503496924E-4,NO
334,42,1.1819412503496924E-4,NO
335,56,1.1921713448285405E-4,NO
336,44,1.1795344205338431E-4,NO
337,26,1.1770775460861961E-4,NO
338,254,0.07055573293539164,NO
339,16883,0.05452219389650218,NO
340,74,1.930576039226892E-5,NO
341,153,0.0010466825602542546,NO
342,68,0.0045368657098236,NO
343,100,1.9398073521284692E-5,NO
344,547,2.3778106577751864E-4,NO
345,437,2.0505120145130774E-5,NO
346,1038,0.001227325809776699,NO
347,104,1.8235841871050076E-5,NO
348,332,1.916221977011812E-5,NO
349,123,2.0135189342126858E-4,NO
350,106,2.0043947676167025E-4,NO
351,107,0.13133798099340901,NO
352,94,1.779219278170008E-5,NO
353,101,1.976763882327992E-4,NO
354,38,1.7305340218800727E-5,NO
355,666,1.9951037704201448E-5,NO
356,32,1.9006970874421445E-4,NO
357,111,1.729046486832829E-5,NO
358,35,9.402319250549721E-4,NO
359,90,1.707557891340933E-5,NO
360,27,1.6894560800288563E-5,NO
361,28,1.6894560800288563E-5,NO
362,92,0.015076047069130604,NO
363,978,2.279363681237076E-4,NO
364,67,1.642593659679519E-5,NO
365,29,9.115611434693942E-4,NO
366,105,1.6556706087108675E-5,NO
367,72,1.634196437645455E-5,NO
368,37,9.082258467524377E-4,NO
369,47,1.6162903945554896E-5,NO
370,31,1.6162903945554896E-5,NO
371,90,9.174391106992876E-4,NO
372,221,1.8694010363559202E-4,NO
373,213,1.860629652528953E-4,NO
374,105,1.799668877351944E-4,NO
375,37,1.5750737411893653E-5,NO
376,27,1.5750737411893653E-5,NO
377,48,1.5750737411893653E-5,NO
378,167,1.826981801598142E-4,NO
379,213,1.8375971660154132E-4,NO
380,867,1.862758738320312E-5,NO
381,158,1.7534794244024012E-4,NO
382,93,1.7354550458555592E-4,NO
383,96,8.879664522659573E-4,NO
384,840,2.023559448492524E-4,NO
385,535,1.8703787467553426E-4,NO
386,83,1.4772901864234304E-5,NO
387,63,1.4744504153713539E-5,NO
388,76,8.591187801147951E-4,NO
389,202,1.5128190777469997E-5,NO
390,155,1.6644650287859196E-4,NO
391,1263,2.014345473888277E-4,NO
392,74,8.260190402323222E-4,NO
393,101,1.5665572911692548E-4,NO
394,27,1.3715895205903179E-5,NO
395,22,1.370935379378159E-5,NO
396,491,1.7071862715522756E-4,NO
397,62,1.3692612075662488E-5,NO
398,59,1.3692612075662488E-5,NO
399,99,1.3799433481900267E-5,NO
400,27,8.090826077240981E-4,NO
401,77,8.177446464630898E-4,NO
402,865,0.1300438925799279,NO
403,64,8.012790302068845E-4,NO
404,45,1.3088312733412462E-5,NO
405,63,7.989485038936133E-4,NO
406,54,1.3057386065678933E-5,NO
407,64,7.98587513660971E-4,NO
408,132,1.3411984771117207E-5,NO
409,182,1.5053599267781002E-4,NO
410,70,1.4594125636242116E-4,NO
411,36,1.2912490067726435E-5,NO
412,58,1.4589494096418866E-4,NO
413,62,1.3037501188089534E-5,NO
414,132,1.4769290385592654E-4,NO
415,74,1.4460331240861532E-4,NO
416,86,1.4453972149672037E-4,NO
417,74,1.2869258791024541E-5,NO
418,48,7.766904334549104E-4,NO
419,74,1.2844689650254751E-5,NO
420,86,1.2840705930306736E-5,NO
421,355,8.421772309045701E-4,NO
422,53,1.2531789605839446E-5,NO
423,798,1.6540530165294495E-4,NO
424,75,7.681789353454138E-4,NO
425,128,1.3933521345230852E-4,NO
426,198,1.4150368114086622E-4,NO
427,138,1.3927029700625725E-4,NO
428,57,7.598671401344537E-4,NO
429,123,7.635498224965773E-4,NO
430,314,1.2843053867462832E-5,NO
431,162,1.219904217206406E-5,NO
432,137,1.2142000002219665E-5,NO
433,124,1.1993423980877501E-5,NO
434,359,1.4240433198106647E-4,NO
435,151,1.1999149169703833E-5,NO
436,107,1.1853222383818044E-5,NO
437,28,1.1582202897638615E-5,NO
438,58,1.1681641019166335E-5,NO
439,470,1.2898190900226795E-5,NO
440,345,1.364300166231634E-4,NO
441,103,7.329131850951972E-4,NO
442,35,1.1184058309025451E-5,NO
443,98,7.329131850951972E-4,NO
444,117,1.2763772578565445E-4,NO
