ID, Size, Predicted, Actual
0,212,0.6728074996455683,NO
1,274,0.6774180924136315,NO
2,461,0.9995750445047762,YES
3,138,0.6685287574519027,NO
4,358,0.6794386836318448,NO
5,93,0.6565858999281682,NO
6,1371,0.7363143174349774,YES
7,51,0.6434988358844516,NO
8,45,0.6224547582425207,NO
9,157,0.6290911691573816,NO
10,31,0.6407997674371974,NO
11,1708,0.9996877947652317,YES
12,55,0.6333511882752692,NO
13,204,0.6530103604778534,NO
14,55,0.6018630767013539,NO
15,103,0.6061509878998231,NO
16,34,0.6011737775304838,NO
17,83,0.6036618099536702,NO
18,488,0.6741338713341498,NO
19,83,0.5981534420189076,NO
20,129,0.5999665305865243,NO
21,885,1.0,YES
22,440,0.6488095714611005,NO
23,40,0.5838980184836317,NO
24,391,0.9993901254557012,YES
25,393,0.6450520590401434,NO
26,51,0.5804351504060363,NO
27,709,0.9995530854491683,YES
28,32,0.5776636016876113,NO
29,68,0.5801958820263764,YES
30,564,0.6093730662567972,YES
31,588,0.6099039652025247,NO
32,381,0.6556607764261656,YES
33,977,0.999594400462892,YES
34,275,0.6310203403019536,NO
35,31,0.5665701533883394,NO
36,50,0.5637959101608588,NO
37,27,0.6142403518283482,NO
38,183,0.5698881327590711,NO
39,50,0.5596346389206357,NO
40,62,0.561500465891489,NO
41,87,0.5608078522080004,NO
42,52,0.5582476659170235,NO
43,419,0.5826195624851512,NO
44,224,0.5683262749441232,NO
45,118,0.5599130560178994,YES
46,83,0.5559601170188979,NO
47,147,0.5611030312414512,NO
48,120,0.5578381891121429,NO
49,58,0.5527009749777252,NO
50,44,0.5527009749777252,NO
51,106,0.5571466173852921,NO
52,238,0.5641928646828883,NO
53,43,0.5513147172154707,NO
54,195,1.0,YES
55,189,0.6172736123550714,NO
56,151,0.5259558857087657,NO
57,364,0.5376868307944016,NO
58,910,0.6448438090554472,NO
59,911,0.6422232988319277,NO
60,43,0.5058208919619773,NO
61,325,0.6022703439011968,NO
62,27,0.5017239480094292,NO
63,55,0.5017239480094292,NO
64,93,0.5029572290532448,NO
65,191,0.5101062595069314,NO
66,90,0.5850371914820028,NO
67,89,0.5009136332456285,NO
68,273,0.5112775372487383,NO
69,153,0.5027270766894996,NO
70,92,0.9993290740097412,YES
71,82,0.49615416372053084,NO
72,148,0.5006895919073938,NO
73,433,0.999131591664611,YES
74,1231,1.0,YES
75,528,0.9991171124436817,YES
76,205,0.9993310436892161,YES
77,190,0.4897836522106352,NO
78,86,0.4812855769086178,NO
79,213,0.48843742198841406,NO
80,408,0.5930231107545874,NO
81,572,0.5102763360040476,NO
82,132,0.47116342167316405,NO
83,168,0.47376611077791586,NO
84,107,0.9989394568120679,YES
85,85,0.5656562866938449,NO
86,107,0.46451795711307564,NO
87,250,0.5745252402460171,NO
88,237,0.46110333036707013,NO
89,622,0.9993577910784307,YES
90,47,0.4409845085739861,NO
91,1487,1.0,YES
92,27,0.4236133649150264,NO
93,89,0.42615174588462196,NO
94,481,0.9988582659753654,YES
95,227,0.9987739137731019,YES
96,166,0.5894027685162191,NO
97,92,0.42169938017979003,YES
98,476,0.44630193108972077,NO
99,93,0.41916628796068756,YES
100,244,0.6272130433530797,NO
101,204,0.424908458114975,NO
102,252,0.42684092466693546,NO
103,119,0.41791353340280946,NO
104,733,0.4553420110244036,NO
105,630,0.44220544809395745,NO
106,69,0.5338352181051412,NO
107,77,0.4035247349512565,NO
108,97,0.40290609900921204,NO
109,380,0.42266159740490783,NO
110,214,0.409222077502113,NO
111,38,0.3991764960191923,NO
112,79,0.401670490392383,NO
113,25,0.3991764960191923,NO
114,84,0.401670490392383,NO
115,34,0.3985608052344295,NO
116,33,0.3985608052344295,NO
117,104,0.40355791712259365,NO
118,193,0.40798131923463865,NO
119,70,0.4004371090270462,NO
120,140,0.40545501019012875,NO
121,22,0.39794567940466874,NO
122,156,0.40483665186259815,NO
123,142,0.40483665186259815,NO
124,100,0.40170656349728134,YES
125,153,0.40360157900629384,NO
126,31,0.3961037055221595,NO
127,340,0.4157067504579569,NO
128,61,0.39797707337037497,NO
129,61,0.39797707337037497,NO
130,877,0.4481602367818447,NO
131,62,0.3924751919201682,NO
132,186,0.3999694667201461,NO
133,264,0.4044098655207854,NO
134,42,0.3887875137840044,NO
135,248,0.4000397706636323,NO
136,358,0.40704521900586843,NO
137,199,0.39387046452830454,NO
138,330,0.4002117402601907,NO
139,346,0.5397387302105281,NO
140,89,0.3822110800338696,NO
141,193,0.5278796164821564,NO
142,406,0.5889240424746507,NO
143,82,0.37684677157552554,NO
144,53,0.3744104595604275,NO
145,148,0.38116127799380495,NO
146,4774,0.7083268705685655,NO
147,4088,0.8441855881677119,NO
148,93,0.34293464126869755,NO
149,78,0.5531906752103058,NO
150,74,0.5531906752103058,NO
151,978,0.6123514608608852,NO
152,37,0.33127758960198095,NO
153,59,0.33127758960198095,NO
154,135,0.5523066159978871,NO
155,165,0.5548872250629151,NO
156,47,0.4874586530694498,NO
157,101,0.33317905506497847,NO
158,103,0.5516153643024657,NO
159,154,0.9993335194239908,YES
160,556,0.6455293095201156,NO
161,386,0.33875498608591265,NO
162,296,0.33080320936445334,YES
163,135,0.31876441757862156,NO
164,56,0.3142640474698419,NO
165,78,0.3165069936855177,NO
166,35,0.31374365264509424,NO
167,467,0.5062744341496093,YES
168,174,0.3070633666630562,NO
169,148,0.3065554175896512,NO
170,88,0.2981337610748397,NO
171,52,0.9976492545026545,YES
172,39,0.28330712210009334,NO
173,208,0.2918531961904043,NO
174,77,0.2844625834728616,NO
175,666,0.3163937727658971,NO
176,146,0.9976836727394915,YES
177,302,0.9977631688732278,YES
178,54,0.52366403963158,NO
179,87,0.28112963414853526,NO
180,119,0.2827637766364258,NO
181,200,0.28654500239071634,NO
182,152,0.4611631564783726,NO
183,39,0.5229754092663861,NO
184,677,0.31084716900082277,NO
185,131,0.27945445583673,NO
186,47,0.2752848031478689,NO
187,100,0.2789844561409294,NO
188,43,0.27435417232713155,NO
189,73,0.27642709903754176,NO
190,257,0.2865418622651201,NO
191,62,0.4474578554248551,NO
192,45,0.2647494852159115,NO
193,41,0.2647494852159115,NO
194,47,0.2647494852159115,NO
195,55,0.2647494852159115,NO
196,1046,0.32044357046328437,NO
197,133,0.26610402499772307,NO
198,147,0.2681483334474994,NO
199,147,1.0,YES
200,77,0.9988304119605621,YES
201,99,0.26430790947188276,NO
202,53,0.2554482286362799,NO
203,95,0.25742898460794417,NO
204,77,1.0,YES
205,69,0.25699138346092415,NO
206,69,0.25699138346092415,NO
207,77,0.25699138346092415,NO
208,80,0.25655446366516105,NO
209,72,0.25655446366516105,NO
210,63,0.25655446366516105,NO
211,50,0.2541441026674596,NO
212,28,0.2541441026674596,NO
213,108,0.25810758725718963,NO
214,40,0.2541441026674596,NO
215,76,0.25568266685210955,NO
216,64,0.25568266685210955,NO
217,63,0.25568266685210955,NO
218,55,0.25371075681128613,NO
219,45,0.2532780917874768,NO
220,476,0.26723683116905383,NO
221,77,0.2471139260957495,NO
222,69,0.246692581979339,NO
223,104,0.24863320229288,NO
224,115,0.24863320229288,NO
225,421,0.2642726128525578,NO
226,61,0.24585191140908144,NO
227,2009,0.5647477925836767,NO
228,179,0.24916055142527652,NO
229,106,0.2448513526487044,NO
230,33,0.24102529699177536,NO
231,657,0.2724747730315831,NO
232,295,0.25141222525367857,NO
233,872,0.2820185116011515,NO
234,444,0.2577433466776788,NO
235,168,0.24386778103409973,NO
236,752,0.27364975623040727,NO
237,135,0.24071282545423822,NO
238,1126,0.294181910033132,NO
239,163,0.24098089565797384,NO
240,184,0.24290108313851183,NO
241,51,0.2353121142459866,NO
242,25,0.23490901266801328,NO
243,180,0.24248910377541277,NO
244,64,0.23678115494071386,NO
245,101,0.23826163442650977,NO
246,512,0.257534274763383,NO
247,187,0.2412571383853928,NO
248,56,0.23370367679564696,NO
249,39,0.23370367679564696,NO
250,261,0.244712197360594,NO
251,73,0.23516649773573026,NO
252,65,0.23516649773573026,NO
253,329,0.24625228495101414,NO
254,64,0.23476448492212207,NO
255,164,0.2381264870861803,NO
256,624,0.45886580315990877,NO
257,74,0.23356240216070984,NO
258,117,0.23543201432438118,NO
259,84,0.23316302480117793,NO
260,226,0.4319310314820461,NO
261,76,0.23276430504885118,NO
262,323,0.24418546156975351,NO
263,72,0.23236624239565917,NO
264,42,0.23051846407535803,NO
265,48,0.49831663785209374,NO
266,89,0.4210653424135281,NO
267,380,0.5219205698504267,NO
268,141,0.23530439766736663,NO
269,148,0.23530439766736663,NO
270,191,0.23679074176025655,NO
271,46,0.4172707389119071,NO
272,165,0.23450399968487873,NO
273,171,0.42488738095567535,NO
274,56,0.22894162293733322,NO
275,179,0.50738378974903,NO
276,74,0.41979879463601777,NO
277,36,0.2285490491618095,NO
278,37,0.2285490491618095,NO
279,34,0.2285490491618095,NO
280,34,0.2285490491618095,NO
281,38,0.41663930601355154,NO
282,39,0.41663930601355154,NO
283,156,0.23370622264029228,NO
284,84,0.2299916367506846,NO
285,117,0.5021562835352686,NO
286,94,0.418534294971589,NO
287,71,0.418534294971589,NO
288,183,0.6029193857504898,NO
289,85,0.41790281731682655,NO
290,183,0.42554253359497224,NO
291,70,0.4172718566364995,NO
292,54,0.22620731168127553,NO
293,160,0.23132857697294829,NO
294,128,0.22869405092119535,NO
295,151,0.5873355582795458,NO
296,422,0.24186840730308554,NO
297,221,0.231908527144394,NO
298,50,0.22235637559572055,NO
299,42,0.4116067377139398,NO
300,624,0.4498597997798369,NO
301,377,0.5164901855193039,NO
302,382,0.23711823509982272,NO
303,72,0.22224552624600277,NO
304,92,0.22224552624600277,NO
305,282,0.2310338742061715,NO
306,371,0.2344136961159904,NO
307,47,0.21969910657566025,NO
308,108,0.414768859141425,NO
309,111,0.22290478250954981,NO
310,319,0.5098417526104361,NO
311,129,0.49604384530354434,NO
312,49,0.21744643337444464,NO
313,358,0.5548097185846,NO
314,277,0.5750329600044548,NO
315,49,0.4066083343474096,NO
316,89,0.2177214818462345,NO
317,41,0.21595739658024168,NO
318,66,0.4091171442224838,NO
319,63,0.2177214818462345,NO
320,24,0.21595739658024168,NO
321,50,0.21558672496212183,NO
322,72,0.4091171442224838,NO
323,47,0.21558672496212183,NO
324,47,0.40598597558796967,NO
325,183,0.5436874935928152,NO
326,49,0.21521668714452136,NO
327,50,0.21521668714452136,NO
328,98,0.40849358893403515,NO
329,143,0.22016500053983426,NO
330,43,0.21484728250806082,NO
331,42,0.21484728250806082,NO
332,56,0.21484728250806082,NO
333,44,0.21484728250806082,NO
334,26,0.21484728250806082,NO
335,254,0.5896604162515003,NO
336,16883,0.6414504759472368,NO
337,74,0.1978011348586502,NO
338,153,0.39684833099051237,NO
339,68,0.47994124172487446,NO
340,100,0.19911854403990548,NO
341,550,0.21796227049939812,NO
342,437,0.21183411846939892,NO
343,1038,0.4520988546830402,NO
344,104,0.19708846636624128,NO
345,332,0.204832698651096,NO
346,123,0.1964165412485912,NO
347,106,0.1964165412485912,NO
348,105,0.1960814694334633,NO
349,94,0.19444487517504036,NO
350,101,0.1960814694334633,NO
351,38,0.19282290089918297,NO
352,666,0.2198497927009798,NO
353,32,0.1921629874486541,NO
354,111,0.195079808515215,NO
355,35,0.3857638877890384,NO
356,90,0.19344956283906897,NO
357,27,0.19183391388633525,NO
358,28,0.19183391388633525,NO
359,92,0.5524984220330219,NO
360,979,0.23329695022227323,NO
361,67,0.19213072671645617,NO
362,29,0.38395681215940874,NO
363,105,0.19375252812705637,NO
364,72,0.19180248558166751,NO
365,37,0.38395681215940874,NO
366,47,0.19019734877209835,NO
367,31,0.19019734877209835,NO
368,90,0.3864168731278064,NO
369,223,0.6054296855767963,NO
370,214,0.48306455792191044,NO
371,107,0.3882851918730975,NO
372,37,0.18954681710098178,NO
373,27,0.18954681710098178,NO
374,48,0.18922242571854692,NO
375,167,0.19406266241268946,NO
376,213,0.5306240827437069,NO
377,867,0.224864592734764,NO
378,159,0.4791110541202352,NO
379,100,0.38647663797255155,NO
380,96,0.3840099960032428,NO
381,842,0.4322795818584094,NO
382,535,0.20802445058247768,NO
383,83,0.1879090709744865,NO
384,63,0.1879090709744865,NO
385,76,0.38281012183666163,NO
386,202,0.19240943323756596,NO
387,155,0.19078780890418331,NO
388,1263,0.24013150941325256,NO
389,74,0.38101479287381024,NO
390,101,0.38347417263431804,NO
391,27,0.18442598293056253,NO
392,22,0.18442598293056253,NO
393,491,0.20180174637226161,NO
394,62,0.18535969832848415,NO
395,59,0.18379621755108522,NO
396,99,0.1869375700401362,NO
397,27,0.37797215496175735,NO
398,77,0.38041754984655807,NO
399,863,0.43060988489099855,NO
400,64,0.3792248706636198,NO
401,45,0.18254351403243507,NO
402,63,0.3792248706636198,NO
403,54,0.18254351403243507,NO
404,64,0.3792248706636198,NO
405,132,0.18535244181793353,NO
406,182,0.1885309054984137,NO
407,70,0.18378492529000728,NO
408,36,0.18192056393514208,NO
409,58,0.3761885572825612,NO
410,62,0.18347167584654367,NO
411,132,0.1850371263295647,NO
412,74,0.18315899305758046,NO
413,86,0.18315899305758046,NO
414,74,0.18315899305758046,NO
415,48,0.37559524547118384,NO
416,74,0.18315899305758046,NO
417,86,0.1828468761782886,NO
418,355,0.39545945223319245,NO
419,53,0.18099037400584667,NO
420,804,0.21183850806845406,NO
421,75,0.37684677157552554,NO
422,125,0.5502330220766439,NO
423,200,0.5754053613849375,NO
424,134,0.5199201643711817,NO
425,57,0.37381898762992694,NO
426,123,0.3787012157597159,NO
427,314,0.18985670545772457,NO
428,162,0.18347433890105988,NO
429,137,0.18191510768877742,NO
430,124,0.1816060031315373,NO
431,359,0.19084657221440068,NO
432,151,0.1828525792397266,NO
433,107,0.18098947378331748,NO
434,28,0.1779262015196183,NO
435,58,0.1779262015196183,NO
436,470,0.1951682183631674,NO
437,347,0.18956825403612826,NO
438,103,0.37632919610868926,NO
439,35,0.17671611874736154,NO
440,98,0.3738878505856144,NO
441,117,0.17976311323348648,NO
