ID, Size, Predicted, Actual
0,227,0.015,NO
1,276,0.14694444444444443,NO
2,460,0.51,NO
3,138,0.14375,NO
4,352,0.17800000000000002,NO
5,23,0.01,NO
6,56,0.02,NO
7,51,0.02,NO
8,22,0.0,NO
9,44,0.0,NO
10,111,0.048333333333333346,NO
11,71,0.17208333333333337,NO
12,196,0.2,NO
13,39,0.0,NO
14,124,0.5430555555555556,NO
15,38,0.05,NO
16,22,0.0,NO
17,44,0.0,NO
18,368,0.36,NO
19,22,0.0,NO
20,285,0.193,NO
21,21,0.0,NO
22,22,0.0,NO
23,208,0.43,NO
24,55,0.04,NO
25,21,0.0,NO
26,288,0.28300000000000003,NO
27,47,0.0,NO
28,54,0.06,NO
29,105,0.23,NO
30,483,0.2,NO
31,35,0.0,NO
32,142,0.48,NO
33,95,0.29416666666666663,NO
34,164,0.66,NO
35,70,0.16208333333333336,NO
36,22,0.0,NO
37,26,0.0,NO
38,21,0.0,NO
39,56,0.02,NO
40,102,0.35,NO
41,107,0.2,NO
42,67,0.24,NO
43,39,0.0,NO
44,52,0.52,NO
45,20,0.0,NO
46,42,0.0,NO
47,36,0.02,NO
48,30,0.0,NO
49,71,0.15208333333333335,NO
50,57,0.02,NO
51,31,0.0,NO
52,20,0.0,NO
53,90,0.39,NO
54,52,0.52,NO
55,108,0.15,NO
56,20,0.0,NO
57,93,0.22,NO
58,52,0.52,NO
59,117,0.18833333333333332,NO
60,20,0.0,NO
61,31,0.01,NO
62,109,0.11083333333333334,NO
63,44,0.0,NO
64,72,0.20375000000000004,NO
65,99,0.19,NO
66,103,0.17,NO
67,20,0.0,NO
68,71,0.14208333333333334,NO
69,140,0.49,NO
70,1579,0.57,NO
71,45,0.02,NO
72,282,0.3725,NO
73,2582,0.09,NO
74,242,0.19,NO
75,55,0.0,NO
76,204,0.14,NO
77,59,0.04,NO
78,102,0.02,NO
79,34,0.0,NO
80,83,0.19,NO
81,114,0.12833333333333333,NO
82,60,0.11,NO
83,461,0.26857142857142857,NO
84,87,0.2635,NO
85,130,0.29,NO
86,49,0.0,NO
87,123,0.24812844611528825,NO
88,101,0.07591666666666667,NO
89,1350,0.61,NO
90,455,0.26,NO
91,40,0.0,NO
92,518,0.21,NO
93,371,0.18,NO
94,49,0.0,NO
95,490,0.26407142857142857,NO
96,32,0.0,NO
97,73,0.364030303030303,NO
98,633,0.13,NO
99,780,0.69,NO
100,470,0.6783333333333332,NO
101,1015,0.69,NO
102,278,0.21466666666666667,NO
103,31,0.0,NO
104,36,0.02,NO
105,58,0.04,NO
106,172,0.15,NO
107,86,0.21,NO
108,162,0.06,NO
109,53,0.0,NO
110,415,0.13,NO
111,200,0.04,NO
112,264,0.42833333333333334,NO
113,166,0.1,NO
114,38,0.17,NO
115,122,0.5953407843704283,NO
116,85,0.04,NO
117,66,0.043333333333333335,NO
118,60,0.24,NO
119,37,0.0,NO
120,233,0.11,NO
121,37,0.0,NO
122,239,0.07,NO
123,40,0.0,NO
124,208,0.62,NO
125,210,0.20416666666666666,NO
126,388,0.5092500000000001,NO
127,22,0.0,NO
128,262,0.3090909090909091,NO
129,306,0.3975,NO
130,1438,0.6,NO
131,1469,0.96,NO
132,67,0.16666666666666669,NO
133,437,0.21933333333333332,NO
134,223,0.03,NO
135,35,0.0,NO
136,53,0.0,NO
137,196,0.19690476190476186,NO
138,108,0.06708333333333334,NO
139,237,0.03,NO
140,219,0.22,NO
141,340,0.506,NO
142,161,0.5,NO
143,136,0.1443095238095238,NO
144,376,0.06,NO
145,388,0.5721666666666667,NO
146,153,0.34,NO
147,114,0.18,NO
148,220,0.55,NO
149,453,0.6516666666666667,NO
150,1828,0.23,NO
151,246,0.28,NO
152,636,0.8866666666666667,NO
153,299,0.34,NO
154,259,0.1590909090909091,NO
155,90,0.5236031746031746,NO
156,93,0.0,NO
157,441,0.185,NO
158,149,0.25,NO
159,610,0.4175,NO
160,123,0.421281223893066,NO
161,197,0.308,NO
162,865,0.68,NO
163,596,0.4071666666666667,NO
164,141,0.05,NO
165,179,0.01,NO
166,630,0.7891904761904761,NO
167,402,0.3505,NO
168,42,0.0,NO
169,42,0.0,NO
170,315,0.7488333333333332,NO
171,85,0.0,NO
172,472,0.26,NO
173,106,0.06,NO
174,250,0.17,NO
175,162,0.13,NO
176,236,0.2,NO
177,73,0.055999999999999994,NO
178,104,0.31857142857142856,NO
179,40,0.078,NO
180,98,0.5048214285714286,NO
181,39,0.078,NO
182,38,0.35,NO
183,67,0.057999999999999996,NO
184,76,0.0475,NO
185,42,0.056333333333333326,NO
186,71,0.05,NO
187,101,0.47332142857142856,NO
188,59,0.06,NO
189,55,0.01,NO
190,27,0.0,NO
191,89,0.57,NO
192,26,0.0,NO
193,24,0.0,NO
194,485,0.76,NO
195,1651,0.35,NO
196,48,0.0,NO
197,2479,0.16,NO
198,23,0.027999999999999997,NO
199,115,0.6969761904761904,NO
200,108,0.128,NO
201,346,0.8518809523809524,NO
202,391,0.66,NO
203,22,0.0,NO
204,83,0.09345238095238095,NO
205,51,0.03,NO
206,43,0.0,NO
207,54,0.0,NO
208,43,0.0,NO
209,47,0.0,NO
210,33,0.0,NO
211,195,0.6885670995670995,NO
212,91,0.17690476190476187,NO
213,110,0.04,NO
214,81,0.029642857142857144,NO
215,108,0.8114166666666667,NO
216,109,0.03,NO
217,90,0.07666666666666666,NO
218,131,0.69,NO
219,95,0.08216666666666667,NO
220,132,0.54,NO
221,176,0.04,NO
222,124,0.57,NO
223,103,0.03,NO
224,120,0.49,NO
225,149,0.25,NO
226,76,0.0,NO
227,89,0.0,NO
228,20,0.0,NO
229,213,0.04,NO
230,542,0.58,NO
231,233,0.35,NO
232,134,0.3,NO
233,104,0.25,NO
234,121,0.3494736842105263,NO
235,39,0.0,NO
236,41,0.0,NO
237,248,0.35,NO
238,215,0.02,NO
239,269,0.4075,NO
240,165,0.31,NO
241,277,0.1075,NO
242,100,0.22958333333333336,NO
243,358,0.15,NO
244,29,0.08,NO
245,339,0.32,NO
246,719,0.4,NO
247,141,0.04333333333333335,NO
248,801,0.58,NO
249,77,0.01,NO
250,97,0.07690476190476189,NO
251,380,0.027999999999999997,NO
252,214,0.0,NO
253,38,0.0,NO
254,79,0.0,NO
255,25,0.0,NO
256,84,0.01,NO
257,34,0.0,NO
258,33,0.0,NO
259,104,0.028888888888888888,NO
260,193,0.105,NO
261,70,0.02,NO
262,140,0.0,NO
263,22,0.0,NO
264,158,0.04,NO
265,142,0.03,NO
266,109,0.23083333333333333,NO
267,158,0.38833333333333336,NO
268,31,0.01,NO
269,344,0.06,NO
270,71,0.45,NO
271,84,0.83,NO
272,79,0.63,NO
273,881,0.96,NO
274,64,0.026666666666666665,NO
275,199,0.21292748917748916,NO
276,261,0.5459797979797979,NO
277,155,0.09,NO
278,45,0.1236190476190476,NO
279,23,0.03,NO
280,405,0.23666666666666664,NO
281,248,0.05,NO
282,599,0.9258214285714286,NO
283,28,0.19,NO
284,452,0.2885714285714286,NO
285,482,0.33666666666666667,NO
286,434,0.8196666666666667,NO
287,83,0.1388888888888889,NO
288,393,0.19,NO
289,230,0.36,NO
290,248,0.15,NO
291,28,0.09,NO
292,69,0.40990476190476194,NO
293,116,0.06,NO
294,100,0.09841666666666667,NO
295,46,0.0,NO
296,226,0.3066666666666667,NO
297,86,0.13654761904761906,NO
298,93,0.13,NO
299,1935,0.19,NO
300,41,0.0,NO
301,64,0.09,NO
302,176,0.36,NO
303,334,0.3655,NO
304,114,0.20485714285714293,NO
305,66,0.08,NO
306,38,0.01,NO
307,46,0.01,NO
308,101,0.03,NO
309,144,0.1,NO
310,156,0.09,NO
311,113,0.19440476190476197,NO
312,753,0.64,NO
313,397,0.30523809523809525,NO
314,327,0.5963333333333334,NO
315,139,0.03,NO
316,59,0.01,NO
317,78,0.03,NO
318,50,0.02,NO
319,483,0.6633333333333333,NO
320,42,0.0,NO
321,75,0.2652936507936508,NO
322,219,0.10416666666666669,NO
323,103,0.1285714285714286,NO
324,158,0.0575,NO
325,190,0.09,NO
326,88,0.053436507936507935,NO
327,248,0.03,NO
328,276,0.06,NO
329,330,0.5565000000000001,NO
330,69,0.17,NO
331,21,0.0,NO
332,39,0.0,NO
333,22,0.0,NO
334,24,0.0,NO
335,62,0.09952777777777776,NO
336,67,0.3466666666666666,NO
337,65,0.024666666666666663,NO
338,63,0.38011868686868683,NO
339,22,0.0,NO
340,60,0.0675,NO
341,38,0.0,NO
342,62,0.02,NO
343,23,0.0,NO
344,79,0.01,NO
345,23,0.0,NO
346,176,0.0,NO
347,149,0.06,NO
348,23,0.0,NO
349,34,0.0,NO
350,35,0.01,NO
351,45,0.0,NO
352,293,0.33,NO
353,58,0.06333333333333335,NO
354,39,0.0,NO
355,57,0.0,NO
356,277,0.08,NO
357,468,0.098,NO
358,75,0.09,NO
359,666,0.03,NO
360,53,0.28572907647907647,NO
361,145,0.144,NO
362,53,0.02,NO
363,398,0.09,NO
364,119,0.01,NO
365,271,0.42,NO
366,175,0.24280555555555555,NO
367,78,0.39799999999999996,NO
368,415,0.0,NO
369,131,0.0,NO
370,45,0.0,NO
371,156,0.02,NO
372,166,0.33008333333333334,NO
373,43,0.0,NO
374,74,0.08,NO
375,302,0.42,NO
376,494,0.14,NO
377,421,0.18,NO
378,723,0.2290714285714286,NO
379,550,0.16,NO
380,493,0.14,NO
381,416,0.17,NO
382,359,0.0,NO
383,66,0.14,NO
384,62,0.06,NO
385,34,0.0,NO
386,23,0.0,NO
387,41,0.0,NO
388,50,0.0,NO
389,55,0.0,NO
390,1467,0.01,NO
391,187,0.02,NO
392,162,0.16299999999999998,NO
393,23,0.03,NO
394,142,0.14,NO
395,73,0.026000000000000002,NO
396,108,0.5791289743967762,NO
397,20,0.0,NO
398,61,0.03,NO
399,86,0.2985714285714286,NO
400,84,0.28,NO
401,90,0.35514285714285715,NO
402,67,0.14,NO
403,20,0.0,NO
404,60,0.0675,NO
405,88,0.37,NO
406,47,0.0,NO
407,76,0.0075,NO
408,21,0.0,NO
409,53,0.0,NO
410,114,0.27,NO
411,121,0.3247299238858836,NO
412,78,0.41,NO
413,20,0.0,NO
414,69,0.05583333333333334,NO
415,80,0.0575,NO
416,79,0.06888888888888889,NO
417,81,0.11,NO
418,88,0.26,NO
419,20,0.0,NO
420,105,0.35,NO
421,60,0.016666666666666666,NO
422,50,0.0,NO
423,28,0.0,NO
424,129,0.41,NO
425,43,0.03633333333333333,NO
426,76,0.0,NO
427,63,0.0,NO
428,65,0.06133333333333333,NO
429,76,0.0175,NO
430,45,0.0,NO
431,20,0.0,NO
432,126,0.0,NO
