ID, Size, Predicted, Actual
0,212,2.729211427036092E-13,NO
1,274,3.4189709153932895E-14,NO
2,461,3.5872761299107465E-14,YES
3,138,3.2859011477572466E-14,NO
4,358,3.498457044878478E-14,NO
5,1272,0.03870968207108387,YES
6,51,3.2314297677993686E-14,NO
7,45,3.2314297677993686E-14,NO
8,157,3.3160765792480245E-14,NO
9,31,3.2314297677993686E-14,NO
10,1406,1.0,YES
11,55,3.2314297677993686E-14,NO
12,204,3.348277073032216E-14,NO
13,55,3.2314297677993686E-14,NO
14,103,3.257700972105493E-14,NO
15,34,2.5601750553428973E-13,NO
16,83,3.257700972105493E-14,NO
17,285,2.1997059072283756E-11,NO
18,83,3.257700972105493E-14,NO
19,129,2.404368808773964E-10,NO
20,867,4.195782345851307E-14,YES
21,380,1.0,NO
22,40,3.2314297677993686E-14,NO
23,387,3.498457044878478E-14,YES
24,390,3.498457044878478E-14,NO
25,51,3.2314297677993686E-14,NO
26,637,3.79544496315262E-14,YES
27,32,3.2314297677993686E-14,NO
28,68,3.257700972105493E-14,YES
29,547,3.686041256472366E-14,YES
30,566,3.686041256472366E-14,NO
31,314,3.004885976565117E-13,YES
32,907,4.775587347650444E-11,YES
33,275,1.3537642885652487E-8,NO
34,31,3.2314297677993686E-14,NO
35,50,3.2314297677993686E-14,NO
36,27,3.2314297677993686E-14,NO
37,175,3.3160765792480245E-14,NO
38,50,3.2314297677993686E-14,NO
39,62,3.2314297677993686E-14,NO
40,87,3.257700972105493E-14,NO
41,52,3.2314297677993686E-14,NO
42,373,3.498457044878478E-14,NO
43,224,3.348277073032216E-14,NO
44,118,3.2859011477572466E-14,YES
45,83,2.70318806941929E-13,NO
46,147,3.3160765792480245E-14,NO
47,58,3.2314297677993686E-14,NO
48,44,3.2314297677993686E-14,NO
49,106,3.2859011477572466E-14,NO
50,238,0.504710905700717,NO
51,43,2.767549280398781E-13,NO
52,185,2.4864497252717543E-6,YES
53,189,3.348277073032216E-14,NO
54,151,3.3160765792480245E-14,NO
55,364,2.57802615805132E-10,YES
56,910,1.0,YES
57,889,1.0,YES
58,43,2.840058670811644E-13,NO
59,325,5.964041797092633E-7,YES
60,27,3.2314297677993686E-14,NO
61,55,3.2314297677993686E-14,NO
62,93,2.558519006477376E-13,NO
63,191,3.348277073032216E-14,NO
64,90,3.257700972105493E-14,NO
65,89,2.863148066820106E-13,NO
66,272,2.3689705215319035E-8,YES
67,152,2.9144535758802344E-13,NO
68,90,3.257700972105493E-14,YES
69,82,3.257700972105493E-14,NO
70,148,2.9144535758802344E-13,NO
71,421,2.2164951017032715E-8,YES
72,1190,1.0,YES
73,528,1.3063064899789614E-10,YES
74,205,2.6371558115121606E-10,YES
75,190,3.348277073032216E-14,NO
76,86,3.257700972105493E-14,NO
77,212,2.3449632362087755E-8,YES
78,404,1.046933372932002E-6,YES
79,572,1.0493781002315669E-10,NO
80,132,2.5573054171786846E-10,YES
81,168,2.9144535758802344E-13,NO
82,109,3.2859011477572466E-14,YES
83,85,3.257700972105493E-14,NO
84,107,1.8106773653284427E-11,NO
85,237,3.3825560944242015E-14,NO
86,511,4.463372771689322E-12,YES
87,47,3.2314297677993686E-14,NO
88,1328,1.0,YES
89,27,3.2314297677993686E-14,NO
90,89,3.257700972105493E-14,NO
91,482,2.847710714424501E-13,YES
92,226,0.9258519134996535,YES
93,166,3.3160765792480245E-14,NO
94,92,2.863148066820106E-13,NO
95,476,3.5872761299107465E-14,NO
96,93,2.863148066820106E-13,NO
97,244,3.3825560944242015E-14,NO
98,204,3.348277073032216E-14,NO
99,252,3.3825560944242015E-14,NO
100,119,2.478576343126516E-10,YES
101,733,1.176262386469032E-10,NO
102,630,1.0,YES
103,69,3.257700972105493E-14,NO
104,77,3.257700972105493E-14,NO
105,97,3.257700972105493E-14,NO
106,380,2.9080819979740317E-13,NO
107,214,3.348277073032216E-14,NO
108,38,2.767549280398781E-13,NO
109,79,3.257700972105493E-14,NO
110,25,3.2314297677993686E-14,NO
111,84,3.257700972105493E-14,NO
112,34,3.2314297677993686E-14,NO
113,33,3.2314297677993686E-14,NO
114,104,3.257700972105493E-14,NO
115,193,2.5538668349644255E-13,NO
116,70,3.257700972105493E-14,NO
117,140,3.2859011477572466E-14,NO
118,22,2.41321339413261E-13,NO
119,156,3.3160765792480245E-14,NO
120,142,3.2859011477572466E-14,NO
121,100,8.341374483191891E-12,NO
122,152,3.3160765792480245E-14,NO
123,31,3.2314297677993686E-14,NO
124,60,3.2314297677993686E-14,NO
125,60,3.2314297677993686E-14,NO
126,876,4.195782345851307E-14,NO
127,61,3.2314297677993686E-14,NO
128,185,3.3160765792480245E-14,NO
129,264,3.3825560944242015E-14,NO
130,43,3.2314297677993686E-14,NO
131,248,3.3825560944242015E-14,NO
132,361,0.999999194882304,YES
133,199,2.942754141929196E-13,NO
134,194,3.348277073032216E-14,NO
135,346,3.457582773826648E-14,NO
136,91,2.863148066820106E-13,NO
137,335,2.1675116804244174E-9,YES
138,370,2.734068522106252E-11,NO
139,82,2.863148066820106E-13,NO
140,53,3.2314297677993686E-14,NO
141,148,2.9144535758802344E-13,NO
142,4088,7.604980049051688E-13,NO
143,88,4.3876408261141006E-12,NO
144,878,1.0,YES
145,37,2.686116369275407E-13,NO
146,48,3.1104735279964E-13,NO
147,47,3.2314297677993686E-14,NO
148,101,3.257700972105493E-14,NO
149,556,1.0,YES
150,360,1.0,YES
151,284,1.0,YES
152,135,2.8879328089105067E-13,NO
153,56,3.2314297677993686E-14,NO
154,78,2.565816646421672E-10,YES
155,409,2.3008489964972727E-8,YES
156,174,3.3160765792480245E-14,NO
157,148,3.3160765792480245E-14,NO
158,88,2.7890516718613923E-13,NO
159,45,3.2314297677993686E-14,YES
160,39,3.2314297677993686E-14,NO
161,182,3.3160765792480245E-14,NO
162,77,3.257700972105493E-14,NO
163,666,3.8543763889448234E-14,NO
164,104,2.5226567367423725E-13,YES
165,263,3.3825560944242015E-14,YES
166,54,3.2314297677993686E-14,NO
167,76,3.257700972105493E-14,NO
168,119,7.629814460751631E-11,NO
169,200,3.2268931929322454E-10,YES
170,152,3.3160765792480245E-14,NO
171,39,3.2314297677993686E-14,NO
172,677,3.8543763889448234E-14,NO
173,131,3.2859011477572466E-14,NO
174,47,3.2314297677993686E-14,NO
175,100,1.2488339604477204E-11,NO
176,43,3.2314297677993686E-14,NO
177,73,3.257700972105493E-14,NO
178,257,3.3825560944242015E-14,NO
179,356,3.457582773826648E-14,NO
180,62,3.2314297677993686E-14,NO
181,45,3.2314297677993686E-14,NO
182,97,3.257700972105493E-14,NO
183,131,3.2859011477572466E-14,YES
184,68,3.257700972105493E-14,YES
185,99,3.257700972105493E-14,NO
186,53,3.2314297677993686E-14,NO
187,81,3.257700972105493E-14,NO
188,78,3.257700972105493E-14,YES
189,69,3.257700972105493E-14,NO
190,69,3.257700972105493E-14,NO
191,77,3.257700972105493E-14,NO
192,72,3.257700972105493E-14,NO
193,72,3.257700972105493E-14,NO
194,63,3.257700972105493E-14,NO
195,50,3.2314297677993686E-14,NO
196,28,3.2314297677993686E-14,NO
197,96,3.257700972105493E-14,NO
198,40,3.2314297677993686E-14,NO
199,76,3.257700972105493E-14,NO
200,49,3.2314297677993686E-14,NO
201,63,3.257700972105493E-14,NO
202,55,3.2314297677993686E-14,NO
203,45,3.2314297677993686E-14,NO
204,476,3.5872761299107465E-14,NO
205,77,3.257700972105493E-14,NO
206,69,3.257700972105493E-14,NO
207,104,3.257700972105493E-14,NO
208,115,3.2859011477572466E-14,NO
209,421,3.5416634250766925E-14,NO
210,61,3.2314297677993686E-14,NO
211,2009,8.314188177218083E-14,NO
212,179,3.3160765792480245E-14,NO
213,106,3.2859011477572466E-14,NO
214,33,3.2314297677993686E-14,NO
215,657,3.8543763889448234E-14,NO
216,295,3.4189709153932895E-14,NO
217,872,4.195782345851307E-14,NO
218,444,3.5872761299107465E-14,NO
219,168,3.3160765792480245E-14,NO
220,752,3.981230404820547E-14,NO
221,135,3.2859011477572466E-14,NO
222,1126,4.726365521550108E-14,NO
223,163,3.3160765792480245E-14,NO
224,184,3.3160765792480245E-14,NO
225,51,3.2314297677993686E-14,NO
226,25,3.2314297677993686E-14,NO
227,180,3.3160765792480245E-14,NO
228,64,3.257700972105493E-14,NO
229,101,3.257700972105493E-14,NO
230,512,3.635374105683631E-14,NO
231,187,3.3160765792480245E-14,NO
232,56,3.2314297677993686E-14,NO
233,39,3.2314297677993686E-14,NO
234,261,3.3825560944242015E-14,NO
235,73,3.257700972105493E-14,NO
236,65,3.257700972105493E-14,NO
237,329,3.457582773826648E-14,NO
238,64,3.257700972105493E-14,NO
239,164,3.3160765792480245E-14,NO
240,624,3.79544496315262E-14,NO
241,74,3.257700972105493E-14,NO
242,117,3.2859011477572466E-14,NO
243,84,3.257700972105493E-14,NO
244,226,3.348277073032216E-14,NO
245,76,3.257700972105493E-14,NO
246,323,3.457582773826648E-14,NO
247,72,3.257700972105493E-14,NO
248,42,3.2314297677993686E-14,NO
249,48,3.2314297677993686E-14,NO
250,89,3.257700972105493E-14,NO
251,380,3.498457044878478E-14,NO
252,141,3.2859011477572466E-14,NO
253,148,3.3160765792480245E-14,NO
254,191,3.348277073032216E-14,NO
255,46,3.2314297677993686E-14,NO
256,165,3.3160765792480245E-14,NO
257,171,3.3160765792480245E-14,NO
258,56,3.2314297677993686E-14,NO
259,179,3.3160765792480245E-14,NO
260,74,3.257700972105493E-14,NO
261,36,3.2314297677993686E-14,NO
262,37,3.2314297677993686E-14,NO
263,34,3.2314297677993686E-14,NO
264,34,3.2314297677993686E-14,NO
265,38,3.2314297677993686E-14,NO
266,39,3.2314297677993686E-14,NO
267,156,3.3160765792480245E-14,NO
268,84,3.257700972105493E-14,NO
269,117,3.2859011477572466E-14,NO
270,94,3.257700972105493E-14,NO
271,71,3.257700972105493E-14,NO
272,183,3.3160765792480245E-14,NO
273,85,3.257700972105493E-14,NO
274,183,3.3160765792480245E-14,NO
275,70,3.257700972105493E-14,NO
276,54,3.2314297677993686E-14,NO
277,160,3.3160765792480245E-14,NO
278,128,3.2859011477572466E-14,NO
279,151,3.3160765792480245E-14,NO
280,422,3.5416634250766925E-14,NO
281,221,3.348277073032216E-14,NO
282,50,3.2314297677993686E-14,NO
283,42,3.2314297677993686E-14,NO
284,624,3.79544496315262E-14,NO
285,377,3.498457044878478E-14,NO
286,382,3.498457044878478E-14,NO
287,72,3.257700972105493E-14,NO
288,92,3.257700972105493E-14,NO
289,282,3.4189709153932895E-14,NO
290,371,3.498457044878478E-14,NO
291,47,3.2314297677993686E-14,NO
292,108,3.2859011477572466E-14,NO
293,111,3.2859011477572466E-14,NO
294,319,3.457582773826648E-14,NO
295,129,3.2859011477572466E-14,NO
296,49,3.2314297677993686E-14,NO
297,358,3.498457044878478E-14,NO
298,277,3.4189709153932895E-14,NO
299,49,3.2314297677993686E-14,NO
300,89,3.257700972105493E-14,NO
301,41,3.2314297677993686E-14,NO
302,66,3.257700972105493E-14,NO
303,63,3.257700972105493E-14,NO
304,24,3.2314297677993686E-14,NO
305,50,3.2314297677993686E-14,NO
306,72,3.257700972105493E-14,NO
307,47,3.2314297677993686E-14,NO
308,47,3.2314297677993686E-14,NO
309,183,3.3160765792480245E-14,NO
310,49,3.2314297677993686E-14,NO
311,50,3.2314297677993686E-14,NO
312,98,3.257700972105493E-14,NO
313,143,3.2859011477572466E-14,NO
314,43,3.2314297677993686E-14,NO
315,42,3.2314297677993686E-14,NO
316,56,3.2314297677993686E-14,NO
317,44,3.2314297677993686E-14,NO
318,26,3.2314297677993686E-14,NO
319,254,3.3825560944242015E-14,NO
320,16883,3.8110290503248715E-14,NO
321,74,3.257700972105493E-14,NO
322,153,3.3160765792480245E-14,NO
323,68,3.257700972105493E-14,NO
324,100,3.257700972105493E-14,NO
325,550,3.686041256472366E-14,NO
326,437,3.5416634250766925E-14,NO
327,1038,4.5329618610869203E-14,NO
328,104,3.257700972105493E-14,NO
329,332,3.457582773826648E-14,NO
330,123,3.2859011477572466E-14,NO
331,106,3.2859011477572466E-14,NO
332,105,2.8879328089105067E-13,NO
333,94,3.257700972105493E-14,NO
334,101,3.257700972105493E-14,NO
335,38,3.2314297677993686E-14,NO
336,666,4.3019888541929884E-7,YES
337,32,3.2314297677993686E-14,NO
338,111,3.2859011477572466E-14,NO
339,35,3.2314297677993686E-14,NO
340,90,3.257700972105493E-14,NO
341,27,3.2314297677993686E-14,NO
342,28,3.2314297677993686E-14,NO
343,92,3.257700972105493E-14,NO
344,979,4.35656248109333E-14,NO
345,67,3.257700972105493E-14,NO
346,29,3.2314297677993686E-14,NO
347,105,3.2859011477572466E-14,NO
348,72,3.257700972105493E-14,NO
349,37,3.2314297677993686E-14,NO
350,47,3.2314297677993686E-14,NO
351,31,3.2314297677993686E-14,NO
352,90,3.257700972105493E-14,NO
353,223,3.348277073032216E-14,NO
354,214,3.348277073032216E-14,NO
355,107,3.2859011477572466E-14,NO
356,37,3.2314297677993686E-14,NO
357,27,3.2314297677993686E-14,NO
358,48,3.2314297677993686E-14,NO
359,167,3.3160765792480245E-14,NO
360,213,3.348277073032216E-14,NO
361,867,4.195782345851307E-14,NO
362,159,3.3160765792480245E-14,NO
363,100,3.257700972105493E-14,NO
364,96,3.257700972105493E-14,NO
365,842,4.120857761133748E-14,NO
366,535,3.686041256472366E-14,NO
367,83,3.257700972105493E-14,NO
368,63,3.257700972105493E-14,NO
369,76,3.257700972105493E-14,NO
370,202,3.348277073032216E-14,NO
371,155,3.3160765792480245E-14,NO
372,1263,5.0517985122671864E-14,NO
373,74,3.257700972105493E-14,NO
374,101,3.257700972105493E-14,NO
375,27,3.2314297677993686E-14,NO
376,22,3.2314297677993686E-14,NO
377,491,3.635374105683631E-14,NO
378,62,3.2314297677993686E-14,NO
379,59,3.2314297677993686E-14,NO
380,99,3.257700972105493E-14,NO
381,27,3.2314297677993686E-14,NO
382,77,3.257700972105493E-14,NO
383,863,4.195782345851307E-14,NO
384,64,3.257700972105493E-14,NO
385,45,3.2314297677993686E-14,NO
386,63,3.257700972105493E-14,NO
387,54,3.2314297677993686E-14,NO
388,64,3.257700972105493E-14,NO
389,132,3.2859011477572466E-14,NO
390,182,3.3160765792480245E-14,NO
391,70,3.257700972105493E-14,NO
392,36,3.2314297677993686E-14,NO
393,58,3.2314297677993686E-14,NO
394,62,3.2314297677993686E-14,NO
395,132,3.2859011477572466E-14,NO
396,74,3.257700972105493E-14,NO
397,86,3.257700972105493E-14,NO
398,74,3.257700972105493E-14,NO
399,48,3.2314297677993686E-14,NO
400,74,3.257700972105493E-14,NO
401,86,3.257700972105493E-14,NO
402,355,3.457582773826648E-14,NO
403,53,3.2314297677993686E-14,NO
404,804,4.049385076009194E-14,NO
405,75,3.257700972105493E-14,NO
406,125,3.2859011477572466E-14,NO
407,200,3.348277073032216E-14,NO
408,134,3.2859011477572466E-14,NO
409,57,3.2314297677993686E-14,NO
410,123,3.2859011477572466E-14,NO
411,314,4.332307830431944E-10,YES
412,162,3.3160765792480245E-14,NO
413,137,2.5573054171786846E-10,YES
414,124,2.3408333371168083E-10,YES
415,359,2.72273046272043E-10,YES
416,151,1.057270512744403E-5,YES
417,107,2.2259788944123693E-10,YES
418,28,3.2314297677993686E-14,NO
419,58,3.2314297677993686E-14,NO
420,470,1.6622948989411006E-4,YES
421,347,2.723246704743379E-10,YES
422,103,3.257700972105493E-14,NO
423,35,3.2314297677993686E-14,NO
424,98,3.257700972105493E-14,NO
425,117,3.2859011477572466E-14,NO
