ID, Size, Predicted, Actual
0,215,0.004367114833110172,NO
1,273,0.004514960041430328,YES
2,460,0.004838798702482136,YES
3,138,0.004311662449575334,NO
4,358,0.0046085344055035995,NO
5,1154,1.0,YES
6,51,0.0042355087093661915,NO
7,157,0.004311662449575334,NO
8,31,0.0042355087093661915,NO
9,1009,0.8979153283017868,YES
10,193,0.004367114833110172,NO
11,83,0.004267907773286579,YES
12,262,0.004434701670358021,NO
13,638,0.00550175626926559,YES
14,40,0.0042355087093661915,NO
15,374,0.7345408354573543,NO
16,390,0.004716185136317172,NO
17,51,0.0042355087093661915,NO
18,579,0.0053074393914569785,YES
19,32,0.0042355087093661915,NO
20,66,0.0042355087093661915,NO
21,260,0.004434701670358021,YES
22,596,0.7570342584706277,NO
23,198,0.004367114833110172,NO
24,50,0.0042355087093661915,NO
25,27,0.0042355087093661915,NO
26,926,1.0,YES
27,60,0.0042355087093661915,NO
28,62,0.0042355087093661915,NO
29,87,0.004267907773286579,NO
30,52,0.0042355087093661915,NO
31,297,0.8310532591927267,YES
32,163,0.004311662449575334,NO
33,118,0.004267907773286579,NO
34,83,0.004267907773286579,NO
35,147,0.004311662449575334,NO
36,58,0.0042355087093661915,NO
37,44,0.0042355087093661915,NO
38,106,0.8229684073973463,YES
39,192,0.999640156111709,YES
40,151,0.004311662449575334,NO
41,352,0.833926930750737,YES
42,752,0.8666724787463781,YES
43,877,0.88198918982657,YES
44,319,0.7299928034897248,NO
45,27,0.0042355087093661915,NO
46,55,0.0042355087093661915,NO
47,94,0.004267907773286579,NO
48,191,0.004367114833110172,NO
49,90,0.004267907773286579,NO
50,90,0.004267907773286579,NO
51,271,0.004514960041430328,NO
52,138,0.004311662449575334,NO
53,79,0.004267907773286579,NO
54,82,0.004267907773286579,NO
55,147,0.004311662449575334,NO
56,422,0.004838798702482136,NO
57,1026,1.0,YES
58,530,1.0,YES
59,189,0.004367114833110172,NO
60,167,0.8244559020895732,YES
61,86,0.004267907773286579,NO
62,195,0.8263057208435857,YES
63,374,0.004716185136317172,NO
64,573,0.0053074393914569785,NO
65,126,0.004311662449575334,NO
66,106,0.004267907773286579,NO
67,109,0.004267907773286579,NO
68,85,0.004267907773286579,NO
69,237,0.004434701670358021,NO
70,345,0.0046085344055035995,YES
71,47,0.0042355087093661915,NO
72,781,0.006223588569606763,YES
73,27,0.0042355087093661915,NO
74,89,0.004267907773286579,NO
75,300,1.0,YES
76,166,1.0,YES
77,92,0.004267907773286579,NO
78,497,1.0,YES
79,93,0.004267907773286579,NO
80,244,0.004434701670358021,NO
81,183,0.8263057208435857,YES
82,252,0.004434701670358021,NO
83,109,0.004267907773286579,NO
84,607,1.0,YES
85,565,0.8526602357712686,YES
86,69,0.0042355087093661915,NO
87,77,0.004267907773286579,NO
88,97,0.8229684073973463,YES
89,343,0.0046085344055035995,NO
90,214,0.004367114833110172,NO
91,79,0.004267907773286579,NO
92,25,0.0042355087093661915,NO
93,84,0.004267907773286579,NO
94,34,0.0042355087093661915,NO
95,33,0.0042355087093661915,NO
96,104,0.004267907773286579,NO
97,172,0.004367114833110172,NO
98,70,0.0042355087093661915,NO
99,140,0.004311662449575334,NO
100,156,0.004311662449575334,NO
101,142,0.004311662449575334,NO
102,152,0.004311662449575334,NO
103,31,0.0042355087093661915,NO
104,60,0.0042355087093661915,NO
105,60,0.0042355087093661915,NO
106,876,0.00684382900396333,NO
107,61,0.0042355087093661915,NO
108,185,0.004367114833110172,NO
109,264,0.004434701670358021,NO
110,248,0.004434701670358021,NO
111,286,0.004514960041430328,YES
112,185,0.004367114833110172,NO
113,194,0.004367114833110172,NO
114,346,0.0046085344055035995,NO
115,309,0.004514960041430328,NO
116,363,1.0,YES
117,84,0.004267907773286579,NO
118,53,0.0042355087093661915,NO
119,132,0.004311662449575334,NO
120,4088,0.9818751445723267,NO
121,721,1.0,YES
122,47,0.0042355087093661915,NO
123,101,0.004267907773286579,NO
124,517,0.8483936806087795,YES
125,327,0.0046085344055035995,NO
126,274,0.004514960041430328,NO
127,136,0.004311662449575334,NO
128,56,0.0042355087093661915,NO
129,74,0.004267907773286579,NO
130,361,0.833926930750737,YES
131,174,0.004367114833110172,NO
132,148,0.004311662449575334,NO
133,92,0.004267907773286579,NO
134,45,0.0042355087093661915,NO
135,168,0.004311662449575334,NO
136,77,0.004267907773286579,NO
137,666,0.005717857832117699,NO
138,88,0.004267907773286579,NO
139,263,0.004434701670358021,NO
140,54,0.0042355087093661915,NO
141,51,0.0042355087093661915,NO
142,132,0.004311662449575334,NO
143,160,0.004311662449575334,NO
144,152,0.004311662449575334,NO
145,39,0.0042355087093661915,NO
146,677,0.005717857832117699,NO
147,131,0.004311662449575334,NO
148,47,0.0042355087093661915,NO
149,129,0.004311662449575334,NO
150,43,0.0042355087093661915,NO
151,257,0.9996456623968646,YES
152,356,0.0046085344055035995,NO
153,62,0.0042355087093661915,NO
154,45,0.0042355087093661915,NO
155,97,0.004267907773286579,NO
156,476,0.004977399678787853,NO
157,77,0.004267907773286579,NO
158,69,0.0042355087093661915,NO
159,104,0.004267907773286579,NO
160,115,0.004267907773286579,NO
161,421,0.004838798702482136,NO
162,61,0.0042355087093661915,NO
163,2009,0.04176816864138491,NO
164,179,0.004367114833110172,NO
165,106,0.004267907773286579,NO
166,33,0.0042355087093661915,NO
167,657,0.00550175626926559,NO
168,295,0.004514960041430328,NO
169,872,0.00684382900396333,NO
170,444,0.004838798702482136,NO
171,168,0.004311662449575334,NO
172,752,0.005957721408451879,NO
173,135,0.004311662449575334,NO
174,1126,0.009074811429007195,NO
175,163,0.004311662449575334,NO
176,184,0.004367114833110172,NO
177,51,0.0042355087093661915,NO
178,25,0.0042355087093661915,NO
179,180,0.004367114833110172,NO
180,64,0.0042355087093661915,NO
181,101,0.004267907773286579,NO
182,512,0.004977399678787853,NO
183,187,0.004367114833110172,NO
184,56,0.0042355087093661915,NO
185,39,0.0042355087093661915,NO
186,261,0.004434701670358021,NO
187,73,0.0042355087093661915,NO
188,65,0.0042355087093661915,NO
189,329,0.0046085344055035995,NO
190,64,0.0042355087093661915,NO
191,164,0.004311662449575334,NO
192,624,0.00550175626926559,NO
193,74,0.004267907773286579,NO
194,117,0.004267907773286579,NO
195,84,0.004267907773286579,NO
196,226,0.004434701670358021,NO
197,76,0.004267907773286579,NO
198,323,0.0046085344055035995,NO
199,72,0.0042355087093661915,NO
200,42,0.0042355087093661915,NO
201,48,0.0042355087093661915,NO
202,89,0.004267907773286579,NO
203,380,0.004716185136317172,NO
204,141,0.004311662449575334,NO
205,148,0.004311662449575334,NO
206,191,0.004367114833110172,NO
207,46,0.0042355087093661915,NO
208,165,0.004311662449575334,NO
209,171,0.004311662449575334,NO
210,56,0.0042355087093661915,NO
211,179,0.004367114833110172,NO
212,74,0.004267907773286579,NO
213,36,0.0042355087093661915,NO
214,37,0.0042355087093661915,NO
215,34,0.0042355087093661915,NO
216,34,0.0042355087093661915,NO
217,38,0.0042355087093661915,NO
218,39,0.0042355087093661915,NO
219,156,0.004311662449575334,NO
220,84,0.004267907773286579,NO
221,117,0.004267907773286579,NO
222,94,0.004267907773286579,NO
223,71,0.0042355087093661915,NO
224,183,0.004367114833110172,NO
225,85,0.004267907773286579,NO
226,183,0.004367114833110172,NO
227,70,0.0042355087093661915,NO
228,54,0.0042355087093661915,NO
229,160,0.004311662449575334,NO
230,128,0.004311662449575334,NO
231,151,0.004311662449575334,NO
232,422,0.004838798702482136,NO
233,221,0.004434701670358021,NO
234,50,0.0042355087093661915,NO
235,42,0.0042355087093661915,NO
236,624,0.00550175626926559,NO
237,377,0.004716185136317172,NO
238,382,0.8371149175744863,YES
239,72,0.0042355087093661915,NO
240,92,0.004267907773286579,NO
241,282,0.004514960041430328,NO
242,371,0.004716185136317172,NO
243,47,0.0042355087093661915,NO
244,108,0.004267907773286579,NO
245,111,0.004267907773286579,NO
246,319,0.0046085344055035995,NO
247,129,0.004311662449575334,NO
248,49,0.0042355087093661915,NO
249,358,0.0046085344055035995,NO
250,277,0.004514960041430328,NO
251,49,0.0042355087093661915,NO
252,89,0.004267907773286579,NO
253,41,0.0042355087093661915,NO
254,66,0.0042355087093661915,NO
255,63,0.0042355087093661915,NO
256,24,0.004214213394354365,NO
257,50,0.0042355087093661915,NO
258,72,0.0042355087093661915,NO
259,47,0.0042355087093661915,NO
260,47,0.0042355087093661915,NO
261,183,0.004367114833110172,NO
262,49,0.0042355087093661915,NO
263,50,0.0042355087093661915,NO
264,98,0.004267907773286579,NO
265,143,0.004311662449575334,NO
266,43,0.0042355087093661915,NO
267,42,0.0042355087093661915,NO
268,56,0.0042355087093661915,NO
269,44,0.0042355087093661915,NO
270,26,0.0042355087093661915,NO
271,254,0.004434701670358021,NO
272,16883,0.006284904304722327,NO
273,74,0.004267907773286579,NO
274,153,0.004311662449575334,NO
275,68,0.0042355087093661915,NO
276,100,0.004267907773286579,NO
277,550,0.005133164810283088,NO
278,437,0.004838798702482136,NO
279,1038,0.008044649144214449,NO
280,104,0.004267907773286579,NO
281,332,0.0046085344055035995,NO
282,123,0.004311662449575334,NO
283,106,0.004267907773286579,NO
284,106,0.004267907773286579,NO
285,94,0.004267907773286579,NO
286,101,0.004267907773286579,NO
287,38,0.0042355087093661915,NO
288,628,0.00550175626926559,YES
289,32,0.0042355087093661915,NO
290,111,0.004267907773286579,NO
291,35,0.0042355087093661915,NO
292,90,0.004267907773286579,NO
293,27,0.0042355087093661915,NO
294,28,0.0042355087093661915,NO
295,92,0.004267907773286579,NO
296,979,0.8925821676154424,YES
297,67,0.0042355087093661915,NO
298,29,0.0042355087093661915,NO
299,105,0.004267907773286579,NO
300,72,0.0042355087093661915,NO
301,37,0.0042355087093661915,NO
302,47,0.0042355087093661915,NO
303,31,0.0042355087093661915,NO
304,90,0.004267907773286579,NO
305,223,0.004434701670358021,NO
306,214,0.004367114833110172,NO
307,107,0.004267907773286579,NO
308,37,0.0042355087093661915,NO
309,27,0.0042355087093661915,NO
310,48,0.0042355087093661915,NO
311,167,0.004311662449575334,NO
312,213,0.004367114833110172,NO
313,867,0.00684382900396333,NO
314,159,0.004311662449575334,NO
315,100,0.004267907773286579,NO
316,96,0.004267907773286579,NO
317,842,0.006517998913896517,NO
318,535,0.005133164810283088,NO
319,83,0.004267907773286579,NO
320,63,0.0042355087093661915,NO
321,76,0.004267907773286579,NO
322,202,0.004367114833110172,NO
323,155,0.004311662449575334,NO
324,1263,0.011080757872254118,NO
325,74,0.004267907773286579,NO
326,101,0.004267907773286579,NO
327,27,0.0042355087093661915,NO
328,22,0.004214213394354365,NO
329,491,0.004977399678787853,NO
330,62,0.0042355087093661915,NO
331,59,0.0042355087093661915,NO
332,99,0.004267907773286579,NO
333,27,0.0042355087093661915,NO
334,77,0.004267907773286579,NO
335,863,0.88198918982657,YES
336,64,0.0042355087093661915,NO
337,45,0.0042355087093661915,NO
338,63,0.0042355087093661915,NO
339,54,0.0042355087093661915,NO
340,64,0.0042355087093661915,NO
341,132,0.004311662449575334,NO
342,182,0.004367114833110172,NO
343,70,0.0042355087093661915,NO
344,36,0.0042355087093661915,NO
345,58,0.0042355087093661915,NO
346,62,0.0042355087093661915,NO
347,132,0.004311662449575334,NO
348,74,0.004267907773286579,NO
349,86,0.004267907773286579,NO
350,74,0.004267907773286579,NO
351,48,0.0042355087093661915,NO
352,74,0.004267907773286579,NO
353,86,0.004267907773286579,NO
354,355,0.0046085344055035995,NO
355,53,0.0042355087093661915,NO
356,804,0.006223588569606763,NO
357,75,0.004267907773286579,NO
358,125,0.004311662449575334,NO
359,200,0.004367114833110172,NO
360,134,0.004311662449575334,NO
361,57,0.0042355087093661915,NO
362,123,0.004311662449575334,NO
363,266,0.004434701670358021,YES
364,162,0.004311662449575334,NO
365,130,0.004311662449575334,YES
366,108,0.004267907773286579,YES
367,354,0.0046085344055035995,YES
368,88,0.004267907773286579,YES
369,28,0.0042355087093661915,NO
370,58,0.0042355087093661915,NO
371,308,0.004514960041430328,YES
372,343,0.0046085344055035995,YES
373,103,0.004267907773286579,NO
374,35,0.0042355087093661915,NO
375,98,0.004267907773286579,NO
376,117,0.004267907773286579,NO
