ID, Size, Predicted, Actual
0,215,0.9999819587784102,NO
1,273,0.9999083771651819,YES
2,460,0.9998530552828594,YES
3,138,0.9998278337049323,NO
4,358,0.9998291628269702,NO
5,1154,1.0,YES
6,51,0.9978220191050626,NO
7,157,0.997082065028375,NO
8,31,0.996297737817482,NO
9,1009,0.9999999838727269,YES
10,193,0.998036358762162,NO
11,83,0.9978830011089811,YES
12,262,0.9895647139675798,NO
13,638,0.9999305045576588,YES
14,40,0.9783688047565685,NO
15,374,0.9959126202891759,NO
16,390,0.9781962173168802,NO
17,51,0.9751922283339456,NO
18,579,0.9999126834478957,YES
19,32,0.9710158113686191,NO
20,66,0.9843903156727691,NO
21,260,0.999831358202596,YES
22,596,0.9999998290499036,NO
23,198,0.9997839511393893,NO
24,50,0.9472152026032482,NO
25,27,0.974300058225847,NO
26,926,1.0,YES
27,60,0.9381869661113709,NO
28,62,0.93621958124687,NO
29,87,0.9360635304382502,NO
30,52,0.9345169886210746,NO
31,297,0.9999997989649764,YES
32,163,0.967278892059048,NO
33,118,0.9846916389840172,NO
34,83,0.9837579485693404,NO
35,147,0.9236209530276823,NO
36,58,0.92077208962983,NO
37,44,0.9203928740557769,NO
38,106,0.999984119515342,YES
39,192,0.9999997353172138,YES
40,151,0.953043753176945,NO
41,352,0.9999560355452812,YES
42,752,0.9999999961049425,YES
43,877,0.9999975880382165,YES
44,319,0.9932611761775493,NO
45,27,0.905420165364925,NO
46,55,0.6546368510594169,NO
47,94,0.9043939156254401,NO
48,191,0.6486102453290826,NO
49,90,0.8529637244629501,NO
50,90,0.8974449513276439,NO
51,271,0.8945867781800787,NO
52,138,0.8859268733475273,NO
53,79,0.8816630289725118,NO
54,82,0.5917996711163307,NO
55,147,0.9115250698259986,NO
56,422,0.9086040943454852,NO
57,1026,1.0,YES
58,530,1.0,YES
59,189,0.8265352959542669,NO
60,167,0.9997502452555967,YES
61,86,0.41521180737491054,NO
62,195,0.9999835463318774,YES
63,374,0.9825636815480181,NO
64,573,0.9967008863484161,NO
65,126,0.7561080306410288,NO
66,106,0.6840083458608333,NO
67,109,0.6289459603576816,NO
68,85,0.6193778565239513,NO
69,237,0.5768116523791698,NO
70,345,0.5656543257670708,YES
71,47,0.5187031379216981,NO
72,781,0.993791779955772,YES
73,27,0.12013594494602854,NO
74,89,0.12094722779646909,NO
75,300,1.0,YES
76,166,1.0,YES
77,92,0.6166649368986657,NO
78,497,1.0,YES
79,93,0.6041391672397518,NO
80,244,0.6508636142332165,NO
81,183,0.9982332288278886,YES
82,252,0.09346008565318338,NO
83,109,0.5008903182919816,NO
84,607,1.0,YES
85,565,0.9999840456901752,YES
86,69,0.2967851301076577,NO
87,77,0.06169037449797114,NO
88,97,0.9971852591125889,YES
89,343,0.26010957613175634,NO
90,214,0.06169058560265231,NO
91,79,0.05998238648744117,NO
92,25,0.05955233626763806,NO
93,84,0.05924321761050124,NO
94,34,0.05881813534217857,NO
95,33,0.05881813534217857,NO
96,104,0.05924321761050124,NO
97,172,0.060156485798153775,NO
98,70,0.05807989539602272,NO
99,140,0.05870326761869208,NO
100,156,0.0583561927114795,NO
101,142,0.2350457659793108,NO
102,152,0.23148332843305353,NO
103,31,0.228314857654846,NO
104,60,0.22483019761607925,NO
105,60,0.22483019761607925,NO
106,876,0.3111084372564711,NO
107,61,0.20052303224729276,NO
108,185,0.20391269596002146,NO
109,264,0.20426497934037527,NO
110,248,0.04608044550039295,NO
111,286,0.9719331212835782,YES
112,185,0.96776199689343,NO
113,194,0.21423650191394564,NO
114,346,0.21619747718280732,NO
115,309,0.15476097786466092,NO
116,363,1.0,YES
117,84,0.17245783730928632,NO
118,53,0.026674661264469247,NO
119,132,0.027143269632477564,NO
120,4088,0.9988425346930654,NO
121,721,1.0,YES
122,47,0.00756978815095217,NO
123,101,7.277134653164705E-4,NO
124,517,0.9947051769723894,YES
125,327,0.002766721340781666,NO
126,274,0.379026752585586,NO
127,136,0.012839854621790547,NO
128,56,4.5338603826227693E-4,NO
129,74,0.012632190696257655,NO
130,361,0.9993555958305067,YES
131,174,0.010257944701974475,NO
132,148,0.010128453166467967,NO
133,92,2.8748200433035436E-4,NO
134,45,0.0030483491369839456,NO
135,168,0.0030508942671207025,NO
136,77,2.0936876467015256E-4,NO
137,666,2.7279072510342985E-4,NO
138,88,2.01286263788081E-4,NO
139,263,0.001012851218152959,NO
140,54,0.006980247729125599,NO
141,51,9.250315304110114E-4,NO
142,132,9.396633499779396E-4,NO
143,160,9.232713048286256E-4,NO
144,152,0.0026282402450485986,NO
145,39,0.006705866806710747,NO
146,677,0.0011488985156518773,NO
147,131,1.692084855163985E-4,NO
148,47,1.662076665334997E-4,NO
149,129,0.0025213621064192867,NO
150,43,1.62992978766681E-4,NO
151,257,0.47555612036733413,YES
152,356,7.463836468532004E-4,NO
153,62,0.0021114401720902817,NO
154,45,1.3203944750795997E-4,NO
155,97,1.2478502477856525E-4,NO
156,476,1.012370143108705E-4,NO
157,77,8.660509844708032E-5,NO
158,69,8.594491149915181E-5,NO
159,104,8.646826946199245E-5,NO
160,115,8.60888366966189E-5,NO
161,421,9.65420930548052E-5,NO
162,61,8.445527565991767E-5,NO
163,2009,0.014813501374320727,NO
164,179,8.193176799000633E-5,NO
165,106,8.006270896485704E-5,NO
166,33,7.945239040829778E-5,NO
167,657,1.0169874014995856E-4,NO
168,295,8.278715196313079E-5,NO
169,872,1.227781010455889E-4,NO
170,444,8.600565771272078E-5,NO
171,168,7.606405436401972E-5,NO
172,752,1.0349762203412512E-4,NO
173,135,7.457437432983085E-5,NO
174,1126,1.5309709535627386E-4,NO
175,163,7.229385361407443E-5,NO
176,184,7.291671072846734E-5,NO
177,51,7.041286351361631E-5,NO
178,25,7.041286351361631E-5,NO
179,180,7.241384226409609E-5,NO
180,64,7.012211178609974E-5,NO
181,101,7.036153938781428E-5,NO
182,512,8.109088633656484E-5,NO
183,187,7.090962470218166E-5,NO
184,56,6.876377068900464E-5,NO
185,39,6.876377068900464E-5,NO
186,261,7.131157439741682E-5,NO
187,73,6.790771867885563E-5,NO
188,65,6.790771867885563E-5,NO
189,329,7.339739991308782E-5,NO
190,64,6.743157272136293E-5,NO
191,164,6.827548146665689E-5,NO
192,624,0.0016707700589300876,NO
193,74,6.637208668640162E-5,NO
194,117,6.637208668640162E-5,NO
195,84,6.618967329916672E-5,NO
196,226,0.00132801777059895,NO
197,76,6.555365491271549E-5,NO
198,323,7.0321465978522E-5,NO
199,72,6.460563816955927E-5,NO
200,42,6.451756804345133E-5,NO
201,48,0.003656433721959588,NO
202,89,0.001267051965721097,NO
203,380,0.004060699766965677,NO
204,141,6.441923566721467E-5,NO
205,148,6.398335448305811E-5,NO
206,191,6.472267492652444E-5,NO
207,46,0.0012376255801854607,NO
208,165,6.34565337605686E-5,NO
209,171,0.0012527670570811006,NO
210,56,6.199757914471004E-5,NO
211,179,0.0036950041357366,NO
212,74,0.0012329436324771867,NO
213,36,6.148935240638125E-5,NO
214,37,6.148935240638125E-5,NO
215,34,6.132378307990014E-5,NO
216,34,6.132378307990014E-5,NO
217,38,0.0012166088649717408,NO
218,39,0.0012166088649717408,NO
219,156,6.217419975672583E-5,NO
220,84,6.13718329562956E-5,NO
221,117,0.0035802170029215568,NO
222,94,0.0012108479899627037,NO
223,71,0.0012016280466217554,NO
224,183,0.012811634205386882,NO
225,85,0.0011796955881629265,NO
226,183,0.0012035665017027773,NO
227,70,0.0011606075841279376,NO
228,54,5.7231095823359875E-5,NO
229,160,5.8101995633631826E-5,NO
230,128,2.845538255799598E-4,NO
231,151,0.010412786271229678,NO
232,422,5.945997892272539E-5,NO
233,221,5.4172385318608837E-5,NO
234,50,5.111587870479568E-5,NO
235,42,0.0010739193595088673,NO
236,624,0.0013753167706163868,NO
237,377,0.0035222659287062674,NO
238,382,0.22820628245284091,YES
239,72,4.910498703614143E-5,NO
240,92,4.942464713328591E-5,NO
241,282,5.1948261164383486E-5,NO
242,371,5.378614128950579E-5,NO
243,47,4.8281173740020716E-5,NO
244,108,0.0010399600882273913,NO
245,111,4.832934749007673E-5,NO
246,319,0.0033597701083745712,NO
247,129,0.003065577223604872,NO
248,49,4.586164517568427E-5,NO
249,358,0.005763469792127819,NO
250,277,0.007866727557909252,NO
251,49,9.606018208906954E-4,NO
252,89,4.42774903174143E-5,NO
253,41,4.370341431022041E-5,NO
254,66,9.576867853714007E-4,NO
255,63,4.370341431022041E-5,NO
256,24,4.3482761710203296E-5,NO
257,50,4.35823540193405E-5,NO
258,72,9.555770484559094E-4,NO
259,47,4.348625658221746E-5,NO
260,47,9.555770484559094E-4,NO
261,183,0.0053236313845254025,NO
262,49,4.308014537987693E-5,NO
263,50,4.2960852485482225E-5,NO
264,98,9.568213329899162E-4,NO
265,143,4.364102285479699E-5,NO
266,43,4.2866977955978906E-5,NO
267,42,4.275034323172001E-5,NO
268,56,4.275034323172001E-5,NO
269,44,4.270121935261515E-5,NO
270,26,4.25830163237211E-5,NO
271,254,0.009591328056177767,NO
272,16883,0.010287847612096003,NO
273,74,8.561694233001062E-6,NO
274,153,2.5738442801939514E-4,NO
275,68,8.756207661274685E-4,NO
276,100,8.511865879520862E-6,NO
277,550,1.0090483379772773E-5,NO
278,437,9.422774395125326E-6,NO
279,1038,4.6505846942298233E-4,NO
280,104,8.094375447325897E-6,NO
281,332,8.666239761516779E-6,NO
282,123,8.08347511147142E-6,NO
283,106,7.955758716886431E-6,NO
284,106,4.001074998449004E-5,NO
285,94,7.927059735415713E-6,NO
286,101,7.881585059983385E-6,NO
287,38,7.80143119696189E-6,NO
288,628,0.0010926305930534308,YES
289,32,7.720700788889479E-6,NO
290,111,7.758830539997332E-6,NO
291,35,2.3746760620274826E-4,NO
292,90,7.738297292966188E-6,NO
293,27,7.67659123950629E-6,NO
294,28,7.67659123950629E-6,NO
295,92,0.0024097930450105807,NO
296,979,0.06746898682175843,YES
297,67,7.409122897867959E-6,NO
298,29,2.3218152553069002E-4,NO
299,105,7.466040675572901E-6,NO
300,72,7.387193104900159E-6,NO
301,37,2.3138950751472225E-4,NO
302,47,7.383305961497203E-6,NO
303,31,7.363796654953892E-6,NO
304,90,2.3304400379219292E-4,NO
305,223,0.004516055877036811,NO
306,214,8.417103048788856E-4,NO
307,107,2.2985154157282849E-4,NO
308,37,7.2532943381619325E-6,NO
309,27,7.234747886954183E-6,NO
310,48,7.231092105147681E-6,NO
311,167,7.3222830856265356E-6,NO
312,213,0.0016112152817000442,NO
313,867,1.1442717017705866E-5,NO
314,159,8.168577635886912E-4,NO
315,100,2.2622848842072742E-4,NO
316,96,2.2616637684330824E-4,NO
317,842,3.4243144316206176E-4,NO
318,535,4.150084686443873E-5,NO
319,83,6.851086367328884E-6,NO
320,63,6.798856696233868E-6,NO
321,76,2.2140803363618084E-4,NO
322,202,6.948935058344878E-6,NO
323,155,6.8603179734038374E-6,NO
324,1263,1.7062027304913512E-5,NO
325,74,2.152925617388011E-4,NO
326,101,2.152085296054979E-4,NO
327,27,6.456973301251179E-6,NO
328,22,6.4243717123178895E-6,NO
329,491,7.527603282592658E-6,NO
330,62,6.400834316392677E-6,NO
331,59,6.399171081279343E-6,NO
332,99,6.448330337078014E-6,NO
333,27,2.114394968986548E-4,NO
334,77,2.1302381614865434E-4,NO
335,863,0.9747206579850599,YES
336,64,2.0847723845723314E-4,NO
337,45,6.206349036477245E-6,NO
338,63,2.0780314238507793E-4,NO
339,54,6.204912033327566E-6,NO
340,64,2.0780314238507793E-4,NO
341,132,6.283360797369544E-6,NO
342,182,3.19301620271021E-5,NO
343,70,6.1518336339642255E-6,NO
344,36,6.1518336339642255E-6,NO
345,58,2.0704186643235122E-4,NO
346,62,6.135697605052581E-6,NO
347,132,6.22962365120622E-6,NO
348,74,6.147613144007798E-6,NO
349,86,6.146305765207241E-6,NO
350,74,6.130713521141939E-6,NO
351,48,2.0567189908157413E-4,NO
352,74,6.098131261601523E-6,NO
353,86,6.098131261601523E-6,NO
354,355,2.223499723958225E-4,NO
355,53,6.001099350199341E-6,NO
356,804,8.64454903541647E-6,NO
357,75,2.038059247325675E-4,NO
358,125,0.002233584017521203,NO
359,200,0.0029803250822423135,NO
360,134,0.001475754026842301,NO
361,57,1.9959568866859085E-4,NO
362,123,2.0319919374001642E-4,NO
363,266,6.013151591782735E-6,YES
364,162,5.8142512253808006E-6,NO
365,130,2.012315749056757E-4,YES
366,108,5.738486346916354E-6,YES
367,354,6.163446089328884E-6,YES
368,88,5.675707633464274E-6,YES
369,28,5.632438482732687E-6,NO
370,58,5.6320546058564395E-6,NO
371,308,5.956273996344679E-6,YES
372,343,2.1039194016783907E-4,YES
373,103,1.9477781122817487E-4,NO
374,35,5.469478155126279E-6,NO
375,98,1.9477781122817487E-4,NO
376,117,5.511495429581281E-6,NO
