ID, Size, Predicted, Actual
0,215,0.999993950380985,NO
1,273,0.9999704955508364,NO
2,460,0.9999543855971166,NO
3,138,0.9999462543358174,NO
4,358,0.9999472538768548,NO
5,1154,1.0,YES
6,51,0.9994554414538448,NO
7,157,0.999279310558604,NO
8,31,0.999110855087995,NO
9,1009,0.9999952007091575,NO
10,193,0.9995524000573845,NO
11,83,0.9995195777590953,YES
12,262,0.9977045900177638,NO
13,638,0.9999817177803063,NO
14,40,0.9955112845804895,NO
15,374,0.9991451262376322,NO
16,390,0.9955588871610648,NO
17,51,0.9949106528990067,NO
18,579,0.9999777702019109,YES
19,32,0.9941273864621936,NO
20,66,0.9968024694565161,NO
21,260,0.9999578503679566,NO
22,596,0.9999999236281307,NO
23,198,0.9999473357081724,NO
24,50,0.9897156049940525,NO
25,27,0.9949856604732146,NO
26,926,1.0,YES
27,60,0.9880466405069499,NO
28,62,0.9876860038263119,NO
29,87,0.9876612847148363,NO
30,52,0.9873716992949533,NO
31,297,0.9999999575864325,YES
32,163,0.9937624735424254,NO
33,118,0.9971053086243431,NO
34,83,0.9969419333367575,NO
35,147,0.9853669721041481,NO
36,58,0.984819156957095,NO
37,44,0.9847514665998023,NO
38,106,0.9968513916589554,NO
39,192,0.999999945557543,YES
40,151,0.9917689874899209,NO
41,352,0.9999934699112504,YES
42,752,0.9999999989679149,YES
43,877,0.9995242397011428,NO
44,319,0.9987272270256159,NO
45,27,0.9837346206399232,NO
46,55,0.9252684111144742,NO
47,94,0.9835564642487691,NO
48,191,0.9237434511630369,NO
49,90,0.9736992662880859,NO
50,90,0.9823555920320768,NO
51,271,0.9819978231618398,NO
52,138,0.9803720043037264,NO
53,79,0.9794546898386514,NO
54,82,0.9063471628309143,NO
55,147,0.9849052310599745,NO
56,422,0.9846396855648223,NO
57,1026,1.0,YES
58,530,0.9999997561035906,YES
59,189,0.9697339656714997,NO
60,167,0.9999674066091604,YES
61,86,0.8335473130538559,NO
62,195,0.999997477322297,YES
63,374,0.9969887932221153,NO
64,573,0.9994160725504436,NO
65,126,0.9559944269306829,NO
66,106,0.9386739808846166,NO
67,109,0.9240467116327362,NO
68,85,0.9214131383148582,NO
69,237,0.90904372065443,NO
70,345,0.9059668061780197,NO
71,47,0.8888399656226017,NO
72,781,0.9989971757038504,NO
73,27,0.5186499269208795,NO
74,89,0.5204389754623124,NO
75,300,0.9999918671856478,YES
76,166,1.0,YES
77,92,0.9242854850089965,NO
78,497,1.0,YES
79,93,0.9208687128578985,NO
80,244,0.9340748117170075,NO
81,183,0.8033839632091256,NO
82,252,0.45367527892820714,NO
83,109,0.8864586371734572,NO
84,607,0.9999989267150245,YES
85,565,0.9999978282873583,YES
86,69,0.7730221122098271,NO
87,77,0.3510828853349592,NO
88,97,0.7241740296984187,NO
89,343,0.7378183937502117,NO
90,214,0.35145567264534294,NO
91,79,0.34464538586846366,NO
92,25,0.3430283846634209,NO
93,84,0.341836065862794,NO
94,34,0.34022540264539547,NO
95,33,0.34022540264539547,NO
96,104,0.341836065862794,NO
97,172,0.3457064774408912,NO
98,70,0.3373894485639519,NO
99,140,0.3398993076413096,NO
100,156,0.3384740053597814,NO
101,142,0.7107044718822306,NO
102,152,0.7068183659461145,NO
103,31,0.7031962679614752,NO
104,60,0.6992574057181008,NO
105,60,0.6992574057181008,NO
106,876,0.7936800422245112,NO
107,61,0.6695161370282228,NO
108,185,0.6742330720853729,NO
109,264,0.6750591546354403,NO
110,248,0.28840770637826496,NO
111,286,0.9956277449705866,YES
112,185,0.9949868379153299,NO
113,194,0.6949983382307644,NO
114,346,0.6990131009573466,NO
115,309,0.6014624447335873,NO
116,363,0.9999999993071144,YES
117,84,0.6390236576457221,NO
118,53,0.19034872472848963,NO
119,132,0.1930473643497284,NO
120,4088,0.9999731346437934,NO
121,721,0.9999977776611334,YES
122,47,0.06474785795143305,NO
123,101,0.006507433564181532,NO
124,517,0.9993943449942905,YES
125,327,0.023777313401036244,NO
126,274,0.8171458579372725,NO
127,136,0.10543095361741471,NO
128,56,0.004088248192321248,NO
129,74,0.10390456124519072,NO
130,361,0.9125773594264429,NO
131,174,0.08671660010697578,NO
132,148,0.08566659407096026,NO
133,92,0.0026028082812411465,NO
134,45,0.027888072386252474,NO
135,168,0.02791209126839409,NO
136,77,0.001897925460293456,NO
137,666,0.002553173103268994,NO
138,88,0.001824561648045163,NO
139,263,0.00883464555791992,NO
140,54,0.06117625928023549,NO
141,51,0.008060116903199547,NO
142,132,0.008183530663971062,NO
143,160,0.008039044326137062,NO
144,152,0.024190273577006323,NO
145,39,0.058947293898829176,NO
146,677,0.010303736412717845,NO
147,131,0.001530263314355672,NO
148,47,0.0015038820528431728,NO
149,129,0.02324290591940036,NO
150,43,0.0014743746647558277,NO
151,257,0.8995304542243064,YES
152,356,0.006516739070692838,NO
153,62,0.01958791482134807,NO
154,45,0.001191913135335931,NO
155,97,0.0011245371144446108,NO
156,476,9.174484299795301E-4,NO
157,77,7.741861203237747E-4,NO
158,69,7.686614967011188E-4,NO
159,104,7.729463045646997E-4,NO
160,115,7.694648227520104E-4,NO
161,421,8.714765934343889E-4,NO
162,61,7.549628606389375E-4,NO
163,2009,0.16977915745394825,NO
164,179,7.309883341074353E-4,NO
165,106,7.139649131608144E-4,NO
166,33,7.088697256538647E-4,NO
167,657,9.311505043990101E-4,NO
168,295,7.398815884221847E-4,NO
169,872,0.0011591175272734025,NO
170,444,7.734874411988486E-4,NO
171,168,6.769011449925301E-4,NO
172,752,9.562442592966579E-4,NO
173,135,6.631656203942656E-4,NO
174,1126,0.0015067130027849231,NO
175,163,6.42153303737277E-4,NO
176,184,6.479155351968529E-4,NO
177,51,6.25557389149778E-4,NO
178,25,6.25557389149778E-4,NO
179,180,6.432483232310186E-4,NO
180,64,6.228597987877828E-4,NO
181,101,6.245950748765322E-4,NO
182,512,7.293977698443623E-4,NO
183,187,6.293732437117084E-4,NO
184,56,6.103274772265241E-4,NO
185,39,6.103274772265241E-4,NO
186,261,6.333148270960535E-4,NO
187,73,6.024208008722243E-4,NO
188,65,6.024208008722243E-4,NO
189,329,6.538244899651604E-4,NO
190,64,5.980412896337061E-4,NO
191,164,6.050725746418173E-4,NO
192,624,0.01596343363779309,NO
193,74,5.877718825275198E-4,NO
194,117,5.877718825275198E-4,NO
195,84,5.860828116667403E-4,NO
196,226,0.01240686116488619,NO
197,76,5.80211772577358E-4,NO
198,323,6.252909561994303E-4,NO
199,72,5.719407954765265E-4,NO
200,42,5.711248099356724E-4,NO
201,48,0.033078807709804155,NO
202,89,0.011823231351973783,NO
203,380,0.03685685443354469,NO
204,141,5.694578354020278E-4,NO
205,148,5.65421436624686E-4,NO
206,191,5.72196652762316E-4,NO
207,46,0.011553880777413443,NO
208,165,5.605620038715391E-4,NO
209,171,0.011686841005433364,NO
210,56,5.477946420440172E-4,NO
211,179,0.03340687697608299,NO
212,74,0.011502248185305972,NO
213,36,5.43107018066553E-4,NO
214,37,5.43107018066553E-4,NO
215,34,5.41569661510934E-4,NO
216,34,5.41569661510934E-4,NO
217,38,0.011355564050303087,NO
218,39,0.011355564050303087,NO
219,156,5.487179757956036E-4,NO
220,84,5.41566461583997E-4,NO
221,117,0.03237001743304775,NO
222,94,0.011293765077174714,NO
223,71,0.011214014778022804,NO
224,183,0.10454380297502196,NO
225,85,0.010998853196302087,NO
226,183,0.011224848376065253,NO
227,70,0.010826488630367018,NO
228,54,5.036386188712347E-4,NO
229,160,5.110010769589396E-4,NO
230,128,0.0024128178727922294,NO
231,151,0.08680409668111604,NO
232,422,5.255623439452335E-4,NO
233,221,4.7450778680044304E-4,NO
234,50,4.4700547560416856E-4,NO
235,42,0.010003171454352913,NO
236,624,0.013112981133458068,NO
237,377,0.03200451936564781,NO
238,382,0.002334813133015635,NO
239,72,4.284324924573747E-4,NO
240,92,4.309714529641713E-4,NO
241,282,4.5415947420719607E-4,NO
242,371,4.720502323654027E-4,NO
243,47,4.2083536303251474E-4,NO
244,108,0.00967212770632057,NO
245,111,4.209062349083742E-4,NO
246,319,0.03046601981633906,NO
247,129,0.02771102133592233,NO
248,49,3.984761815063146E-4,NO
249,358,0.050630867147030904,NO
250,277,0.06720515229038945,NO
251,49,0.008921306113040806,NO
252,89,3.8341456494391034E-4,NO
253,41,3.785182825843141E-4,NO
254,66,0.008894579622233646,NO
255,63,3.785182825843141E-4,NO
256,24,3.769757650423802E-4,NO
257,50,3.7742773986892237E-4,NO
258,72,0.008873234400178565,NO
259,47,3.765142235434845E-4,NO
260,47,0.008873234400178565,NO
261,183,0.04667519073059897,NO
262,49,3.727692168571232E-4,NO
263,50,3.7169541787431275E-4,NO
264,98,0.008877561073026027,NO
265,143,3.77313932765509E-4,NO
266,43,3.708017768983288E-4,NO
267,42,3.6974069672935115E-4,NO
268,56,3.6974069672935115E-4,NO
269,44,3.6927380262104443E-4,NO
270,26,3.682102534267024E-4,NO
271,254,0.08017514284102176,NO
272,16883,0.06324389797206321,NO
273,74,4.8328167738101406E-5,NO
274,153,0.0016472790184932598,NO
275,68,0.005559946087661878,NO
276,100,4.8020486982581855E-5,NO
277,550,5.780894056154563E-5,NO
278,437,5.353763594863493E-5,NO
279,1038,0.003218937467280808,NO
280,104,4.533778612271771E-5,NO
281,332,4.872755409018173E-5,NO
282,123,4.522123964062708E-5,NO
283,106,4.445777185426864E-5,NO
284,106,2.1618873768448936E-4,NO
285,94,4.426524834821724E-5,NO
286,101,4.398576607070146E-5,NO
287,38,4.35509907352424E-5,NO
288,628,0.0070653009247857316,NO
289,32,4.300913144393591E-5,NO
290,111,4.3194715631171143E-5,NO
291,35,0.0015082855055406407,NO
292,90,4.30725563615912E-5,NO
293,27,4.2738339580295276E-5,NO
294,28,4.2738339580295276E-5,NO
295,92,0.01474852843031096,NO
296,979,3.88775764876243E-4,NO
297,67,4.1021747415993136E-5,NO
298,29,0.0014696388385305374,NO
299,105,4.1316800484787995E-5,NO
300,72,4.0881944282353296E-5,NO
301,37,0.0014642714692695345,NO
302,47,4.0851998258333484E-5,NO
303,31,4.0736541204632356E-5,NO
304,90,0.0014737095576688045,NO
305,223,0.026784834949059318,NO
306,214,0.005281893336262363,NO
307,107,0.0014512664185447378,NO
308,37,4.001731904520876E-5,NO
309,27,3.9906943758925624E-5,NO
310,48,3.987839586421403E-5,NO
311,167,4.03488562051378E-5,NO
312,213,0.009948193692283704,NO
313,867,6.671581408636313E-5,NO
314,159,0.005108639176450732,NO
315,100,0.0014242027083383759,NO
316,96,0.0014234072169474203,NO
317,842,0.0022648368950608368,NO
318,535,2.2314598130047478E-4,NO
319,83,3.742142350255579E-5,NO
320,63,3.715418721082422E-5,NO
321,76,0.0013891509686686755,NO
322,202,3.7925038236712536E-5,NO
323,155,3.742281738456685E-5,NO
324,1263,1.058170357990755E-4,NO
325,74,0.0013443535134409418,NO
326,101,0.0013435196358759414,NO
327,27,3.4969922797337374E-5,NO
328,22,3.482736645363959E-5,NO
329,491,4.1258626687774344E-5,NO
330,62,3.461910007328639E-5,NO
331,59,3.460054681110453E-5,NO
332,99,3.4849416354454444E-5,NO
333,27,0.0013191716558362675,NO
334,77,0.0013280000091171118,NO
335,863,0.15825337919904564,NO
336,64,0.0012964745445336265,NO
337,45,3.33769840006652E-5,NO
338,63,0.0012919217439070366,NO
339,54,3.3359859742806946E-5,NO
340,64,0.0012919217439070366,NO
341,132,3.375394723760915E-5,NO
342,182,1.658477098753792E-4,NO
343,70,3.3028846433162604E-5,NO
344,36,3.3028846433162604E-5,NO
345,58,0.0012861014343807083,NO
346,62,3.293579449162104E-5,NO
347,132,3.3419056283575145E-5,NO
348,74,3.295075390484903E-5,NO
349,86,3.293435072723855E-5,NO
350,74,3.284387155748127E-5,NO
351,48,0.0012764973871783076,NO
352,74,3.265817631258565E-5,NO
353,86,3.265817631258565E-5,NO
354,355,0.001384079610456997,NO
355,53,3.209328632626113E-5,NO
356,804,4.813377807094121E-5,NO
357,75,0.0012596888166782655,NO
358,125,0.01335505916764521,NO
359,200,0.017623938374744352,NO
360,134,0.00893962920701695,NO
361,57,0.001232426525186121,NO
362,123,0.0012540518651597533,NO
363,266,3.191283087187156E-5,NO
364,162,3.0791125205651033E-5,NO
365,130,0.0012390710171255245,NO
366,108,3.0375921284063984E-5,NO
367,354,3.274611375317156E-5,NO
368,88,2.9995786130037335E-5,NO
369,28,2.978157670122754E-5,NO
370,58,2.976986716918285E-5,NO
371,308,3.152633238402244E-5,NO
372,343,0.001295661057583788,NO
373,103,0.0011936971100588202,NO
374,35,2.8746600997737083E-5,NO
375,98,0.0011936971100588202,NO
376,117,2.8953366390346115E-5,NO
