ID, Size, Predicted, Actual
0,227,0.01,NO
1,276,0.015,NO
2,460,0.8412896825396825,NO
3,138,0.506261544011544,NO
4,352,1.0,NO
5,23,0.0,NO
6,56,0.22473932624088092,NO
7,51,0.0,NO
8,22,0.0,NO
9,44,0.0,NO
10,111,0.0,NO
11,71,0.003095238095238095,NO
12,196,0.8020670995670997,NO
13,39,0.0,NO
14,124,0.0075,NO
15,38,0.41941674576195903,NO
16,22,0.0,NO
17,44,0.0,NO
18,368,1.0,NO
19,22,0.0,NO
20,285,0.67,NO
21,21,0.0,NO
22,22,0.0,NO
23,208,0.8340624098124099,NO
24,55,0.0,NO
25,21,0.0,NO
26,288,1.0,NO
27,47,0.0,NO
28,54,0.0,NO
29,105,0.8167387048575855,NO
30,483,0.97,NO
31,35,0.30003108853650634,NO
32,142,0.0,NO
33,95,0.026926406926406923,NO
34,164,0.034372294372294374,NO
35,70,0.0,NO
36,22,0.0,NO
37,26,0.0,NO
38,21,0.0,NO
39,56,0.22473932624088092,NO
40,102,0.08239779664779662,NO
41,107,0.0,NO
42,67,0.0,NO
43,39,0.0,NO
44,52,0.6676346256942234,NO
45,20,0.0,NO
46,42,0.0,NO
47,36,0.34260847030506464,NO
48,30,0.0,NO
49,71,0.003095238095238095,NO
50,57,0.0,NO
51,31,0.0,NO
52,20,0.0,NO
53,90,0.546019643087621,NO
54,52,0.6676346256942234,NO
55,108,0.6017535829323756,NO
56,20,0.0,NO
57,93,0.3377738844477638,NO
58,52,0.6676346256942234,NO
59,117,0.34172256514555277,NO
60,20,0.0,NO
61,31,0.0,NO
62,109,0.596517884420361,NO
63,44,0.0,NO
64,72,0.191823541296606,NO
65,99,0.42431199356199356,NO
66,103,0.3304031329437676,NO
67,20,0.0,NO
68,71,0.003095238095238095,NO
69,140,0.0,NO
70,1579,0.47,NO
71,45,0.3382579091440582,NO
72,282,0.1,NO
73,2582,0.01,NO
74,242,0.8793333333333333,NO
75,55,0.0,NO
76,204,0.4987682317682318,NO
77,59,0.0,NO
78,102,0.08239779664779662,NO
79,34,0.0,NO
80,83,0.4408727455102739,NO
81,114,0.7507889610389612,NO
82,60,0.41281870193167125,NO
83,461,0.891241341991342,NO
84,87,0.4744815462315463,NO
85,130,0.8897465782710432,NO
86,49,0.0,NO
87,123,0.3821242923742923,NO
88,101,0.38284331251376125,NO
89,1350,0.708,NO
90,455,0.5282839105339106,NO
91,40,0.0,NO
92,518,0.365,NO
93,371,0.02,NO
94,49,0.0,NO
95,490,0.13523809523809527,NO
96,32,0.4930612640713259,NO
97,73,0.0021212121212121214,NO
98,633,0.26225000000000004,NO
99,780,0.98,NO
100,470,0.1,NO
101,1015,0.48,NO
102,278,0.0,NO
103,31,0.0,NO
104,36,0.34260847030506464,NO
105,58,0.242050434000266,NO
106,172,0.06666666666666665,NO
107,86,0.0,NO
108,162,0.5918406421579795,NO
109,53,0.0,NO
110,415,0.06383333333333333,NO
111,200,0.010476190476190477,NO
112,264,0.594949494949495,NO
113,166,0.08951515151515155,NO
114,38,0.41941674576195903,NO
115,122,0.3821242923742923,NO
116,85,0.32243518572930346,NO
117,66,0.0,NO
118,60,0.41281870193167125,NO
119,37,0.0,NO
120,233,0.09966666666666667,NO
121,37,0.0,NO
122,239,0.04959704184704184,NO
123,40,0.0,NO
124,208,0.8340624098124099,NO
125,210,0.023714285714285716,NO
126,388,0.66,NO
127,22,0.0,NO
128,262,0.24020598845598848,NO
129,306,1.0,NO
130,1438,0.12,NO
131,1469,0.23,NO
132,67,0.0,NO
133,437,0.0,NO
134,223,0.01,NO
135,35,0.30003108853650634,NO
136,53,0.0,NO
137,196,0.8020670995670997,NO
138,108,0.6017535829323756,NO
139,237,0.5756966089466089,NO
140,219,0.0,NO
141,340,0.8282770562770564,NO
142,161,0.2127694144091204,NO
143,136,0.21401757719404782,NO
144,376,0.0,NO
145,388,0.66,NO
146,153,0.4268454323454323,NO
147,114,0.7507889610389612,NO
148,220,0.0,NO
149,453,0.9290039682539682,NO
150,1828,0.02,NO
151,246,0.0,NO
152,636,1.0,NO
153,299,0.25221031746031747,NO
154,259,0.37517460317460316,NO
155,90,0.546019643087621,NO
156,93,0.3377738844477638,NO
157,441,0.0,NO
158,149,0.7601776695526696,NO
159,610,0.6218679653679654,NO
160,123,0.3821242923742923,NO
161,197,0.7900670995670995,NO
162,865,0.6397142857142857,NO
163,596,0.5987103174603174,NO
164,141,0.0,NO
165,179,0.0,NO
166,630,0.9329484126984127,NO
167,402,0.2564047619047619,NO
168,42,0.0,NO
169,42,0.0,NO
170,315,0.7450155122655123,NO
171,85,0.32243518572930346,NO
172,472,0.0,NO
173,106,0.47601826806664277,NO
174,250,0.7229527417027418,NO
175,162,0.5918406421579795,NO
176,236,0.8957063492063492,NO
177,73,0.0021212121212121214,NO
178,104,0.4766995443422284,NO
179,40,0.0,NO
180,98,0.3221524775534062,NO
181,39,0.0,NO
182,38,0.41941674576195903,NO
183,67,0.0,NO
184,76,0.0,NO
185,42,0.0,NO
186,71,0.003095238095238095,NO
187,101,0.38284331251376125,NO
188,59,0.0,NO
189,55,0.0,NO
190,27,0.0,NO
191,89,0.0,NO
192,26,0.0,NO
193,24,0.0,NO
194,485,0.3,NO
195,1651,0.34,NO
196,48,0.0,NO
197,2479,0.01,NO
198,23,0.0,NO
199,115,0.0,NO
200,108,0.6017535829323756,NO
201,346,0.6202460317460318,NO
202,391,0.04,NO
203,22,0.0,NO
204,83,0.4408727455102739,NO
205,51,0.0,NO
206,43,0.23371366987210304,NO
207,54,0.0,NO
208,43,0.23371366987210304,NO
209,47,0.0,NO
210,33,0.0,NO
211,195,0.9101666666666667,NO
212,91,0.6942795815295816,NO
213,110,0.0,NO
214,81,0.853355707244252,NO
215,108,0.6017535829323756,NO
216,109,0.596517884420361,NO
217,90,0.546019643087621,NO
218,131,0.454651098901099,NO
219,95,0.026926406926406923,NO
220,132,0.0,NO
221,176,0.4391655844155842,NO
222,124,0.0075,NO
223,103,0.3304031329437676,NO
224,120,0.7304116161616162,NO
225,149,0.7601776695526696,NO
226,76,0.0,NO
227,89,0.0,NO
228,20,0.0,NO
229,213,0.019404761904761907,NO
230,542,0.36730952380952375,NO
231,233,0.09966666666666667,NO
232,134,0.003928571428571429,NO
233,104,0.4766995443422284,NO
234,121,0.3562936507936508,NO
235,39,0.0,NO
236,41,0.0,NO
237,248,0.006666666666666666,NO
238,215,0.012159090909090908,NO
239,269,0.8458769841269842,NO
240,165,0.4387839391001156,NO
241,277,0.008333333333333333,NO
242,100,0.47136175151257265,NO
243,358,0.0,NO
244,29,0.4287433399933399,NO
245,339,0.41343975468975463,NO
246,719,0.15,NO
247,141,0.0,NO
248,801,0.06,NO
249,77,0.3441039968697513,NO
250,97,0.0,NO
251,380,0.01,NO
252,214,0.39432025490849015,NO
253,38,0.41941674576195903,NO
254,79,0.0,NO
255,25,0.0,NO
256,84,0.23441595251726824,NO
257,34,0.0,NO
258,33,0.0,NO
259,104,0.4766995443422284,NO
260,193,0.7548366894543365,NO
261,70,0.0,NO
262,140,0.0,NO
263,22,0.0,NO
264,158,0.0075,NO
265,142,0.0,NO
266,109,0.596517884420361,NO
267,158,0.0075,NO
268,31,0.0,NO
269,344,0.4336141456582633,NO
270,71,0.003095238095238095,NO
271,84,0.23441595251726824,NO
272,79,0.0,NO
273,881,0.99,NO
274,64,0.36274505654468847,NO
275,199,0.6337261904761904,NO
276,261,0.0,NO
277,155,0.6040473415473416,NO
278,45,0.3382579091440582,NO
279,23,0.0,NO
280,405,0.6247103174603175,NO
281,248,0.006666666666666666,NO
282,599,0.9015663780663781,NO
283,28,0.0,NO
284,452,0.9212261904761905,NO
285,482,0.97,NO
286,434,0.01,NO
287,83,0.4408727455102739,NO
288,393,0.18,NO
289,230,0.99,NO
290,248,0.006666666666666666,NO
291,28,0.0,NO
292,69,0.24758131814242992,NO
293,116,0.1550131992190816,NO
294,100,0.47136175151257265,NO
295,46,0.0,NO
296,226,0.01,NO
297,86,0.0,NO
298,93,0.3377738844477638,NO
299,1935,0.01,NO
300,41,0.0,NO
301,64,0.36274505654468847,NO
302,176,0.4391655844155842,NO
303,334,0.28,NO
304,114,0.7507889610389612,NO
305,66,0.0,NO
306,38,0.41941674576195903,NO
307,46,0.0,NO
308,101,0.38284331251376125,NO
309,144,0.8988373015873016,NO
310,156,0.0,NO
311,113,0.16465079365079363,NO
312,753,0.08,NO
313,397,0.9163015873015873,NO
314,327,0.9242301587301587,NO
315,139,0.002,NO
316,59,0.0,NO
317,78,0.7960637164547762,NO
318,50,0.0,NO
319,483,0.97,NO
320,42,0.0,NO
321,75,0.4761831165910115,NO
322,219,0.0,NO
323,103,0.3304031329437676,NO
324,158,0.0075,NO
325,190,0.0,NO
326,88,0.7670301748363861,NO
327,248,0.006666666666666666,NO
328,276,0.015,NO
329,330,0.8259603174603173,NO
330,69,0.24758131814242992,NO
331,21,0.0,NO
332,39,0.0,NO
333,22,0.0,NO
334,24,0.0,NO
335,62,0.0,NO
336,67,0.0,NO
337,65,0.0,NO
338,63,0.2004388570357214,NO
339,22,0.0,NO
340,60,0.41281870193167125,NO
341,38,0.41941674576195903,NO
342,62,0.0,NO
343,23,0.0,NO
344,79,0.0,NO
345,23,0.0,NO
346,176,0.4391655844155842,NO
347,149,0.7601776695526696,NO
348,23,0.0,NO
349,34,0.0,NO
350,35,0.30003108853650634,NO
351,45,0.3382579091440582,NO
352,293,0.03652777777777778,NO
353,58,0.242050434000266,NO
354,39,0.0,NO
355,57,0.0,NO
356,277,0.008333333333333333,NO
357,468,0.58,NO
358,75,0.4761831165910115,NO
359,666,0.05607142857142858,NO
360,53,0.0,NO
361,145,0.25259920634920635,NO
362,53,0.0,NO
363,398,0.6316746031746031,NO
364,119,0.01380952380952381,NO
365,271,0.9396484533567419,NO
366,175,0.0,NO
367,78,0.7960637164547762,NO
368,415,0.06383333333333333,NO
369,131,0.454651098901099,NO
370,45,0.3382579091440582,NO
371,156,0.0,NO
372,166,0.08951515151515155,NO
373,43,0.23371366987210304,NO
374,74,0.2537239076003053,NO
375,302,0.22,NO
376,494,0.05833333333333334,NO
377,421,0.012571428571428574,NO
378,723,0.03,NO
379,550,0.09,NO
380,493,0.05833333333333334,NO
381,416,0.06383333333333333,NO
382,359,0.0,NO
383,66,0.0,NO
384,62,0.0,NO
385,34,0.0,NO
386,23,0.0,NO
387,41,0.0,NO
388,50,0.0,NO
389,55,0.0,NO
390,1467,0.23,NO
391,187,0.0,NO
392,162,0.5918406421579795,NO
393,23,0.0,NO
394,142,0.0,NO
395,73,0.0021212121212121214,NO
396,108,0.6017535829323756,NO
397,20,0.0,NO
398,61,0.3787041850478384,NO
399,86,0.0,NO
400,84,0.23441595251726824,NO
401,90,0.546019643087621,NO
402,67,0.0,NO
403,20,0.0,NO
404,60,0.41281870193167125,NO
405,88,0.7670301748363861,NO
406,47,0.0,NO
407,76,0.0,NO
408,21,0.0,NO
409,53,0.0,NO
410,114,0.7507889610389612,NO
411,121,0.3562936507936508,NO
412,78,0.7960637164547762,NO
413,20,0.0,NO
414,69,0.24758131814242992,NO
415,80,0.10172557267294108,NO
416,79,0.0,NO
417,81,0.853355707244252,NO
418,88,0.7670301748363861,NO
419,20,0.0,NO
420,105,0.8167387048575855,NO
421,60,0.41281870193167125,NO
422,50,0.0,NO
423,28,0.0,NO
424,129,0.4683126186678818,NO
425,43,0.23371366987210304,NO
426,76,0.0,NO
427,63,0.2004388570357214,NO
428,65,0.0,NO
429,76,0.0,NO
430,45,0.3382579091440582,NO
431,20,0.0,NO
432,126,0.6757435064935065,NO
