ID, Size, Predicted, Actual
0,212,0.9998381299865416,NO
1,274,0.9998378534932123,NO
2,461,0.9999999766741592,YES
3,138,0.9997111489408645,NO
4,358,0.9997058430619163,NO
5,93,0.9999922914895976,NO
6,1371,1.0,YES
7,51,0.9959845985475198,NO
8,45,0.9941957948580108,NO
9,157,0.9943177771425246,NO
10,31,0.9931961683070426,NO
11,1708,0.9999999999999993,YES
12,55,0.9882957950427383,NO
13,204,0.990462555465459,NO
14,55,0.979016562953825,NO
15,103,0.9793817043925344,NO
16,34,0.9787587407662452,NO
17,83,0.9788085933292894,NO
18,488,0.9999999466228668,NO
19,83,0.974264042205682,NO
20,129,0.9742788629871478,NO
21,885,1.0,YES
22,440,0.9999902397345138,NO
23,40,0.9560890225886384,NO
24,391,0.9999960268658634,YES
25,393,0.9999888701712969,NO
26,51,0.949642420670715,NO
27,709,0.9999999920618505,YES
28,32,0.9414146479572042,NO
29,68,0.9414972884994122,YES
30,564,0.9943811849547309,YES
31,588,0.9940263174474054,NO
32,381,0.9999882657693775,YES
33,977,0.9999999998896483,YES
34,275,0.9606541850252012,NO
35,31,0.9037476208936014,NO
36,50,0.8934996097550153,NO
37,27,0.9535374521971699,NO
38,183,0.9870829830501292,NO
39,50,0.8760588060540423,NO
40,62,0.8737585523973076,NO
41,87,0.8719167187910247,NO
42,52,0.8695623503750184,NO
43,419,0.9866401683040817,NO
44,224,0.8619462487561668,NO
45,118,0.8563656527928264,YES
46,83,0.8472351583437858,NO
47,147,0.8499152133259358,NO
48,120,0.9828308248535208,NO
49,58,0.8427683761225079,NO
50,44,0.8427683761225079,NO
51,106,0.8447812380814814,NO
52,238,0.8425687658379992,NO
53,43,0.8355184847228452,NO
54,195,1.0,YES
55,189,0.9319277583454398,NO
56,151,0.6478049926230066,NO
57,364,0.6515373254696898,NO
58,910,0.8686790790874206,NO
59,911,0.998512371438392,NO
60,43,0.49864251640185714,NO
61,325,0.7934035564170829,NO
62,27,0.453728375457534,NO
63,55,0.4529411427592258,NO
64,93,0.44867748338389013,NO
65,191,0.44732707270114025,NO
66,90,0.7595561949866576,NO
67,89,0.4298777204153576,NO
68,273,0.8809660259733937,NO
69,153,0.8731737711738468,NO
70,92,0.9999971902638515,YES
71,82,0.3830994908351907,NO
72,148,0.38388696715768644,NO
73,433,0.9998577650306807,YES
74,1231,1.0,YES
75,528,0.9997692774760472,YES
76,205,0.99999538727815,YES
77,190,0.242054194406552,NO
78,86,0.231454706046599,NO
79,213,0.7538989750404921,NO
80,408,0.9996616590957902,NO
81,572,0.21395617017332133,NO
82,132,0.15478716603463194,NO
83,168,0.15390212289423155,NO
84,107,0.9994372493807416,YES
85,85,0.46843975473755844,NO
86,107,0.12661821962480355,NO
87,250,0.9994311591642216,NO
88,237,0.10042469937341439,NO
89,622,0.9999894357987011,YES
90,47,0.07993201954233374,NO
91,1487,1.0,YES
92,27,0.05147906923319911,NO
93,89,0.05184810598513054,NO
94,481,0.998420379540659,YES
95,227,0.9982102053515659,YES
96,166,0.42479355924004003,NO
97,92,0.045160457903429284,YES
98,476,0.04743403013042908,NO
99,93,0.04111096930041282,YES
100,244,0.5565738933175159,NO
101,204,0.03981653939995176,NO
102,252,0.03920731340499702,NO
103,119,0.03595118768620247,NO
104,733,0.037061123179303226,NO
105,630,0.25078477898880186,NO
106,69,0.18498048426103778,NO
107,77,0.025026612163718633,NO
108,97,0.024903758792653087,NO
109,380,0.02663557954203254,NO
110,214,0.025053063340469486,NO
111,38,0.023875323763325858,NO
112,79,0.024118620557217564,NO
113,25,0.023875323763325858,NO
114,84,0.02406123718128601,NO
115,34,0.023758873363006548,NO
116,33,0.023697248084002833,NO
117,104,0.024067789695722635,NO
118,193,0.02438560807411112,NO
119,70,0.023533200498910632,NO
120,140,0.02390284170931619,NO
121,22,0.023184576335418167,NO
122,156,0.02365819376536831,NO
123,142,0.1985093898453304,NO
124,100,0.02302207065064689,YES
125,153,0.19374103464886044,NO
126,31,0.022172268853749608,NO
127,340,0.1996919332976817,NO
128,61,0.18820758838706536,NO
129,61,0.18776752003253377,NO
130,877,0.21568063012668995,NO
131,62,0.16578295957106554,NO
132,186,0.16906335061084193,NO
133,264,0.16993830609370938,NO
134,42,0.15994552767572826,NO
135,248,0.018311173288455336,NO
136,358,0.16029782435014417,NO
137,199,0.015414522112282319,NO
138,330,0.13607599464544354,NO
139,346,0.1267467243310493,NO
140,89,0.11725805107413872,NO
141,193,0.9408315214011294,NO
142,406,0.999974355463682,NO
143,82,0.010402371127656877,NO
144,53,0.01029597733058115,NO
145,148,0.010442473618969932,NO
146,4774,0.049295338902924986,NO
147,4088,0.14720203797952897,NO
148,93,0.004668314248638932,NO
149,78,0.9677150817483923,NO
150,74,0.9675872349636819,NO
151,978,0.9727295918968125,NO
152,37,2.973311048370647E-4,NO
153,59,0.0030258631617279814,NO
154,135,0.9595500892800104,NO
155,165,0.959423405741631,NO
156,47,0.004070857692344976,NO
157,101,2.7789965131753367E-4,NO
158,103,0.9572854179297747,NO
159,154,0.9999996901779473,YES
160,556,0.036692759320801814,NO
161,386,0.0021223034584533615,NO
162,296,0.0019164595057498501,YES
163,135,1.7346379248586833E-4,NO
164,56,1.691823569338575E-4,NO
165,78,1.6997020714156464E-4,NO
166,35,0.0017169099640174524,NO
167,467,0.27559903967514776,YES
168,174,1.210861064885438E-4,NO
169,148,1.2058118145494779E-4,NO
170,88,1.0496840282456774E-4,NO
171,52,0.46237151698149337,YES
172,39,7.715933812578826E-5,NO
173,208,8.1842073135149E-4,NO
174,77,7.554548911865074E-5,NO
175,666,8.626767487514091E-5,NO
176,146,0.4477214411413925,YES
177,302,0.448893061629595,YES
178,54,0.00428444724596083,NO
179,87,6.818596249295418E-4,NO
180,119,6.69635074201389E-5,NO
181,200,6.746876370076152E-5,NO
182,152,0.0013640864749524992,NO
183,39,0.0041058327896792415,NO
184,677,7.148300258125556E-5,NO
185,131,6.040247051358347E-5,NO
186,47,5.9158957073016107E-5,NO
187,100,6.004392176872484E-5,NO
188,43,5.7956178299029294E-5,NO
189,73,5.856133018507799E-5,NO
190,257,6.103460011936491E-5,NO
191,62,0.0010842322542268695,NO
192,45,4.6821456119904424E-5,NO
193,41,4.780017800027893E-4,NO
194,47,4.773236207075831E-4,NO
195,55,4.773236207075831E-4,NO
196,1046,6.103264949425961E-4,NO
197,133,4.5627280302080553E-4,NO
198,147,4.5844046856252803E-4,NO
199,147,1.0,YES
200,77,0.9995390517830173,YES
201,99,4.260240364128708E-5,NO
202,53,3.745915960583418E-5,NO
203,95,3.859897968946988E-4,NO
204,77,1.0,YES
205,69,3.7378744021442634E-5,NO
206,69,3.72036829140132E-5,NO
207,77,3.7124304569062576E-5,NO
208,80,3.8031582302407705E-4,NO
209,72,3.703941071664432E-5,NO
210,63,3.691063637012051E-5,NO
211,50,3.6281804024070847E-5,NO
212,28,3.620299637698175E-5,NO
213,108,3.7859499090172927E-4,NO
214,40,3.607053538461167E-5,NO
215,76,3.628640741169891E-5,NO
216,64,3.725866838918583E-4,NO
217,63,3.616070171117253E-5,NO
218,55,3.574439447420676E-5,NO
219,45,3.562133540536545E-5,NO
220,476,3.3554926071967454E-5,NO
221,77,3.013523111055969E-5,NO
222,69,3.0067024112232666E-5,NO
223,104,3.034555100443527E-5,NO
224,115,3.024683817421159E-5,NO
225,421,3.258262761278518E-5,NO
226,61,2.9539095377020253E-5,NO
227,2009,0.0012716663421746465,NO
228,179,2.8783468648804428E-5,NO
229,106,2.8094389963119043E-5,NO
230,33,2.7457057873907474E-5,NO
231,657,3.200030908905848E-5,NO
232,295,2.8541637952285904E-5,NO
233,872,3.281541576624146E-5,NO
234,444,2.8732732873885966E-5,NO
235,168,2.6631098734349343E-5,NO
236,752,3.071521986052145E-5,NO
237,135,2.5682489378924265E-5,NO
238,1126,3.313046359731708E-5,NO
239,163,2.5184141064160642E-5,NO
240,184,2.5316337050734063E-5,NO
241,51,2.428200630472751E-5,NO
242,25,2.422763983017234E-5,NO
243,180,2.520700072239031E-5,NO
244,64,2.4377642731065182E-5,NO
245,101,2.4501702838961518E-5,NO
246,512,2.6944720681532838E-5,NO
247,187,2.4623241243818072E-5,NO
248,56,2.3593585878012635E-5,NO
249,39,2.3568583400734296E-5,NO
250,261,2.4908380683590346E-5,NO
251,73,2.3613111114760062E-5,NO
252,65,2.3613111114760062E-5,NO
253,329,2.4908677658658835E-5,NO
254,64,2.3390222418829958E-5,NO
255,164,2.3732409481288987E-5,NO
256,624,7.406736962132709E-4,NO
257,74,2.285223354501902E-5,NO
258,117,2.304515224333963E-5,NO
259,84,2.2733180425763645E-5,NO
260,226,6.608869181942679E-4,NO
261,76,2.2542224825216314E-5,NO
262,323,2.3834128274062354E-5,NO
263,72,2.2331316835980676E-5,NO
264,42,2.210054470300727E-5,NO
265,48,0.00218020842144234,NO
266,89,6.259043420343493E-4,NO
267,380,0.0023754020285018675,NO
268,141,2.2328796161121114E-5,NO
269,148,2.2259137978380733E-5,NO
270,191,2.240042721446327E-5,NO
271,46,6.074479149729426E-4,NO
272,165,2.1954984842812635E-5,NO
273,171,6.225468168002734E-4,NO
274,56,2.1123302055984995E-5,NO
275,179,0.0022026710726956627,NO
276,74,6.064218056373339E-4,NO
277,36,2.101542736627854E-5,NO
278,37,2.097108047139393E-5,NO
279,34,2.097108047139393E-5,NO
280,34,2.0906771511643467E-5,NO
281,38,5.974486877017636E-4,NO
282,39,5.974486877017636E-4,NO
283,156,2.1502225742614514E-5,NO
284,84,2.0994035986220296E-5,NO
285,117,0.002133499924661297,NO
286,94,5.949146629154524E-4,NO
287,71,5.943532104307629E-4,NO
288,183,0.009834738652097101,NO
289,85,5.771831224648757E-4,NO
290,183,5.955400062823404E-4,NO
291,70,5.726404809362413E-4,NO
292,54,1.950113089822305E-5,NO
293,160,1.999647938225783E-5,NO
294,128,1.9247904754530648E-5,NO
295,151,0.007755805355870251,NO
296,422,1.964475555025626E-5,NO
297,221,1.8498036516224897E-5,NO
298,50,1.7382804702267478E-5,NO
299,42,5.18847706605737E-4,NO
300,624,6.017230790243908E-4,NO
301,377,0.0020344308344202987,NO
302,382,1.8327888631608798E-5,NO
303,72,1.6814616119521818E-5,NO
304,92,1.678527831407643E-5,NO
305,282,1.7560225918013502E-5,NO
306,371,1.779641708651057E-5,NO
307,47,1.636479452629653E-5,NO
308,108,5.095405711393671E-4,NO
309,111,1.6623787900680053E-5,NO
310,319,0.0019469535733037681,NO
311,129,0.0018012359278974442,NO
312,49,1.5504452293996312E-5,NO
313,358,0.0037592854771831812,NO
314,277,0.005470883599696635,NO
315,49,4.642786472265103E-4,NO
316,89,1.4938118661591444E-5,NO
317,41,1.4759570973649954E-5,NO
318,66,4.668035112246294E-4,NO
319,63,1.4883248572903663E-5,NO
320,24,1.4729443745288711E-5,NO
321,50,1.4697214044111469E-5,NO
322,72,4.6641696748466E-4,NO
323,47,1.4654496361537022E-5,NO
324,47,4.5888687926108157E-4,NO
325,183,0.0035072536900863103,NO
326,49,1.4495265350412933E-5,NO
327,50,1.4495265350412933E-5,NO
328,98,4.6139405345565717E-4,NO
329,143,1.4898503000129177E-5,NO
330,43,1.4398401929194642E-5,NO
331,42,1.4369047412071964E-5,NO
332,56,1.4369047412071964E-5,NO
333,44,1.4357538229673963E-5,NO
334,26,1.4357538229673963E-5,NO
335,254,0.007068457164990601,NO
336,16883,0.007585128149088495,NO
337,74,3.4171886882963435E-6,NO
338,153,1.444761586930582E-4,NO
339,68,6.005569611976664E-4,NO
340,100,3.434336787964264E-6,NO
341,550,3.7955327961145234E-6,NO
342,437,3.64136163543376E-6,NO
343,1038,1.7557171264343172E-4,NO
344,104,3.2469445058604662E-6,NO
345,332,3.3901795509947143E-6,NO
346,123,3.2104926989860306E-6,NO
347,106,3.2019105335460264E-6,NO
348,105,3.18775163753889E-6,NO
349,94,3.1485043834671996E-6,NO
350,101,3.1657320029760897E-6,NO
351,38,3.1005550167415683E-6,NO
352,666,3.6213063075628416E-6,NO
353,32,3.0567763780775244E-6,NO
354,111,3.1023830714491035E-6,NO
355,35,1.3083794315889364E-4,NO
356,90,3.069187162006088E-6,NO
357,27,3.037469535346587E-6,NO
358,28,3.0359838170839E-6,NO
359,92,0.001967719801256079,NO
360,979,3.7959720566994324E-6,NO
361,67,2.9660939477027418E-6,NO
362,29,1.2663187581183534E-4,NO
363,105,2.991266012042831E-6,NO
364,72,2.9470375544221044E-6,NO
365,37,1.2653207124326034E-4,NO
366,47,2.9156494253454193E-6,NO
367,31,2.9156494253454193E-6,NO
368,90,1.2782065246597226E-4,NO
369,223,0.004194087902771443,NO
370,214,5.691333567170844E-4,NO
371,107,1.2762827259598048E-4,NO
372,37,2.8581855225979746E-6,NO
373,27,2.8581855225979746E-6,NO
374,48,2.850860015516223E-6,NO
375,167,2.934882635257104E-6,NO
376,213,0.001228265094775716,NO
377,867,3.491630269982828E-6,NO
378,159,5.534464084284795E-4,NO
379,100,1.2455195870864481E-4,NO
380,96,1.2323382066161412E-4,NO
381,842,1.489995127532655E-4,NO
382,535,3.0704744628666163E-6,NO
383,83,2.7037678163923567E-6,NO
384,63,2.7030503749834575E-6,NO
385,76,1.2057709753125549E-4,NO
386,202,2.7708772783019994E-6,NO
387,155,2.740750067635146E-6,NO
388,1263,3.558464540924356E-6,NO
389,74,1.1678626632595378E-4,NO
390,101,1.1768854472094367E-4,NO
391,27,2.535649336663761E-6,NO
392,22,2.535649336663761E-6,NO
393,491,2.821301942079345E-6,NO
394,62,2.5342051260316426E-6,NO
395,59,2.507592931219548E-6,NO
396,99,2.5587943771882325E-6,NO
397,27,1.138979981239067E-4,NO
398,77,1.1508720165832756E-4,NO
399,863,1.4005913437911444E-4,NO
400,64,1.1313879835423812E-4,NO
401,45,2.4292343414457366E-6,NO
402,63,1.1313879835423812E-4,NO
403,54,2.4283693069717346E-6,NO
404,64,1.1282535636517418E-4,NO
405,132,2.463993394914443E-6,NO
406,182,2.5157764095687106E-6,NO
407,70,2.4370031227790927E-6,NO
408,36,2.4021314985580803E-6,NO
409,58,1.1100362575134921E-4,NO
410,62,2.422688347604394E-6,NO
411,132,2.447570150350072E-6,NO
412,74,2.416008298112653E-6,NO
413,86,2.4113404455770575E-6,NO
414,74,2.4068465066556144E-6,NO
415,48,1.1036045454860013E-4,NO
416,74,2.4063827103011627E-6,NO
417,86,2.3959373113893604E-6,NO
418,355,1.1899123653136486E-4,NO
419,53,2.3470538463738088E-6,NO
420,804,2.8134694215384184E-6,NO
421,75,1.0873809916631866E-4,NO
422,125,0.0017942793132770163,NO
423,200,0.00255688623796661,NO
424,134,0.0010962922715102529,NO
425,57,1.0700380536274114E-4,NO
426,123,1.086945176241075E-4,NO
427,314,2.402504307122965E-6,NO
428,162,2.302577869235924E-6,NO
429,137,2.274058417801426E-6,NO
430,124,2.2641573321356626E-6,NO
431,359,2.4006801078470767E-6,NO
432,151,2.269042081447168E-6,NO
433,107,2.2408135398852446E-6,NO
434,28,2.1946789948861567E-6,NO
435,58,2.193885808498583E-6,NO
436,470,2.44725950875882E-6,NO
437,347,2.3289403519360546E-6,NO
438,103,1.0484414340392154E-4,NO
439,35,2.1291236546553897E-6,NO
440,98,1.0375794710814464E-4,NO
441,117,2.172919463496224E-6,NO
