ID, Size, Predicted, Actual
0,227,0.1067957913131737,NO
1,276,0.10815988350511174,NO
2,460,0.11332589877917873,NO
3,138,0.10452686988272546,NO
4,352,0.10873582431372954,NO
5,23,0.10219143144292261,NO
6,56,0.10172858119274082,NO
7,51,0.10172858119274082,NO
8,22,0.10128499996599273,NO
9,44,0.10112278471267036,NO
10,111,0.10212285836289837,NO
11,71,0.10097144403402178,NO
12,196,0.10376965984311064,NO
13,39,0.10038008489324703,NO
14,124,0.10349877978964876,NO
15,38,0.10038008489324703,NO
16,22,0.10038008489324703,NO
17,44,0.10082014760407522,NO
18,368,0.10819421087131474,NO
19,22,0.10022941974545066,NO
20,285,0.10547182180364004,NO
21,21,0.09962721511408826,NO
22,22,0.09947678010146598,NO
23,208,0.10253087764492806,NO
24,55,0.09976234802523308,NO
25,21,0.09932639240697086,NO
26,288,0.1045260778385313,NO
27,47,0.0994605425085542,NO
28,54,0.0994605425085542,NO
29,105,0.10044601408976656,NO
30,483,0.11027358289178595,NO
31,35,0.09797510304068016,NO
32,142,0.09992842590027398,NO
33,95,0.09872345215930721,NO
34,164,0.10036119942802582,NO
35,70,0.09810487140693054,NO
36,22,0.09752558639597238,NO
37,26,0.09752558639597238,NO
38,21,0.09752558639597238,NO
39,56,0.09795449766767196,NO
40,102,0.09892668634393245,NO
41,107,0.09877503688488509,NO
42,67,0.09780417676171725,NO
43,39,0.09722617215739957,NO
44,52,0.097653909111761,NO
45,20,0.09722617215739957,NO
46,42,0.09722617215739957,NO
47,36,0.09722617215739957,NO
48,30,0.09722617215739957,NO
49,71,0.09750369513971473,NO
50,57,0.09750369513971473,NO
51,31,0.09707654535771303,NO
52,20,0.09707654535771303,NO
53,90,0.09781785934481156,NO
54,52,0.09720342991411651,NO
55,108,0.09816897556066702,NO
56,20,0.09677745449480417,NO
57,93,0.09766711553343208,NO
58,52,0.09720342991411651,NO
59,117,0.09801759648394305,NO
60,20,0.09662799126854674,NO
61,31,0.10068154895096029,NO
62,109,0.10319273015125284,NO
63,44,0.10006434438992515,NO
64,72,0.10054015747924762,NO
65,99,0.10266811145224114,NO
66,103,0.10319273015125284,NO
67,20,0.09962721511408826,NO
68,71,0.09690338444776804,NO
69,140,0.09825331477634448,NO
70,1579,0.20311459266401538,NO
71,45,0.09317271273642717,NO
72,282,0.0976492081727957,NO
73,2582,0.4583738477699053,NO
74,242,0.09140109976160976,NO
75,55,0.0881663698813815,NO
76,204,0.09822052293613466,NO
77,59,0.09555598900166033,NO
78,102,0.08875657469060699,NO
79,34,0.08748552932750892,NO
80,83,0.08829812155758729,NO
81,114,0.10105512719922805,NO
82,60,0.0877288116182865,NO
83,461,0.10526615271993485,NO
84,87,0.09526297063388593,NO
85,130,0.09628244655858373,NO
86,49,0.08642051531346825,NO
87,123,0.08728930776429987,NO
88,101,0.08685074791302999,NO
89,1350,0.16963312234971237,NO
90,455,0.1085414632238087,NO
91,40,0.08302360407600533,NO
92,518,0.11374603622525728,NO
93,371,0.08899363907072533,NO
94,49,0.08253733145930447,NO
95,490,0.10319027384836295,NO
96,32,0.08117788465653063,NO
97,73,0.08193715027742172,NO
98,633,0.11485180258903757,NO
99,780,0.1152054606869494,NO
100,470,0.08870179293196083,NO
101,1015,0.11282678467454231,NO
102,278,0.09951342264681291,NO
103,31,0.07795232131947895,NO
104,36,0.09424439049198936,NO
105,58,0.09795449766767196,NO
106,172,0.10205073915852016,NO
107,86,0.09917695585023595,NO
108,162,0.10266656013660651,NO
109,53,0.07663421859100866,NO
110,415,0.10816700714030499,NO
111,200,0.09898707442047497,NO
112,264,0.09770525838650453,NO
113,166,0.10220462489472279,NO
114,38,0.08879578183720611,NO
115,122,0.07629891768035418,NO
116,85,0.07576135409692994,NO
117,66,0.07539297898557414,NO
118,60,0.08889721305165334,NO
119,37,0.07491783199261458,NO
120,233,0.09687291445679715,NO
121,37,0.07464454962144633,NO
122,239,0.07764336173328146,NO
123,40,0.07450807340986398,NO
124,208,0.10175816630915213,NO
125,210,0.0765590943416268,NO
126,388,0.08074881801842461,NO
127,22,0.08763079849767007,NO
128,262,0.09493916126068945,NO
129,306,0.07219456793683363,NO
130,1438,0.158478310910738,NO
131,1469,0.17735008589312373,NO
132,67,0.0650285257882041,NO
133,437,0.09817090670369481,NO
134,223,0.09260879231997259,NO
135,35,0.06371737279785301,NO
136,53,0.06388118365834931,NO
137,196,0.0848729119065071,NO
138,108,0.09023186311894442,NO
139,237,0.09230640233436525,NO
140,219,0.06565399454919063,NO
141,340,0.06746176426161923,NO
142,161,0.06440032166351853,NO
143,136,0.08340376307806537,NO
144,376,0.08823215116017337,NO
145,388,0.06785975164908176,NO
146,153,0.06311810448072443,NO
147,114,0.06263272462283005,NO
148,220,0.06422570837047824,NO
149,453,0.09009737155143638,NO
150,1828,0.23275100034966945,NO
151,246,0.09113664706751068,NO
152,636,0.06964184853702142,NO
153,299,0.06106958130981019,NO
154,259,0.060354163274853136,NO
155,90,0.057992173689221105,NO
156,93,0.08742089041178162,NO
157,441,0.09516007568869113,NO
158,149,0.058152148488321675,NO
159,610,0.09181680246422702,NO
160,123,0.07923787385402871,NO
161,197,0.05767029426310166,NO
162,865,0.11308715359507374,NO
163,596,0.09053175989158475,NO
164,141,0.0556357744102025,NO
165,179,0.05585933817579167,NO
166,630,0.06448953805662576,NO
167,402,0.05873054930224409,NO
168,42,0.08502847152669732,NO
169,42,0.07656664125345196,NO
170,315,0.09023943680473422,NO
171,85,0.07714722592277129,NO
172,472,0.05938074452799649,NO
173,106,0.05391511996740012,NO
174,250,0.07977257859693129,NO
175,162,0.09142023426652132,NO
176,236,0.054472111329855785,NO
177,73,0.05270809779492908,NO
178,104,0.05299250450072781,NO
179,40,0.05220427997211626,NO
180,98,0.05259401551159013,NO
181,39,0.05209122819582048,NO
182,38,0.05209122819582048,NO
183,67,0.05233190891406048,NO
184,76,0.05248008043907305,NO
185,42,0.05186556317431006,NO
186,71,0.05210525855015588,NO
187,101,0.052648957558990184,NO
188,59,0.05199215362173913,NO
189,55,0.051879195672723734,NO
190,27,0.05164048357973976,NO
191,89,0.0760376599326638,NO
192,26,0.05141599026077192,NO
193,24,0.05141599026077192,NO
194,485,0.05771864599600785,NO
195,1651,0.16946323280928016,NO
196,48,0.05031327506664774,NO
197,2479,0.4038709395714908,NO
198,23,0.048659611836222305,NO
199,115,0.07450364179314001,NO
200,108,0.04917749004923369,NO
201,346,0.0519532052421307,NO
202,391,0.05266890147199181,NO
203,22,0.0479044618144301,NO
204,83,0.04826063203577302,NO
205,51,0.04801902663470103,NO
206,43,0.04779718094494002,NO
207,54,0.04801902663470103,NO
208,43,0.04779718094494002,NO
209,47,0.04801902663470103,NO
210,33,0.04779718094494002,NO
211,195,0.07530162280387216,NO
212,91,0.04815251457489705,NO
213,110,0.0483050738917831,NO
214,81,0.048044547971813484,NO
215,108,0.07381822772964414,NO
216,109,0.0483050738917831,NO
217,90,0.04793673229755635,NO
218,131,0.048476874250140925,NO
219,95,0.08308076417208371,NO
220,132,0.048476874250140925,NO
221,176,0.04866810700064399,NO
222,124,0.048088484105805705,NO
223,103,0.048088484105805705,NO
224,120,0.04798041674792885,NO
225,149,0.07409827173386438,NO
226,76,0.04772155401478015,NO
227,89,0.04772155401478015,NO
228,20,0.04715664069313612,NO
229,213,0.04876915242512215,NO
230,542,0.054015289812208094,NO
231,233,0.04844963876706184,NO
232,134,0.04739557887722703,NO
233,104,0.07313568896723119,NO
234,121,0.09126913385166278,NO
235,39,0.07166800642735058,NO
236,41,0.0457873524759143,NO
237,248,0.09083458209169365,NO
238,215,0.04703282409932247,NO
239,269,0.08530938783586632,NO
240,165,0.0461930072577127,NO
241,277,0.07509612540132399,NO
242,100,0.04529058036323113,NO
243,358,0.0868790904960697,NO
244,29,0.07086586254796147,NO
245,339,0.0868790904960697,NO
246,719,0.09969359537895094,NO
247,141,0.08777577015132829,NO
248,801,0.11697766409214917,NO
249,77,0.04324220369921636,NO
250,97,0.04324220369921636,NO
251,380,0.046355476791740596,NO
252,214,0.04419289116421929,NO
253,38,0.04262516259221337,NO
254,79,0.04304073154467446,NO
255,25,0.04262516259221337,NO
256,84,0.04304073154467446,NO
257,34,0.04262516259221337,NO
258,33,0.04262516259221337,NO
259,104,0.04317432787351005,NO
260,193,0.04398704774188947,NO
261,70,0.04262418924532154,NO
262,140,0.043325197251466316,NO
263,22,0.042426156692590096,NO
264,158,0.07126378344249325,NO
265,142,0.04322391363085339,NO
266,109,0.07043497694664456,NO
267,158,0.043391778539104364,NO
268,31,0.04222775902423564,NO
269,344,0.04530445715295941,NO
270,71,0.04222623457981306,NO
271,84,0.04243999318523158,NO
272,79,0.04204256782225771,NO
273,881,0.05626244302591184,NO
274,64,0.0415356944734148,NO
275,199,0.0426643121408031,NO
276,261,0.04318097819373079,NO
277,155,0.07002978460604949,NO
278,45,0.0412420410069037,NO
279,23,0.041050154594548124,NO
280,405,0.04485681962053481,NO
281,248,0.0428757870774715,NO
282,599,0.08022235140921903,NO
283,28,0.039989946584722776,NO
284,452,0.1065735892392984,NO
285,482,0.04462186706839901,NO
286,434,0.07422967287742609,NO
287,83,0.0678175070741975,NO
288,393,0.0424648240704558,NO
289,230,0.0910999651701966,NO
290,248,0.09616579376414494,NO
291,28,0.034015192164138376,NO
292,69,0.06388118365834931,NO
293,116,0.06313821972523032,NO
294,100,0.08640120553106335,NO
295,46,0.062367975647424655,NO
296,226,0.03326816422085402,NO
297,86,0.032073865056315674,NO
298,93,0.07521006194861386,NO
299,1935,0.24213883754857296,NO
300,41,0.02984784512188365,NO
301,64,0.02998900461282828,NO
302,176,0.06198179251906788,NO
303,334,0.09082421672948474,NO
304,114,0.08150779627574514,NO
305,66,0.029677045033555755,NO
306,38,0.029460042358955513,NO
307,46,0.02952194978192561,NO
308,101,0.029837417995332113,NO
309,144,0.06122978750132311,NO
310,156,0.07464876444260019,NO
311,113,0.08136517677943887,NO
312,753,0.09981444152569867,NO
313,397,0.030244645924962548,NO
314,327,0.06194388706800015,NO
315,139,0.027573346307752333,NO
316,59,0.027119980525579592,NO
317,78,0.027259444375085613,NO
318,50,0.0270473128760312,NO
319,483,0.08058336343394941,NO
320,42,0.026631711278446928,NO
321,75,0.07221017798412009,NO
322,219,0.07441792143994039,NO
323,103,0.07259175169194604,NO
324,158,0.07344393175409149,NO
325,190,0.059630175782050765,NO
326,88,0.026679238883319707,NO
327,248,0.060354163274853136,NO
328,276,0.060817199900940824,NO
329,330,0.08945145504632866,NO
330,69,0.026115688352495798,NO
331,21,0.025992272183890056,NO
332,39,0.025992272183890056,NO
333,22,0.025992272183890056,NO
334,24,0.025295254754874694,NO
335,62,0.05686765873736232,NO
336,67,0.07872205977719812,NO
337,65,0.07105293734519481,NO
338,63,0.05686765873736232,NO
339,22,0.02515754296817049,NO
340,60,0.025277098544415143,NO
341,38,0.02515754296817049,NO
342,62,0.025277098544415143,NO
343,23,0.02515754296817049,NO
344,79,0.025338023840154645,NO
345,23,0.025088897758621817,NO
346,176,0.025793202893611002,NO
347,149,0.025560438265861733,NO
348,23,0.02502039284296046,NO
349,34,0.02502039284296046,NO
350,35,0.02502039284296046,NO
351,45,0.025070632129515623,NO
352,293,0.026415470373972648,NO
353,58,0.023139543977502872,NO
354,39,0.02290155858413516,NO
355,57,0.023010646165957854,NO
356,277,0.05758967990329199,NO
357,468,0.025500944429263973,NO
358,75,0.023000481678178888,NO
359,666,0.02756219326924305,NO
360,53,0.05451421497015424,NO
361,145,0.02300726352852461,NO
362,53,0.022627227139811815,NO
363,398,0.024436270202555347,NO
364,119,0.022424970470458952,NO
365,271,0.022999510923672976,NO
366,175,0.022447860121638224,NO
367,78,0.02198812516149035,NO
368,415,0.023757479105049408,NO
369,131,0.022054649925439162,NO
370,45,0.021689999570501606,NO
371,156,0.054460026627554545,NO
372,166,0.022132466698349094,NO
373,43,0.021525912360951718,NO
374,74,0.021740447905439268,NO
375,302,0.07247144437367777,NO
376,494,0.05987006373384665,NO
377,421,0.058541026276111165,NO
378,723,0.0656399302865508,NO
379,550,0.060799774525726005,NO
380,493,0.05935970139752574,NO
381,416,0.05804091551519028,NO
382,359,0.022485735117192613,NO
383,66,0.020545949969514216,NO
384,62,0.020487054196872106,NO
385,34,0.020389680637011787,NO
386,23,0.020389680637011787,NO
387,41,0.020389680637011787,NO
388,50,0.020487054196872106,NO
389,55,0.020487054196872106,NO
390,1467,0.04138360733365937,NO
391,187,0.020746152747708163,NO
392,162,0.02060626243913169,NO
393,23,0.01998296338164775,NO
394,142,0.08587136185107208,NO
395,73,0.052139159587191404,NO
396,108,0.07643779256262045,NO
397,20,0.05152816358338072,NO
398,61,0.019619214036810037,NO
399,86,0.01972088726348888,NO
400,84,0.019663775451591464,NO
401,90,0.019663775451591464,NO
402,67,0.01950569576803286,NO
403,20,0.019356590939430034,NO
404,60,0.019449128798163438,NO
405,88,0.07576135409692994,NO
406,47,0.05142883578627993,NO
407,76,0.0515739125068736,NO
408,21,0.051080351366409926,NO
409,53,0.019392689728420554,NO
410,114,0.051852534272684846,NO
411,121,0.07616015257416676,NO
412,78,0.01943661493987967,NO
413,20,0.051080351366409926,NO
414,69,0.05131661431225369,NO
415,80,0.0515739125068736,NO
416,79,0.06703327063213951,NO
417,81,0.01938014570618601,NO
418,88,0.06703327063213951,NO
419,20,0.05096876576483084,NO
420,105,0.06738947545423925,NO
421,60,0.07525560687521211,NO
422,50,0.019224138343392965,NO
423,28,0.01913265008897114,NO
424,129,0.06738947545423925,NO
425,43,0.05096876576483084,NO
426,76,0.01926759120227296,NO
427,63,0.019168209296178157,NO
428,65,0.06670427127236223,NO
429,76,0.05134885013908389,NO
430,45,0.019112407358684847,NO
431,20,0.050857327345068024,NO
432,126,0.001789447256919932,NO
