ID, Size, Predicted, Actual
0,227,4.402958788305741E-5,NO
1,276,1.3206550449022716E-4,NO
2,460,0.5,NO
3,138,0.1111339419379458,NO
4,355,3.3022917905026086E-5,NO
5,23,2.640612622128334E-4,NO
6,48,9.11020616396549E-6,NO
7,59,2.0322311866197898E-5,NO
8,79,1.761276573260299E-5,NO
9,67,2.6418683292824682E-5,NO
10,49,1.0161362435475347E-5,NO
11,40,1.651200422707308E-5,NO
12,20,4.402958788305741E-5,NO
13,42,8.005956431585098E-6,NO
14,36,0.0555686021252862,NO
15,31,8.256138438929344E-6,NO
16,30,2.640612622128334E-4,NO
17,71,2.9353920216044852E-5,NO
18,57,1.8870772946859902E-5,NO
19,20,4.402958788305741E-5,NO
20,89,1.0567808342227903E-5,NO
21,60,0.047630430133229325,NO
22,102,1.3206550449022716E-4,NO
23,20,4.402958788305741E-5,NO
24,93,0.06251444800369868,NO
25,59,2.0322311866197898E-5,NO
26,111,1.554074005004118E-5,NO
27,20,4.402958788305741E-5,NO
28,31,8.256138438929344E-6,NO
29,109,0.15386022313898431,NO
30,44,1.651200422707308E-5,NO
31,72,0.025006274685935456,NO
32,99,0.07694027272542524,NO
33,103,0.052644020189941174,NO
34,20,4.402958788305741E-5,NO
35,137,0.9998679344955099,YES
36,1699,2.640612622128334E-4,NO
37,45,0.05406042257242212,NO
38,200,3.3022917905026086E-5,NO
39,2582,2.640612622128334E-4,NO
40,55,1.0161362435475347E-5,NO
41,204,0.09092874126377981,NO
42,59,2.0322311866197898E-5,NO
43,102,1.3206550449022716E-4,NO
44,34,8.256138438929344E-6,NO
45,83,0.07693167499898386,NO
46,114,0.5,NO
47,60,0.047630430133229325,NO
48,512,3.77401215231913E-5,NO
49,87,0.10002113494663425,NO
50,130,0.5,NO
51,37,7.140459988432454E-6,NO
52,101,0.06667429899957729,NO
53,1185,2.640612622128334E-4,NO
54,455,0.9997359387377872,NO
55,40,1.651200422707308E-5,NO
56,518,2.640612622128334E-4,NO
57,382,5.283457494584456E-5,NO
58,49,1.0161362435475347E-5,NO
59,585,2.640612622128334E-4,NO
60,32,0.09524827959288941,NO
61,73,2.2015763286513142E-5,NO
62,633,2.640612622128334E-4,NO
63,681,2.640612622128334E-4,NO
64,470,1.3206550449022716E-4,NO
65,1015,2.640612622128334E-4,NO
66,278,2.640612622128334E-4,NO
67,31,8.256138438929344E-6,NO
68,36,0.0555686021252862,NO
69,58,0.030310551049981184,NO
70,172,5.283457494584456E-5,NO
71,86,1.3209690629045465E-5,NO
72,162,0.14287062198067635,NO
73,53,1.1486727086851142E-5,NO
74,415,1.3206550449022716E-4,NO
75,200,3.3022917905026086E-5,NO
76,264,3.77401215231913E-5,NO
77,166,6.60414740457007E-5,NO
78,38,0.07693167499898386,NO
79,117,0.052644020189941174,NO
80,85,1.390491816955657E-5,NO
81,66,1.3209690629045465E-5,NO
82,60,0.047630430133229325,NO
83,37,7.140459988432454E-6,NO
84,233,8.805142203046579E-5,NO
85,37,7.140459988432454E-6,NO
86,239,2.640612622128334E-4,NO
87,40,1.651200422707308E-5,NO
88,208,0.5,NO
89,189,3.3022917905026086E-5,NO
90,22,1.761276573260299E-5,NO
91,262,8.805142203046579E-5,NO
92,489,0.9997359387377872,NO
93,1418,2.640612622128334E-4,NO
94,1376,0.9997359387377872,NO
95,66,1.3209690629045465E-5,NO
96,438,2.640612622128334E-4,NO
97,430,0.9997359387377872,NO
98,35,0.04348874875081842,NO
99,53,1.1486727086851142E-5,NO
100,197,0.5,NO
101,108,0.15386022313898431,NO
102,237,0.14288410008680227,NO
103,119,3.77401215231913E-5,NO
104,334,1.3206550449022716E-4,NO
105,161,2.640612622128334E-4,NO
106,136,8.805142203046579E-5,NO
107,281,2.640612622128334E-4,NO
108,203,2.640612622128334E-4,NO
109,97,2.2015763286513142E-5,NO
110,107,1.8870772946859902E-5,NO
111,148,0.12000803153434009,NO
112,462,2.640612622128334E-4,NO
113,1856,5.283457494584456E-5,NO
114,245,2.640612622128334E-4,NO
115,634,2.640612622128334E-4,NO
116,214,0.06251444800369868,NO
117,259,2.640612622128334E-4,NO
118,90,0.11539243181725806,NO
119,93,0.06251444800369868,NO
120,337,8.805142203046579E-5,NO
121,149,0.3333480098626277,NO
122,611,0.33336268380734346,NO
123,115,2.9353920216044852E-5,NO
124,193,0.9997359387377872,YES
125,815,0.9997359387377872,YES
126,591,2.640612622128334E-4,NO
127,141,3.77401215231913E-5,NO
128,179,2.0322311866197898E-5,NO
129,606,0.9997359387377872,YES
130,141,3.77401215231913E-5,NO
131,42,8.005956431585098E-6,NO
132,42,8.005956431585098E-6,NO
133,85,1.390491816955657E-5,NO
134,69,0.037046097243559006,NO
135,471,2.640612622128334E-4,NO
136,106,0.08000887695900748,NO
137,250,0.2500330207370228,NO
138,162,0.14287062198067635,NO
139,24,2.2015763286513142E-5,NO
140,56,0.0322660371408848,NO
141,51,9.785023043729267E-6,NO
142,22,1.761276573260299E-5,NO
143,24,2.2015763286513142E-5,NO
144,488,1.3206550449022716E-4,NO
145,1624,2.640612622128334E-4,NO
146,47,4.717826780271935E-6,NO
147,2307,2.640612622128334E-4,NO
148,85,1.390491816955657E-5,NO
149,50,6.6049325636385245E-6,NO
150,44,1.651200422707308E-5,NO
151,52,0.2000158512099757,NO
152,41,1.2580673569262896E-5,NO
153,48,9.11020616396549E-6,NO
154,110,0.06667429899957729,NO
155,69,0.037046097243559006,NO
156,20,4.402958788305741E-5,NO
157,213,2.9353920216044852E-5,NO
158,542,0.33336268380734346,NO
159,233,8.805142203046579E-5,NO
160,134,3.3022917905026086E-5,NO
161,104,0.08334250676999626,NO
162,121,0.20003170074496748,NO
163,39,7.77049078419793E-6,NO
164,41,1.2580673569262896E-5,NO
165,248,2.6418683292824682E-5,NO
166,215,3.77401215231913E-5,NO
167,269,0.5,NO
168,165,0.08335167980273876,NO
169,277,3.77401215231913E-5,NO
170,100,0.08696601077455,NO
171,358,2.0322311866197898E-5,NO
172,29,0.08335167980273876,NO
173,339,2.640612622128334E-4,NO
174,719,2.640612622128334E-4,NO
175,141,3.77401215231913E-5,NO
176,801,2.640612622128334E-4,NO
177,77,0.05128813077084618,NO
178,97,2.2015763286513142E-5,NO
179,380,2.401710017532483E-5,NO
180,214,0.06251444800369868,NO
181,38,0.07693167499898386,NO
182,79,1.761276573260299E-5,NO
183,25,1.761276573260299E-5,NO
184,84,0.03334155276877553,NO
185,34,8.256138438929344E-6,NO
186,33,1.554074005004118E-5,NO
187,104,0.08334250676999626,NO
188,193,0.25001651145895254,NO
189,70,1.0161362435475347E-5,NO
190,140,2.6418683292824682E-5,NO
191,22,1.761276573260299E-5,NO
192,158,8.805142203046579E-5,NO
193,142,3.77401215231913E-5,NO
194,109,0.15386022313898431,NO
195,158,0.9998679344955099,YES
196,31,8.256138438929344E-6,NO
197,344,2.640612622128334E-4,NO
198,71,0.9997359387377872,YES
199,84,0.9997359387377872,YES
200,79,0.9998679344955099,YES
201,881,0.9997359387377872,YES
202,64,0.057149542939529126,NO
203,199,0.16669601972525536,NO
204,261,0.9998679344955099,YES
205,155,0.14288410008680227,NO
206,42,8.005956431585098E-6,NO
207,405,0.5,NO
208,248,2.6418683292824682E-5,NO
209,541,2.640612622128334E-4,NO
210,28,9.785023043729267E-6,NO
211,452,0.9997359387377872,NO
212,474,2.640612622128334E-4,NO
213,379,2.401710017532483E-5,NO
214,83,0.07693167499898386,NO
215,393,2.640612622128334E-4,NO
216,458,0.5,NO
217,248,2.6418683292824682E-5,NO
218,28,9.785023043729267E-6,NO
219,69,0.037046097243559006,NO
220,116,2.640612622128334E-4,NO
221,100,0.08696601077455,NO
222,46,1.761276573260299E-5,NO
223,226,4.402958788305741E-5,NO
224,79,1.761276573260299E-5,NO
225,93,0.06251444800369868,NO
226,2156,2.640612622128334E-4,NO
227,41,1.2580673569262896E-5,NO
228,64,0.057149542939529126,NO
229,149,0.3333480098626277,NO
230,334,1.3206550449022716E-4,NO
231,114,0.5,NO
232,66,1.3209690629045465E-5,NO
233,38,0.07693167499898386,NO
234,46,1.761276573260299E-5,NO
235,101,0.06667429899957729,NO
236,111,1.554074005004118E-5,NO
237,156,1.8870772946859902E-5,NO
238,113,8.805142203046579E-5,NO
239,770,0.9997359387377872,NO
240,392,2.640612622128334E-4,NO
241,330,0.5,NO
242,139,1.3206550449022716E-4,NO
243,59,2.0322311866197898E-5,NO
244,78,0.2666748859573419,NO
245,49,1.0161362435475347E-5,NO
246,511,0.9997359387377872,NO
247,42,8.005956431585098E-6,NO
248,75,0.10002113494663425,NO
249,219,2.640612622128334E-4,NO
250,103,0.052644020189941174,NO
251,158,8.805142203046579E-5,NO
252,190,6.60414740457007E-5,NO
253,88,0.2941240461870794,NO
254,248,2.6418683292824682E-5,NO
255,276,1.3206550449022716E-4,NO
256,60,0.047630430133229325,NO
257,35,0.04348874875081842,NO
258,63,0.025006274685935456,NO
259,79,1.761276573260299E-5,NO
260,174,2.6418683292824682E-5,NO
261,148,0.12000803153434009,NO
262,34,8.256138438929344E-6,NO
263,35,0.04348874875081842,NO
264,45,0.05406042257242212,NO
265,293,2.640612622128334E-4,NO
266,57,1.8870772946859902E-5,NO
267,39,7.77049078419793E-6,NO
268,57,1.8870772946859902E-5,NO
269,277,3.77401215231913E-5,NO
270,468,2.640612622128334E-4,NO
271,75,0.10002113494663425,NO
272,666,3.3022917905026086E-5,NO
273,53,1.1486727086851142E-5,NO
274,145,1.3206550449022716E-4,NO
275,53,1.1486727086851142E-5,NO
276,397,0.9997359387377872,NO
277,54,9.435564529825818E-6,NO
278,104,0.08334250676999626,NO
279,119,3.77401215231913E-5,NO
280,514,0.9997359387377872,NO
281,152,1.8870772946859902E-5,NO
282,95,5.283457494584456E-5,NO
283,415,1.3206550449022716E-4,NO
284,131,0.10002113494663425,NO
285,45,0.05406042257242212,NO
286,156,1.8870772946859902E-5,NO
287,166,6.60414740457007E-5,NO
288,43,0.0322660371408848,NO
289,74,0.0322620508624804,NO
290,302,2.640612622128334E-4,NO
291,494,2.640612622128334E-4,NO
292,421,3.77401215231913E-5,NO
293,723,2.640612622128334E-4,NO
294,550,5.283457494584456E-5,NO
295,493,2.640612622128334E-4,NO
296,416,2.640612622128334E-4,NO
297,359,8.805142203046579E-5,NO
298,66,1.3209690629045465E-5,NO
299,62,7.77049078419793E-6,NO
300,45,0.05406042257242212,NO
301,41,1.2580673569262896E-5,NO
302,47,4.717826780271935E-6,NO
303,55,1.0161362435475347E-5,NO
304,1456,2.640612622128334E-4,NO
305,187,3.77401215231913E-5,NO
306,163,2.401710017532483E-5,NO
307,142,3.77401215231913E-5,NO
308,73,2.2015763286513142E-5,NO
309,108,0.15386022313898431,NO
310,20,4.402958788305741E-5,NO
311,60,0.047630430133229325,NO
312,84,0.03334155276877553,NO
313,82,2.2015763286513142E-5,NO
314,86,1.3209690629045465E-5,NO
315,67,2.6418683292824682E-5,NO
316,20,4.402958788305741E-5,NO
317,60,0.047630430133229325,NO
318,88,0.2941240461870794,NO
319,47,4.717826780271935E-6,NO
320,76,1.0567808342227903E-5,NO
321,21,1.390491816955657E-5,NO
322,53,1.1486727086851142E-5,NO
323,114,0.5,NO
324,121,0.20003170074496748,NO
325,78,0.2666748859573419,NO
326,20,4.402958788305741E-5,NO
327,69,0.037046097243559006,NO
328,80,5.283457494584456E-5,NO
329,79,1.761276573260299E-5,NO
330,81,0.42857682001736047,NO
331,88,0.2941240461870794,NO
332,20,4.402958788305741E-5,NO
333,105,0.31250619200158514,NO
334,60,0.047630430133229325,NO
335,50,6.6049325636385245E-6,NO
336,28,9.785023043729267E-6,NO
337,129,0.07694027272542524,NO
338,43,0.0322660371408848,NO
339,76,1.0567808342227903E-5,NO
340,63,0.025006274685935456,NO
341,65,2.9353920216044852E-5,NO
342,76,1.0567808342227903E-5,NO
343,45,0.05406042257242212,NO
344,20,4.402958788305741E-5,NO
345,126,0.20003170074496748,NO
