ID, Size, Predicted, Actual
0,215,0.03,NO
1,274,1.0,YES
2,461,1.0,YES
3,138,0.018333333333333333,NO
4,358,0.0,NO
5,1248,1.0,YES
6,51,0.0,NO
7,45,0.09157727381837286,NO
8,157,0.0,NO
9,31,0.0,NO
10,1008,0.57,YES
11,55,0.24,NO
12,204,0.44,NO
13,55,0.006115440115440116,NO
14,103,0.0,NO
15,83,1.0,YES
16,262,0.06,NO
17,83,0.1716323953823954,NO
18,867,1.0,YES
19,40,0.0,NO
20,387,0.31,YES
21,390,0.1,NO
22,51,0.0,NO
23,637,1.0,YES
24,32,0.11870199245199244,NO
25,68,0.23,YES
26,547,0.79,NO
27,566,0.8,NO
28,314,1.0,YES
29,839,0.79,NO
30,211,0.19,NO
31,31,0.0,NO
32,50,0.0,NO
33,27,0.0,NO
34,175,0.73,NO
35,50,0.02,NO
36,62,0.0,NO
37,87,0.28,NO
38,52,0.0,NO
39,373,0.38,NO
40,224,0.4,NO
41,118,0.16326226551226558,YES
42,83,0.1716323953823954,NO
43,147,0.0,NO
44,58,0.02,NO
45,44,0.0,NO
46,106,0.13071289821289822,NO
47,189,0.3,NO
48,151,0.0,NO
49,352,0.0,YES
50,849,0.81,YES
51,877,0.59,YES
52,41,0.0,NO
53,319,0.005,YES
54,27,0.0,NO
55,55,0.006115440115440116,NO
56,94,0.2919742496066026,NO
57,191,0.02,NO
58,90,0.14457504995004994,NO
59,90,0.14457504995004994,NO
60,271,0.08,YES
61,152,0.59,NO
62,90,0.14457504995004994,YES
63,82,0.20666666666666664,NO
64,147,0.0,NO
65,422,0.64,YES
66,1059,1.0,YES
67,530,0.54,NO
68,205,1.0,YES
69,190,1.0,YES
70,86,0.20666666666666664,NO
71,207,1.0,YES
72,397,0.3,YES
73,573,0.03,NO
74,126,0.0,YES
75,167,1.0,YES
76,109,0.0,NO
77,85,0.0,NO
78,237,0.5083809523809525,NO
79,424,1.0,YES
80,47,0.0,NO
81,1118,1.0,YES
82,27,0.0,NO
83,89,0.0,NO
84,474,1.0,YES
85,166,0.005,NO
86,92,0.09307391198412875,NO
87,476,1.0,YES
88,93,0.04568005523887878,NO
89,244,0.1125,NO
90,204,1.0,YES
91,252,0.0,NO
92,109,0.0,YES
93,618,1.0,YES
94,565,0.05,YES
95,69,0.13232323232323234,NO
96,77,0.1343816232786821,NO
97,97,0.03203088578088578,NO
98,343,0.0,NO
99,214,0.0,NO
100,79,0.0,NO
101,25,0.0,NO
102,84,0.08444774343303757,NO
103,34,0.0,NO
104,33,0.0,NO
105,104,0.0,NO
106,172,0.0,NO
107,70,0.0,NO
108,140,0.0,NO
109,156,0.0,NO
110,142,0.0,NO
111,152,0.004285714285714285,NO
112,31,0.0,NO
113,60,0.13274575424575427,NO
114,60,0.13274575424575427,NO
115,876,0.01,NO
116,61,0.0,NO
117,185,0.0,NO
118,264,0.0,NO
119,43,0.09376208595326242,NO
120,248,0.0,NO
121,310,1.0,YES
122,199,0.07,NO
123,194,0.01,NO
124,346,0.0,NO
125,90,0.5,NO
126,335,0.0,YES
127,372,1.0,YES
128,84,0.08444774343303757,NO
129,53,0.0,NO
130,148,1.0,YES
131,4088,0.0,NO
132,860,1.0,YES
133,47,0.0,NO
134,101,0.0978573648573649,NO
135,517,0.55,YES
136,327,0.38885714285714285,YES
137,275,0.05,YES
138,136,1.0,YES
139,56,0.09381925092451408,NO
140,74,0.0,YES
141,362,0.16,YES
142,174,0.08,NO
143,148,0.14,NO
144,92,0.03,NO
145,45,0.09157727381837286,NO
146,39,0.0,NO
147,182,0.51,NO
148,77,0.08083333333333333,NO
149,666,0.2,NO
150,88,0.0,YES
151,263,0.0,YES
152,54,0.0,NO
153,76,0.0,NO
154,132,0.01,NO
155,160,0.0,YES
156,152,0.004285714285714285,NO
157,39,0.0,NO
158,677,0.33,NO
159,131,0.0,NO
160,47,0.0,NO
161,129,0.0,NO
162,43,0.09376208595326242,NO
163,73,0.0,NO
164,257,0.0,NO
165,356,0.0,NO
166,62,0.0,NO
167,45,0.09157727381837286,NO
168,97,0.03203088578088578,NO
169,131,1.0,YES
170,68,0.01211111111111111,YES
171,99,0.0,NO
172,53,0.0,NO
173,81,0.885,NO
174,78,0.86,YES
175,69,0.13232323232323234,NO
176,69,0.13232323232323234,NO
177,77,0.1343816232786821,NO
178,72,0.0,NO
179,72,0.0,NO
180,63,0.06626580384923704,NO
181,50,0.0,NO
182,28,0.0,NO
183,96,0.2863809523809523,NO
184,40,0.0,NO
185,76,0.0,NO
186,49,0.0,NO
187,63,0.06626580384923704,NO
188,55,0.006115440115440116,NO
189,45,0.09157727381837286,NO
190,476,0.0,NO
191,77,0.1343816232786821,NO
192,69,0.13232323232323234,NO
193,104,0.0,NO
194,115,0.017325757575757578,NO
195,421,0.0,NO
196,61,0.0,NO
197,2009,0.0,NO
198,179,0.0,NO
199,106,0.13071289821289822,NO
200,33,0.0,NO
201,657,0.04,NO
202,295,0.12,NO
203,872,0.01,NO
204,444,0.0,NO
205,168,0.22553571428571423,NO
206,752,0.01,NO
207,135,0.005,NO
208,1126,0.0,NO
209,163,0.0,NO
210,184,0.0,NO
211,51,0.0,NO
212,25,0.0,NO
213,180,0.0,NO
214,64,0.08572924663056244,NO
215,101,0.0978573648573649,NO
216,512,0.06,NO
217,187,0.0,NO
218,56,0.09381925092451408,NO
219,39,0.0,NO
220,261,0.0,NO
221,73,0.0,NO
222,65,0.0,NO
223,329,0.015,NO
224,64,0.08572924663056244,NO
225,164,0.0,NO
226,624,0.0,NO
227,74,0.0,NO
228,117,0.16326226551226558,NO
229,84,0.08444774343303757,NO
230,226,0.0,NO
231,76,0.0,NO
232,323,0.04,NO
233,72,0.0,NO
234,42,0.0,NO
235,48,0.0,NO
236,89,0.0,NO
237,380,0.08,NO
238,141,0.0,NO
239,148,0.29239113664113653,NO
240,191,0.02,NO
241,46,0.0,NO
242,165,0.0,NO
243,171,0.0,NO
244,56,0.09381925092451408,NO
245,179,0.0,NO
246,74,0.0,NO
247,36,0.0,NO
248,37,0.0,NO
249,34,0.0,NO
250,34,0.0,NO
251,38,0.13617288267288272,NO
252,39,0.0,NO
253,156,0.0,NO
254,84,0.08444774343303757,NO
255,117,0.16326226551226558,NO
256,94,0.2919742496066026,NO
257,71,0.0,NO
258,183,0.0,NO
259,85,0.0,NO
260,183,0.0,NO
261,70,0.0,NO
262,54,0.0,NO
263,160,0.0,NO
264,128,0.0,NO
265,151,0.0,NO
266,422,0.0,NO
267,221,0.0,NO
268,50,0.0,NO
269,42,0.0,NO
270,624,0.0,NO
271,377,0.03,NO
272,382,0.68,NO
273,72,0.0,NO
274,92,0.09307391198412875,NO
275,282,0.28,NO
276,371,0.06,NO
277,47,0.0,NO
278,108,0.0,NO
279,111,0.0,NO
280,319,0.005,NO
281,129,0.0,NO
282,49,0.0,NO
283,358,0.0,NO
284,277,0.0,NO
285,49,0.0,NO
286,89,0.0,NO
287,41,0.0,NO
288,66,0.0,NO
289,63,0.06626580384923704,NO
290,24,0.0,NO
291,50,0.0,NO
292,72,0.0,NO
293,47,0.0,NO
294,47,0.0,NO
295,183,0.0,NO
296,49,0.0,NO
297,50,0.0,NO
298,98,0.10619920194184898,NO
299,143,0.03,NO
300,43,0.09376208595326242,NO
301,42,0.0,NO
302,56,0.09381925092451408,NO
303,44,0.0,NO
304,26,0.0,NO
305,254,0.0,NO
306,16883,0.0,NO
307,74,0.0,NO
308,153,0.2083373015873016,NO
309,68,0.01211111111111111,NO
310,100,0.0,NO
311,550,0.04,NO
312,437,0.0,NO
313,1038,0.01,NO
314,104,0.0,NO
315,332,0.005,NO
316,123,0.0,NO
317,106,0.13071289821289822,NO
318,106,0.13071289821289822,NO
319,94,0.2919742496066026,NO
320,101,0.0978573648573649,NO
321,38,0.13617288267288272,NO
322,628,0.0,YES
323,32,0.11870199245199244,NO
324,111,0.0,NO
325,35,0.11695250582750585,NO
326,90,0.14457504995004994,NO
327,27,0.0,NO
328,28,0.0,NO
329,92,0.09307391198412875,NO
330,979,0.02,NO
331,67,0.0,NO
332,29,0.0,NO
333,105,0.39508766233766235,NO
334,72,0.0,NO
335,37,0.0,NO
336,47,0.0,NO
337,31,0.0,NO
338,90,0.14457504995004994,NO
339,223,0.0,NO
340,214,0.0,NO
341,107,0.0,NO
342,37,0.0,NO
343,27,0.0,NO
344,48,0.0,NO
345,167,0.0638452380952381,NO
346,213,0.0,NO
347,867,0.21,NO
348,159,0.0,NO
349,100,0.0,NO
350,96,0.2863809523809523,NO
351,842,0.34,NO
352,535,0.17,NO
353,83,0.1716323953823954,NO
354,63,0.06626580384923704,NO
355,76,0.0,NO
356,202,0.0,NO
357,155,0.0,NO
358,1263,0.0,NO
359,74,0.0,NO
360,101,0.0978573648573649,NO
361,27,0.0,NO
362,22,0.0,NO
363,491,0.0,NO
364,62,0.0,NO
365,59,0.024265373515373518,NO
366,99,0.0,NO
367,27,0.0,NO
368,77,0.1343816232786821,NO
369,863,0.66,NO
370,64,0.08572924663056244,NO
371,45,0.09157727381837286,NO
372,63,0.06626580384923704,NO
373,54,0.0,NO
374,64,0.08572924663056244,NO
375,132,0.0,NO
376,182,0.72,NO
377,70,0.0,NO
378,36,0.0,NO
379,58,0.07565971903502194,NO
380,62,0.0,NO
381,132,0.0,NO
382,74,0.0,NO
383,86,0.0,NO
384,74,0.0,NO
385,48,0.0,NO
386,74,0.0,NO
387,86,0.0,NO
388,355,0.0,NO
389,53,0.0,NO
390,804,0.04,NO
391,75,0.0,NO
392,125,0.0,NO
393,200,0.0,NO
394,134,0.0,NO
395,57,0.0022222222222222222,NO
396,123,0.0,NO
397,266,0.26,YES
398,162,0.17577164502164497,NO
399,130,0.0,YES
400,108,0.0,YES
401,354,0.0,YES
402,88,0.0,YES
403,28,0.0,NO
404,58,0.07565971903502194,NO
405,308,0.005,YES
406,343,0.0,YES
407,103,0.0,NO
408,35,0.11695250582750585,NO
409,98,0.10619920194184898,NO
410,117,0.16326226551226558,NO
