ID, Size, Predicted, Actual
0,212,0.39,NO
1,274,0.94,NO
2,461,0.6829999999999999,YES
3,138,0.38258333333333333,NO
4,358,0.32799999999999996,NO
5,1272,1.0,YES
6,51,0.02875,NO
7,45,0.12,NO
8,157,0.22,NO
9,31,0.02875,NO
10,1406,0.97,YES
11,55,0.05,NO
12,204,0.20666666666666664,NO
13,55,0.03,NO
14,103,0.11,NO
15,34,0.48,NO
16,83,0.11,NO
17,285,0.84,NO
18,83,0.03,NO
19,129,0.46,NO
20,867,0.63,YES
21,380,0.3,NO
22,40,0.0,NO
23,387,0.63,YES
24,390,0.04,NO
25,51,0.0,NO
26,637,0.69,YES
27,32,0.0,NO
28,68,0.0,YES
29,547,0.25,YES
30,566,0.59,NO
31,314,0.3,YES
32,907,0.79,YES
33,275,0.55,NO
34,31,0.01,NO
35,50,0.0,NO
36,27,0.05,NO
37,175,0.18,NO
38,50,0.0,NO
39,62,0.0,NO
40,87,0.03,NO
41,52,0.02,NO
42,373,0.7,NO
43,224,0.09,NO
44,118,0.09,YES
45,83,0.27,NO
46,147,0.09,NO
47,58,0.09,NO
48,44,0.07,NO
49,106,0.74,NO
50,238,0.29,NO
51,43,0.11,NO
52,185,0.3,YES
53,189,0.15,NO
54,151,0.1,NO
55,364,1.0,YES
56,910,1.0,YES
57,889,1.0,YES
58,43,0.04,NO
59,325,1.0,YES
60,27,0.03,NO
61,55,0.01,NO
62,93,0.09,NO
63,191,0.06,NO
64,90,0.03,NO
65,89,0.07,NO
66,272,1.0,YES
67,152,0.09,NO
68,90,0.13,YES
69,82,0.17,NO
70,148,0.1,NO
71,421,0.99,YES
72,1190,1.0,YES
73,528,0.62,YES
74,205,0.99,YES
75,190,0.64,NO
76,86,0.52,NO
77,212,0.99,YES
78,404,0.94,YES
79,572,0.45,NO
80,132,0.97,YES
81,168,0.72,NO
82,109,0.01,YES
83,85,0.01,NO
84,107,0.55,NO
85,237,0.14,NO
86,511,0.59,YES
87,47,0.15,NO
88,1328,1.0,YES
89,27,0.05,NO
90,89,0.1,NO
91,482,0.96,YES
92,226,0.98,YES
93,166,0.14,NO
94,92,0.77,NO
95,476,0.27,NO
96,93,0.56,NO
97,244,0.38,NO
98,204,0.24,NO
99,252,0.21,NO
100,119,0.96,YES
101,733,0.42,NO
102,630,0.97,YES
103,69,0.13,NO
104,77,0.28,NO
105,97,0.72,NO
106,380,0.17,NO
107,214,0.01,NO
108,38,0.05,NO
109,79,0.01,NO
110,25,0.01,NO
111,84,0.01,NO
112,34,0.01,NO
113,33,0.01,NO
114,104,0.03,NO
115,193,0.37,NO
116,70,0.01,NO
117,140,0.0,NO
118,22,0.12,NO
119,156,0.01,NO
120,142,0.01,NO
121,100,0.49,NO
122,152,0.0,NO
123,31,0.01,NO
124,60,0.02,NO
125,60,0.02,NO
126,876,0.05,NO
127,61,0.02,NO
128,185,0.01,NO
129,264,0.01,NO
130,43,0.01,NO
131,248,0.0,NO
132,361,1.0,YES
133,199,0.37,NO
134,194,0.02,NO
135,346,0.09,NO
136,91,0.62,NO
137,335,0.98,YES
138,370,0.39,NO
139,82,0.61,NO
140,53,0.41,NO
141,148,0.69,NO
142,4088,0.27,NO
143,88,0.77,NO
144,878,0.81,YES
145,37,0.26,NO
146,48,0.24,NO
147,47,0.06,NO
148,101,0.47,NO
149,556,0.98,YES
150,360,0.97,YES
151,284,0.97,YES
152,135,0.32,NO
153,56,0.04,NO
154,78,0.75,YES
155,409,0.96,YES
156,174,0.06,NO
157,148,0.1,NO
158,88,0.12,NO
159,45,0.27,YES
160,39,0.01,NO
161,182,0.06,NO
162,77,0.0,NO
163,666,0.04,NO
164,104,0.17,YES
165,263,0.04,YES
166,54,0.06,NO
167,76,0.01,NO
168,119,0.16,NO
169,200,1.0,YES
170,152,0.17,NO
171,39,0.12,NO
172,677,0.07,NO
173,131,0.15,NO
174,47,0.01,NO
175,100,0.58,NO
176,43,0.23,NO
177,73,0.43,NO
178,257,0.58,NO
179,356,0.11,NO
180,62,0.32,NO
181,45,0.07,NO
182,97,0.08,NO
183,131,0.09,YES
184,68,0.06,YES
185,99,0.07,NO
186,53,0.0,NO
187,81,0.01,NO
188,78,0.02,YES
189,69,0.0,NO
190,69,0.0,NO
191,77,0.0,NO
192,72,0.0,NO
193,72,0.0,NO
194,63,0.0,NO
195,50,0.0,NO
196,28,0.0,NO
197,96,0.0,NO
198,40,0.0,NO
199,76,0.0,NO
200,49,0.0,NO
201,63,0.0,NO
202,55,0.0,NO
203,45,0.01,NO
204,476,0.0,NO
205,77,0.0,NO
206,69,0.0,NO
207,104,0.0,NO
208,115,0.0,NO
209,421,0.0,NO
210,61,0.0,NO
211,2009,0.2,NO
212,179,0.0,NO
213,106,0.0,NO
214,33,0.0,NO
215,657,0.0,NO
216,295,0.0,NO
217,872,0.0,NO
218,444,0.0,NO
219,168,0.0,NO
220,752,0.0,NO
221,135,0.0,NO
222,1126,0.0,NO
223,163,0.01,NO
224,184,0.0,NO
225,51,0.0,NO
226,25,0.0,NO
227,180,0.0,NO
228,64,0.0,NO
229,101,0.0,NO
230,512,0.0,NO
231,187,0.0,NO
232,56,0.0,NO
233,39,0.0,NO
234,261,0.0,NO
235,73,0.0,NO
236,65,0.0,NO
237,329,0.0,NO
238,64,0.0,NO
239,164,0.01,NO
240,624,0.18,NO
241,74,0.0,NO
242,117,0.0,NO
243,84,0.0,NO
244,226,0.14,NO
245,76,0.0,NO
246,323,0.0,NO
247,72,0.0,NO
248,42,0.0,NO
249,48,0.05,NO
250,89,0.29,NO
251,380,0.06,NO
252,141,0.01,NO
253,148,0.01,NO
254,191,0.0,NO
255,46,0.02,NO
256,165,0.01,NO
257,171,0.03,NO
258,56,0.0,NO
259,179,0.05,NO
260,74,0.01,NO
261,36,0.0,NO
262,37,0.0,NO
263,34,0.0,NO
264,34,0.0,NO
265,38,0.02,NO
266,39,0.0,NO
267,156,0.0,NO
268,84,0.0,NO
269,117,0.03,NO
270,94,0.01,NO
271,71,0.0,NO
272,183,0.04,NO
273,85,0.0,NO
274,183,0.02,NO
275,70,0.0,NO
276,54,0.0,NO
277,160,0.0,NO
278,128,0.0,NO
279,151,0.05,NO
280,422,0.0,NO
281,221,0.0,NO
282,50,0.0,NO
283,42,0.04,NO
284,624,0.29,NO
285,377,0.03,NO
286,382,0.0,NO
287,72,0.0,NO
288,92,0.0,NO
289,282,0.0,NO
290,371,0.0,NO
291,47,0.0,NO
292,108,0.14,NO
293,111,0.0,NO
294,319,0.01,NO
295,129,0.0,NO
296,49,0.0,NO
297,358,0.01,NO
298,277,0.09,NO
299,49,0.0,NO
300,89,0.0,NO
301,41,0.0,NO
302,66,0.0,NO
303,63,0.0,NO
304,24,0.0,NO
305,50,0.0,NO
306,72,0.0,NO
307,47,0.0,NO
308,47,0.0,NO
309,183,0.02,NO
310,49,0.0,NO
311,50,0.0,NO
312,98,0.08,NO
313,143,0.0,NO
314,43,0.0,NO
315,42,0.0,NO
316,56,0.02,NO
317,44,0.02,NO
318,26,0.01,NO
319,254,0.1,NO
320,16883,0.21,NO
321,74,0.04,NO
322,153,0.04,NO
323,68,0.26333333333333336,NO
324,100,0.0,NO
325,550,0.0,NO
326,437,0.0,NO
327,1038,0.07,NO
328,104,0.02,NO
329,332,0.02,NO
330,123,0.02,NO
331,106,0.02,NO
332,105,0.61,NO
333,94,0.12,NO
334,101,0.36,NO
335,38,0.36,NO
336,666,0.99,YES
337,32,0.01,NO
338,111,0.02,NO
339,35,0.0,NO
340,90,0.01,NO
341,27,0.0,NO
342,28,0.0,NO
343,92,0.3575,NO
344,979,0.0,NO
345,67,0.0,NO
346,29,0.0,NO
347,105,0.0,NO
348,72,0.0,NO
349,37,0.0,NO
350,47,0.01,NO
351,31,0.0,NO
352,90,0.03,NO
353,223,0.13,NO
354,214,0.04380952380952381,NO
355,107,0.01,NO
356,37,0.0,NO
357,27,0.0,NO
358,48,0.0,NO
359,167,0.0,NO
360,213,0.08,NO
361,867,0.0,NO
362,159,0.03380952380952381,NO
363,100,0.01,NO
364,96,0.02,NO
365,842,0.05,NO
366,535,0.0,NO
367,83,0.01,NO
368,63,0.0,NO
369,76,0.0,NO
370,202,0.0,NO
371,155,0.0,NO
372,1263,0.01,NO
373,74,0.0,NO
374,101,0.015,NO
375,27,0.0,NO
376,22,0.0,NO
377,491,0.01,NO
378,62,0.0,NO
379,59,0.01,NO
380,99,0.0,NO
381,27,0.0,NO
382,77,0.0,NO
383,863,0.06,NO
384,64,0.0,NO
385,45,0.02,NO
386,63,0.0,NO
387,54,0.0,NO
388,64,0.0,NO
389,132,0.0,NO
390,182,0.0,NO
391,70,0.0,NO
392,36,0.0,NO
393,58,0.01,NO
394,62,0.0,NO
395,132,0.0,NO
396,74,0.0,NO
397,86,0.0,NO
398,74,0.0,NO
399,48,0.06,NO
400,74,0.01,NO
401,86,0.0,NO
402,355,0.27,NO
403,53,0.0,NO
404,804,0.0,NO
405,75,0.36,NO
406,125,0.11,NO
407,200,0.2,NO
408,134,0.04,NO
409,57,0.01,NO
410,123,0.07,NO
411,314,0.95,YES
412,162,0.0,NO
413,137,0.97,YES
414,124,0.96,YES
415,359,0.96,YES
416,151,0.99,YES
417,107,0.99,YES
418,28,0.01,NO
419,58,0.03,NO
420,470,1.0,YES
421,347,1.0,YES
422,103,0.01,NO
423,35,0.04,NO
424,98,0.02,NO
425,117,0.03,NO
