ID, Size, Predicted, Actual
0,227,1.0,YES
1,276,1.0,YES
2,460,1.0,YES
3,138,0.9999999999630088,NO
4,355,0.9999999999999684,YES
5,23,0.9999999938972872,NO
6,31,0.9999999999314892,NO
7,109,1.0,NO
8,44,0.9999999888683844,NO
9,72,0.9999999888905636,NO
10,99,1.0,NO
11,103,1.0,NO
12,20,0.9999999887342784,NO
13,135,1.0,YES
14,1699,1.0,YES
15,45,0.9997428597379174,NO
16,200,0.9999999999999986,NO
17,2583,1.0,YES
18,55,0.9999392237896623,NO
19,204,0.9999999109361689,NO
20,59,0.9999999064058248,NO
21,102,0.999936519980006,NO
22,34,0.9999351182290728,NO
23,83,0.9999358631821789,NO
24,114,1.0,YES
25,60,0.9999347058414535,NO
26,512,1.0,NO
27,87,0.9999998921393227,NO
28,130,0.9999998924128611,NO
29,37,0.9999998900349379,NO
30,101,0.998936797235758,NO
31,1185,1.0,YES
32,455,1.0,YES
33,40,0.9998723776552334,NO
34,518,1.0,YES
35,382,1.0,YES
36,49,0.9998558380251316,NO
37,586,1.0,YES
38,32,0.9978461652367305,NO
39,73,0.9998311222956126,NO
40,633,0.9999999999999944,NO
41,681,1.0,YES
42,470,1.0,YES
43,1015,1.0,YES
44,278,0.9999999986722643,NO
45,31,0.9997225579002207,NO
46,36,0.9999997820708277,NO
47,58,1.0,YES
48,172,1.0,YES
49,86,1.0,NO
50,162,1.0,NO
51,53,0.9996198312701193,NO
52,415,1.0,NO
53,200,0.9999999999999892,NO
54,264,0.9999997238306487,NO
55,166,1.0,YES
56,38,0.9999995894846988,NO
57,117,1.0,NO
58,85,0.9999995850638916,NO
59,66,0.9995401990758049,NO
60,60,0.999999575242032,NO
61,37,0.9995305550027637,NO
62,233,0.9999999980374227,NO
63,37,0.9995134151558295,NO
64,239,0.9995294725533093,NO
65,40,0.9995041955737531,NO
66,208,1.0,YES
67,189,0.9999999978629958,NO
68,22,0.999999474458759,NO
69,262,0.9999993959860579,NO
70,489,1.0,NO
71,1417,1.0,NO
72,1376,1.0,YES
73,66,1.0,NO
74,438,1.0,YES
75,430,1.0,YES
76,35,0.9971145956917495,NO
77,53,0.9971277000840707,NO
78,197,1.0,NO
79,108,0.9999989432340125,NO
80,237,0.9999989549981917,NO
81,119,0.9969376033622243,NO
82,334,1.0,NO
83,161,0.9999999999560513,NO
84,136,0.9999981412966804,NO
85,281,0.9999999926567565,NO
86,203,0.999999999999957,NO
87,97,0.9538169856705371,NO
88,107,1.0,NO
89,148,0.9530759362723897,NO
90,462,0.9999988142031598,NO
91,1856,1.0,YES
92,245,1.0,YES
93,634,1.0,YES
94,214,0.9999936344192647,YES
95,258,0.9999999999924521,NO
96,70,0.9919552493757231,NO
97,93,0.9999979699492463,NO
98,337,0.9999999999255522,NO
99,149,0.9999999999200342,NO
100,585,1.0,NO
101,115,0.9999999847649644,NO
102,192,1.0,YES
103,704,1.0,YES
104,591,0.9999975688748645,NO
105,141,0.9999971650263723,NO
106,179,0.9999999999999087,YES
107,602,1.0,YES
108,141,0.9845794173993414,NO
109,42,0.9999967742475392,NO
110,42,0.9999940411233215,NO
111,85,0.9702679608261346,NO
112,69,0.9999967582304969,NO
113,471,0.9999945313856369,NO
114,106,0.999993709670438,NO
115,250,0.96986176673432,NO
116,162,0.9999999999998852,NO
117,24,0.9764735381400115,NO
118,56,0.9765764751476836,NO
119,51,0.9765177498352331,NO
120,22,0.9763560372677474,NO
121,24,0.976293809011,NO
122,492,1.0,YES
123,1624,1.0,YES
124,47,0.7198629800028389,NO
125,2258,1.0,YES
126,85,0.9571555073873158,NO
127,50,0.95674865406288,NO
128,44,0.9563532488317525,NO
129,52,0.9565537626977554,NO
130,41,0.956152826540762,NO
131,48,0.956152826540762,NO
132,213,0.9531152367469952,NO
133,543,1.0,YES
134,233,0.9476029860805972,NO
135,134,0.9448941687730751,NO
136,104,0.9999850934930771,NO
137,121,1.0,YES
138,39,0.999983708629834,NO
139,41,0.5367044889897017,NO
140,248,0.9999999999997746,YES
141,215,0.5315615228398604,NO
142,269,0.9999999484867752,NO
143,165,0.9283088180470673,NO
144,277,0.9999825335277044,NO
145,100,0.9252306595219213,NO
146,358,0.9999999458243275,NO
147,29,0.9999806047513011,NO
148,339,0.9999999446287425,NO
149,719,0.9999999485328636,NO
150,141,0.9999999999996863,NO
151,801,1.0,YES
152,69,0.8926868547977994,NO
153,77,0.397334337339042,NO
154,97,0.3977836476510353,NO
155,380,0.41234916574639335,NO
156,214,0.39764434100177304,NO
157,38,0.8894220527623333,NO
158,79,0.38726971144885525,NO
159,25,0.3856032094655733,NO
160,84,0.38721471584571454,NO
161,34,0.3826992857320449,NO
162,33,0.3826992857320449,NO
163,104,0.3855257360036696,NO
164,193,0.9998924950811495,YES
165,70,0.3795906667939648,NO
166,140,0.38125129831146437,NO
167,22,0.3756114193566588,NO
168,158,0.9999999779164231,YES
169,142,0.8856764893000089,NO
170,109,0.9999739328638022,NO
171,152,0.883702467378168,YES
172,31,0.3640836536833239,NO
173,344,0.8867458492226206,NO
174,60,0.8790037626043644,YES
175,85,0.8787280575519417,YES
176,78,0.8654622056880258,YES
177,880,0.8891484686977541,YES
178,64,0.8590740699481478,NO
179,199,0.8610119997317025,NO
180,264,0.8615818605562221,YES
181,155,0.999969418831516,NO
182,42,0.8527386741030603,NO
183,405,1.0,YES
184,248,0.3130587874106998,NO
185,541,1.0,NO
186,28,0.8204052879433493,NO
187,452,1.0,YES
188,474,1.0,NO
189,379,1.0,YES
190,83,0.9999574396992171,NO
191,393,1.0,NO
192,439,1.0,YES
193,248,1.0,NO
194,13253,1.0,NO
195,28,0.08880507924577982,NO
196,69,0.9988278660266924,NO
197,6303,0.9999970330205853,NO
198,116,0.9984769015630944,NO
199,100,0.9999999999999903,NO
200,46,0.9984127815792446,NO
201,226,0.060960076030780845,NO
202,79,0.960651949237619,NO
203,93,0.9994075562414235,NO
204,2156,1.0,YES
205,41,0.03576993228047245,NO
206,64,0.03591660645548998,NO
207,149,0.999996531040027,NO
208,334,0.9999999979905806,NO
209,114,0.9999999764159323,NO
210,66,0.033642108636471955,NO
211,38,0.03277605103084155,NO
212,46,0.9425561819390414,NO
213,101,0.0026246013962509186,NO
214,111,0.9427892672972636,NO
215,156,0.9796563560759206,NO
216,113,0.9999999754426296,NO
217,770,1.0,NO
218,392,0.9999999999745118,YES
219,314,0.01892732743300949,NO
220,139,0.9531713038891714,YES
221,59,0.017201181881660803,NO
222,78,0.017055619794688087,NO
223,49,0.9137770941013195,NO
224,511,1.0,NO
225,42,0.015476442166156146,NO
226,75,0.9999916715593593,NO
227,219,0.9999919426757101,NO
228,103,0.9999916011128777,NO
229,158,0.9999916999204089,NO
230,190,0.9960652033542038,NO
231,88,0.015047741871976984,NO
232,248,0.9960896439031811,NO
233,276,0.9960815147941532,NO
234,60,0.010663892019920415,NO
235,35,0.010589993557596728,NO
236,63,0.010604114478539652,NO
237,79,0.010552512976017666,NO
238,174,0.01069160029075035,NO
239,148,0.010591595000319148,NO
240,34,0.010160664570913285,NO
241,35,0.010143208322421899,NO
242,45,0.010143208322421899,NO
243,293,0.010651699478458648,NO
244,88,0.9104594298612134,YES
245,57,0.9999856311700911,NO
246,39,4.5092014542864254E-4,NO
247,57,4.540992017838915E-4,NO
248,277,0.9927189970189519,NO
249,468,0.006189574050173579,NO
250,75,0.005521415297281997,NO
251,666,4.986470246908158E-4,NO
252,53,0.9999928312570334,YES
253,145,0.005283409949334034,NO
254,396,1.0,YES
255,54,0.07194488694254295,NO
256,104,0.004598315654300705,NO
257,119,3.594086455260641E-4,NO
258,514,1.0,YES
259,152,0.02063069911957909,NO
260,95,0.004161130089541567,NO
261,415,0.004309638204918879,NO
262,131,3.10126079901479E-4,NO
263,45,0.0038463478665817755,NO
264,156,0.9903347530481581,NO
265,166,0.8160888078493059,YES
266,43,2.9400390683145073E-4,NO
267,74,0.811701869156761,YES
268,302,0.9999825422454794,NO
269,494,0.9907886352857996,NO
270,421,0.9904086172310765,NO
271,723,0.9911901911357026,NO
272,550,0.9903497896664384,NO
273,493,0.9898951561240201,NO
274,416,0.989506072185449,NO
275,359,0.0031618213601173643,NO
276,62,0.01552121423065466,NO
277,45,2.118485258136016E-4,NO
278,41,2.108500099293225E-4,NO
279,47,2.1023967363744124E-4,NO
280,55,2.1106953183165218E-4,NO
281,1456,0.004279168322348675,NO
282,187,0.9872539898782602,NO
283,163,1.9337760260644483E-4,NO
284,142,1.0,NO
285,73,0.986357948528927,NO
286,108,0.9999999999179644,YES
287,20,0.9857361977852159,NO
288,60,0.999999903109969,NO
289,84,0.9999999999106185,NO
290,82,0.9999999999999508,NO
291,86,1.0,YES
292,67,0.0021304545926062336,NO
293,20,0.9855692417377033,NO
294,60,0.9999865975166328,YES
295,88,0.9999999999117962,YES
296,47,0.9999864684310665,YES
297,76,0.9999864991313238,YES
298,21,0.9846893612653548,NO
299,53,0.0019249328503078568,NO
300,114,0.9999866617862732,YES
301,121,0.9999999999112578,YES
302,78,0.6847115418804723,YES
303,20,0.9844719045142083,NO
304,69,0.9845789854405582,NO
305,80,0.9845533033703602,NO
306,79,0.9999734213488116,NO
307,81,0.6833157811992497,YES
308,88,0.9999964867947242,YES
309,20,0.9843574761041676,NO
310,105,0.9999964754244719,YES
311,60,0.9999999999083671,YES
312,50,0.0018329427252765343,NO
313,28,0.0018201282429271594,NO
314,129,0.9999964767897844,YES
315,43,0.9841122866569973,NO
316,76,0.001813252514884604,NO
317,63,0.0018023167646287696,NO
318,65,0.9999728805660999,NO
319,76,0.9999858795048667,YES
320,45,0.0017704961114248072,NO
321,20,0.9838396532518916,NO
